130 128 125 127 128 125 126 127 127 126 126 127 129 132 135 137 137 137 139 142 143 145 147 147 148 147 151 151 151 151 152 151 150 148 144 142 142 143 142 142 143 141 143 145 145 146 148 147 147 149 152 154 154 151 148 146 144 145 146 147 149 149 149 152 152 150 150 151 151 152 154 155 153 155 157 156 158 158 156 159 161 161 164 164 162 164 167 167 165 161 159 158 158 157 152 147 142 137 134 131 130 132 131 127 124 120 116 118 118 121 118 121 120 124 129 130 131 131 131 130
134 133 130 128 128 127 127 127 128 129 129 130 130 132 136 138 138 139 141 144 146 147 149 149 150 150 153 153 153 152 151 152 153 153 150 145 144 147 149 150 149 146 148 149 149 151 153 153 152 153 155 158 159 156 152 150 149 149 150 152 154 153 153 155 156 154 154 154 153 153 156 157 156 158 159 158 159 158 158 160 161 162 166 167 167 170 170 168 165 160 160 161 161 160 155 151 146 141 137 135 136 135 132 128 126 123 122 124 125 125 125 126 125 131 132 132 132 132 132 131
134 135 135 132 128 129 129 129 130 131 132 133 133 135 137 138 138 142 143 145 148 147 149 151 151 152 153 153 154 153 153 154 153 154 155 152 149 151 155 156 154 151 150 149 151 154 156 157 158 158 159 162 164 161 156 154 152 152 153 156 158 157 156 158 159 157 156 157 156 155 157 159 159 160 159 159 160 158 158 161 160 161 166 169 170 173 171 168 165 161 162 163 164 165 160 155 149 143 139 139 140 137 135 132 129 127 126 128 129 127 128 128 130 134 134 134 134 133 132 131
134 135 137 136 133 132 131 132 133 133 134 135 135 136 137 136 138 142 144 146 150 148 149 152 153 153 154 153 153 152 153 154 154 154 156 156 153 154 157 158 157 156 155 154 154 156 157 158 162 163 162 163 166 163 159 156 154 154 156 158 159 160 158 159 161 159 159 160 160 157 158 160 162 162 160 159 161 159 157 163 163 163 170 172 174 175 171 168 166 164 167 168 168 167 162 157 152 147 144 144 142 141 140 136 132 130 129 132 132 130 129 131 134 136 137 136 134 133 132 132
136 136 137 138 138 135 134 136 136 135 135 136 136 137 137 136 139 142 145 149 151 149 150 153 155 154 153 153 152 153 152 153 155 154 156 156 156 157 159 160 158 157 158 159 158 159 161 161 163 166 164 164 166 166 161 158 157 157 159 161 162 162 161 161 163 163 163 164 162 159 158 161 163 165 162 160 163 162 161 168 170 172 176 178 178 178 174 172 172 172 174 174 173 171 166 160 155 151 150 148 145 143 141 137 134 135 135 136 134 132 131 134 136 138 138 137 135 134 133 132
137 138 138 139 141 139 138 139 138 137 137 138 139 138 136 137 140 143 147 151 151 152 153 154 155 154 154 153 153 152 150 151 153 153 155 155 156 159 160 161 160 158 160 162 162 164 164 161 162 166 166 166 167 167 164 162 160 159 161 163 164 164 164 164 166 167 167 167 165 162 161 163 166 167 164 163 168 169 170 175 178 180 181 181 180 181 180 178 179 178 176 175 174 173 168 162 159 155 152 149 146 143 144 140 137 138 137 136 134 132 132 136 138 140 140 138 138 137 134 133
139 140 139 140 142 140 140 141 139 139 139 139 140 137 135 138 139 143 148 151 153 154 156 156 155 154 153 153 152 150 146 148 149 151 155 155 156 160 162 163 162 162 164 166 166 166 166 162 160 164 168 168 169 168 164 162 161 161 164 165 166 166 166 168 170 172 170 169 168 166 166 166 168 168 167 169 174 175 176 179 181 182 181 180 181 183 182 180 180 178 176 175 173 170 167 163 161 156 151 148 146 146 145 142 137 135 133 132 132 132 134 136 138 141 141 138 138 137 135 134
141 141 141 142 142 140 140 140 139 138 139 138 138 134 134 136 138 143 149 153 155 156 158 157 156 154 152 152 151 148 144 145 144 147 151 154 156 159 161 162 162 163 164 166 168 166 165 164 159 162 168 168 168 169 165 162 163 163 165 166 166 167 169 170 173 174 173 173 171 170 169 169 170 172 173 176 179 180 179 179 178 178 177 178 180 180 179 177 178 177 175 173 171 167 166 164 160 156 151 148 147 146 143 138 135 132 129 128 130 132 133 135 137 139 139 137 136 135 134 133
141 141 141 142 142 140 138 137 136 135 134 133 131 127 128 131 135 139 146 151 154 157 158 157 156 155 153 151 149 146 143 141 141 143 145 149 153 156 159 161 162 163 164 166 168 166 164 163 161 163 166 167 167 169 168 164 164 165 165 165 166 167 168 170 173 175 174 173 171 171 170 171 173 174 175 178 179 180 179 175 172 171 170 173 175 175 174 175 176 176 173 170 168 167 166 163 159 154 151 147 145 143 141 137 133 131 129 129 130 130 130 134 138 139 139 138 137 137 136 134
141 142 142 141 140 137 135 133 129 126 124 121 120 118 120 123 128 134 141 147 151 156 158 156 156 155 153 151 147 144 141 138 137 139 140 144 148 152 157 161 163 163 165 167 167 166 165 164 163 163 165 165 166 168 168 164 163 164 166 165 166 166 168 171 173 175 174 171 170 172 173 173 175 175 175 178 179 181 179 172 167 165 166 169 171 172 172 173 174 174 171 167 165 166 165 161 156 152 149 145 141 139 138 136 132 129 128 130 131 130 127 129 136 140 140 140 140 140 138 136
141 141 141 138 135 132 129 125 119 114 111 107 106 106 108 112 117 124 132 139 143 148 151 151 152 152 152 149 147 144 141 136 133 134 136 140 144 148 154 158 161 163 164 166 166 165 165 164 164 165 165 164 165 166 166 163 162 163 165 166 167 167 169 172 173 175 173 171 170 172 174 174 176 176 175 179 181 183 179 169 161 158 160 164 166 167 169 170 172 170 167 165 165 165 163 158 153 150 147 143 138 135 132 129 125 125 128 131 129 126 124 126 132 138 140 141 141 141 139 136
141 140 138 135 132 128 123 116 111 106 102 97 94 95 97 101 105 110 118 125 132 137 140 142 145 147 147 145 143 142 139 135 132 132 133 138 141 145 151 154 157 160 162 165 167 165 163 163 163 164 164 163 164 164 162 161 160 161 163 164 166 167 168 170 171 173 171 169 167 170 173 173 175 176 175 178 180 182 177 165 155 153 156 160 163 164 165 167 167 166 164 165 164 163 159 154 149 148 145 140 135 130 125 120 118 120 124 129 128 125 124 128 133 137 138 140 142 141 139 136
140 138 135 130 126 122 116 108 105 102 100 93 89 90 91 93 96 100 107 113 119 125 127 130 135 138 139 138 137 137 136 134 131 131 132 136 138 142 146 150 153 156 158 162 164 163 161 160 161 162 163 163 163 161 159 158 159 158 159 161 163 165 166 168 169 171 169 166 164 167 170 171 173 173 174 176 177 179 173 160 153 151 154 158 161 162 163 164 164 164 163 163 161 157 152 147 144 143 142 136 128 120 115 111 107 109 113 120 126 127 127 131 135 137 137 140 142 141 139 137
137 136 131 124 120 115 109 104 102 101 100 96 92 91 89 90 90 93 96 100 105 111 115 117 121 125 127 129 130 130 131 131 129 129 130 132 134 137 141 145 148 150 153 156 157 157 157 158 158 158 159 160 161 159 156 156 158 156 156 159 161 163 164 166 166 167 165 162 160 163 166 167 169 170 172 173 174 174 169 159 153 151 153 157 159 160 161 162 162 161 160 158 155 152 147 145 144 140 135 129 121 114 108 103 99 99 103 110 118 123 127 131 135 136 137 139 141 140 139 137
135 132 125 117 112 106 102 101 103 104 104 102 100 96 92 91 89 89 91 93 95 98 102 104 108 112 115 118 119 121 123 124 124 126 126 127 129 131 136 140 141 143 145 148 150 151 152 155 156 155 156 158 159 158 155 154 156 154 154 156 160 162 163 164 163 163 161 157 155 157 160 162 164 166 168 168 168 169 165 159 154 151 151 153 156 156 157 158 156 154 151 149 146 144 142 140 138 134 128 122 118 114 108 103 100 97 98 101 108 114 120 126 130 133 135 136 138 139 138 137
133 128 121 113 106 103 102 102 105 108 108 107 105 101 96 94 92 91 91 91 92 93 92 93 96 100 103 106 107 110 112 114 116 118 119 121 124 126 130 134 135 136 138 139 143 145 145 150 151 151 153 156 157 157 154 151 151 151 152 154 159 160 161 161 160 160 158 152 151 153 156 158 159 161 162 162 163 165 163 159 154 150 148 148 149 149 150 150 146 143 138 134 131 131 129 127 124 124 124 120 118 117 113 109 106 101 98 98 101 105 111 119 125 129 132 134 136 137 137 136
130 125 119 112 106 105 107 106 109 112 112 111 111 107 102 100 100 99 96 93 91 90 88 89 89 90 92 94 95 97 99 101 104 106 109 112 115 117 122 125 125 127 129 130 134 136 137 143 146 147 151 154 154 154 151 147 146 148 150 152 157 159 159 160 158 158 154 149 148 149 151 152 152 153 154 154 157 159 159 157 152 146 141 139 138 138 140 138 130 125 121 118 115 114 113 113 112 114 117 118 120 121 120 118 115 111 109 104 100 102 106 111 118 125 130 133 135 137 137 137
128 123 119 115 111 109 110 110 113 115 115 114 112 107 104 103 102 101 100 97 93 89 85 83 83 82 82 83 84 85 88 89 90 92 95 98 100 104 110 114 115 117 119 122 125 128 131 136 141 143 147 150 150 149 147 144 143 146 149 151 155 155 156 159 157 155 150 145 143 142 144 145 145 145 145 144 146 150 151 147 144 137 131 128 126 123 122 117 110 106 104 103 102 104 106 107 107 109 111 114 116 118 121 124 125 122 121 116 109 107 109 113 118 124 130 134 137 138 137 136
124 121 119 115 113 113 114 115 117 117 119 119 117 111 109 108 106 105 103 101 97 91 83 80 79 78 77 77 78 78 80 81 81 81 82 82 85 89 93 99 102 106 109 112 116 120 123 129 135 138 142 144 144 144 143 141 141 144 148 149 151 152 153 157 157 153 146 140 136 136 137 137 136 135 134 133 133 136 136 132 131 124 116 112 106 101 97 93 89 87 86 89 90 92 97 100 102 103 104 106 109 114 119 125 127 124 123 121 117 115 115 117 121 125 131 135 137 138 137 136
121 119 118 117 116 117 119 120 121 120 120 123 121 117 115 113 110 107 104 103 100 94 87 82 80 78 75 75 75 74 74 74 75 75 73 73 75 77 81 86 91 97 100 103 108 112 115 121 127 132 136 138 139 140 140 139 139 142 145 146 148 149 151 155 155 150 143 135 130 130 130 129 126 123 121 119 117 117 117 116 114 108 99 92 83 77 74 71 69 68 69 73 79 84 90 95 98 101 100 102 109 116 122 129 131 129 126 126 123 121 121 122 126 129 133 136 138 138 138 137
121 118 118 118 120 122 122 122 122 120 118 118 120 118 115 112 110 107 105 104 102 99 94 86 82 79 77 77 76 75 73 71 71 70 69 69 71 72 75 79 82 89 93 95 99 103 107 113 120 126 130 132 134 135 135 135 136 139 141 141 143 144 146 150 151 146 139 130 124 122 120 117 113 108 106 103 101 100 99 96 92 86 81 76 70 66 62 60 61 63 65 70 77 83 90 97 98 101 104 108 113 117 123 129 131 131 131 131 128 126 126 126 127 129 132 136 138 139 140 139
120 118 117 116 118 120 119 118 119 117 115 115 113 113 115 116 113 109 107 105 103 102 98 93 88 84 81 80 78 76 74 71 70 68 67 68 70 72 74 77 80 84 88 90 93 96 100 106 113 119 123 125 128 129 130 131 133 136 138 138 139 140 141 145 146 141 134 126 119 114 110 107 102 96 94 92 88 87 84 82 77 75 74 71 66 63 60 61 64 68 71 75 81 88 95 102 106 109 112 117 119 121 127 130 130 130 135 136 133 131 132 130 129 131 133 135 138 140 140 140
118 117 117 115 114 114 113 115 117 115 115 114 113 113 114 114 113 112 113 110 108 106 104 101 95 90 85 82 80 77 75 74 72 71 70 69 70 72 75 77 80 82 84 86 88 91 94 100 107 113 116 119 121 123 124 127 130 133 135 135 135 136 137 140 142 137 130 121 113 107 102 98 94 90 88 84 80 79 77 76 76 76 75 71 66 64 65 66 69 71 75 80 86 94 102 110 121 127 129 132 135 137 136 132 131 133 137 136 135 134 135 135 134 135 136 138 139 140 139 138
117 116 114 112 110 110 111 113 116 116 116 117 116 116 116 117 117 118 120 118 116 115 112 107 102 96 93 90 88 85 82 79 77 75 74 73 73 74 77 79 80 81 82 83 84 86 89 95 102 107 110 113 115 116 118 121 125 129 131 132 132 133 134 136 137 133 125 115 105 99 95 91 88 84 82 79 77 77 76 76 77 76 74 70 67 67 69 71 73 76 82 89 96 104 117 128 136 140 143 142 139 140 139 136 136 140 140 135 133 133 133 132 131 132 134 136 138 138 138 138
115 113 112 111 110 111 111 113 116 118 119 121 122 124 127 127 128 129 130 128 127 125 121 116 111 107 104 102 99 94 89 86 84 81 79 78 77 78 79 79 78 79 80 80 81 82 84 89 96 101 104 106 108 110 112 116 120 124 128 130 131 133 133 133 134 130 120 110 101 94 91 88 85 83 81 79 77 76 76 75 75 75 73 70 70 72 75 78 82 88 96 103 111 121 131 138 141 142 143 145 145 145 146 146 144 142 137 134 133 133 132 131 131 132 134 135 135 136 137 137
113 112 111 111 111 111 112 114 117 120 122 124 126 131 134 136 138 139 140 139 137 134 131 126 121 118 117 115 111 105 100 95 92 88 86 83 82 81 80 79 77 78 78 78 78 79 80 85 90 95 99 102 104 106 109 112 117 121 126 129 131 133 133 131 130 126 117 108 99 93 90 88 86 84 81 79 76 75 74 74 75 76 76 74 77 82 86 90 97 104 111 118 126 134 139 141 143 147 149 153 158 159 154 147 142 137 134 132 132 130 130 131 132 132 132 132 132 134 136 137
112 110 109 110 110 111 114 117 118 121 123 125 129 134 138 143 146 147 147 148 145 143 140 137 133 131 130 129 126 120 114 109 104 99 95 92 89 86 83 80 78 77 77 76 77 78 79 83 87 91 94 98 102 105 108 111 116 120 125 129 132 133 132 129 127 123 116 109 101 94 90 88 86 83 82 80 79 77 77 77 78 79 79 81 86 93 98 105 112 120 127 133 138 143 146 149 151 155 160 163 163 160 154 148 144 138 134 130 126 127 129 130 130 130 130 131 132 134 136 137
110 109 109 109 109 111 114 117 118 120 123 125 129 134 139 146 150 152 153 153 151 149 147 146 144 142 143 142 141 137 131 126 120 114 109 104 100 95 89 85 82 81 79 79 79 80 81 83 85 89 92 95 98 103 107 111 116 121 125 129 132 133 132 129 126 123 118 112 105 97 92 89 87 85 84 83 82 82 82 82 82 82 83 86 92 98 106 114 122 130 137 142 146 150 153 157 160 163 167 170 167 163 159 155 150 143 136 130 129 130 130 130 129 129 130 131 132 133 134 136
110 109 109 109 110 111 113 115 118 120 121 124 129 134 140 147 152 154 156 157 155 154 152 151 151 150 151 151 152 150 147 143 138 131 126 121 115 108 101 96 91 87 84 82 82 83 84 85 86 88 91 94 98 103 109 113 119 124 128 131 134 134 133 129 126 124 120 115 108 100 94 91 90 89 88 87 87 87 88 88 88 87 89 92 98 105 114 122 130 136 142 146 150 154 157 161 165 169 172 174 173 168 162 157 151 145 140 135 132 130 128 128 127 128 129 129 130 131 133 135
111 110 109 110 110 111 112 114 117 119 120 123 128 133 139 147 152 155 158 157 156 155 154 153 153 153 153 155 157 158 157 154 151 145 139 134 128 122 115 107 101 95 90 87 86 86 87 87 88 89 92 97 101 107 113 119 124 129 131 134 136 137 135 131 128 126 122 116 110 103 98 95 93 92 91 91 91 93 94 95 95 95 98 102 109 116 123 130 136 140 145 148 152 155 158 162 167 173 176 175 173 167 160 155 151 147 144 139 133 130 127 126 126 126 126 127 128 130 133 135
112 111 110 110 111 112 112 113 115 116 117 121 126 131 137 144 149 153 156 156 154 153 152 152 151 151 152 154 157 160 161 160 160 155 150 144 138 132 124 117 110 103 97 94 91 90 89 90 90 92 96 101 106 113 119 125 129 132 134 137 140 142 141 137 133 131 125 119 114 109 104 100 97 95 94 94 95 96 98 99 101 102 106 112 119 125 130 136 140 143 145 148 150 153 157 161 167 172 175 174 171 166 160 154 149 145 141 138 133 130 128 127 125 125 125 126 129 131 133 135
112 111 110 110 110 111 110 110 112 113 114 118 122 127 133 140 145 149 152 152 150 149 148 148 149 149 150 152 155 159 162 163 164 162 157 151 144 138 130 123 116 110 104 99 95 93 91 92 93 96 100 106 112 118 124 129 132 135 138 141 146 148 148 146 141 137 131 125 121 117 111 104 98 96 96 96 97 98 100 102 105 107 111 117 123 128 132 136 138 139 140 143 146 148 151 156 163 169 171 172 168 162 156 150 145 142 138 135 132 129 128 128 127 126 126 127 129 131 134 136
112 110 109 108 107 107 106 106 107 107 108 111 114 118 123 128 134 137 140 140 137 136 136 136 138 140 142 146 150 155 160 163 164 162 158 154 148 141 133 125 119 113 107 102 97 94 92 92 95 99 105 111 117 123 129 133 137 141 144 149 153 156 158 157 152 147 140 134 130 124 115 104 99 96 95 95 96 98 101 104 107 110 115 119 123 127 130 132 132 132 133 136 139 141 145 150 156 161 164 165 163 157 151 144 140 137 134 132 130 128 128 128 128 127 127 128 130 132 135 137
112 110 108 106 105 104 102 100 100 99 99 101 102 105 112 117 122 127 130 130 129 129 128 127 128 129 130 132 137 142 149 155 158 158 157 153 148 141 133 125 119 113 107 103 98 95 93 93 97 102 108 115 121 127 135 141 146 150 153 157 162 166 169 168 162 157 151 143 136 128 117 106 100 95 92 92 93 95 100 104 107 110 114 117 120 122 124 125 126 127 129 132 134 138 143 149 154 158 160 159 157 152 146 139 134 131 129 128 127 126 127 127 127 127 128 129 131 133 136 139
112 109 107 104 102 99 95 93 91 91 91 95 98 104 111 118 126 131 134 133 132 131 130 130 128 126 125 127 130 134 139 144 146 149 148 147 143 138 131 124 117 112 107 103 99 96 93 94 98 104 112 119 125 132 141 149 155 160 163 168 172 177 181 179 172 168 160 152 144 135 124 112 102 93 89 88 90 93 97 100 104 107 110 113 115 118 121 124 126 128 129 131 132 135 141 150 157 163 164 162 158 152 144 137 132 128 125 123 123 122 123 124 124 126 128 130 133 134 137 140
112 108 105 102 98 94 89 86 85 86 88 92 96 100 108 113 117 118 120 118 116 115 113 112 113 114 114 116 122 125 129 131 130 131 132 132 132 131 128 122 117 111 107 103 99 95 93 95 101 109 116 124 130 138 148 157 164 167 170 176 183 190 193 188 180 174 168 161 153 143 131 117 102 91 86 85 87 90 94 97 100 103 107 110 113 116 117 117 117 117 115 116 115 116 121 130 137 149 154 153 150 143 136 130 127 123 119 117 116 116 117 118 120 123 127 131 134 136 139 142
110 106 101 96 91 86 81 79 79 79 79 81 82 83 89 92 93 92 91 90 88 85 83 83 84 86 86 88 94 97 102 105 105 107 108 110 113 117 123 121 118 113 109 105 99 94 93 98 107 115 123 130 136 145 153 164 171 172 176 183 192 199 200 193 186 181 177 171 161 151 139 123 105 92 86 84 86 89 93 96 101 104 104 102 99 96 90 83 80 76 73 76 75 74 76 81 84 96 103 108 109 108 107 105 106 105 103 105 105 106 107 110 113 118 124 129 134 138 142 145
110 103 96 89 83 77 72 70 69 67 66 67 66 64 66 65 64 61 59 56 50 46 45 43 46 48 47 47 53 56 62 70 75 79 80 83 88 96 108 114 117 116 112 108 101 95 95 102 113 122 129 136 142 150 157 168 175 178 182 189 197 205 205 198 192 188 184 177 168 159 147 131 113 96 88 85 87 91 95 99 102 99 90 78 68 60 51 43 39 37 35 38 38 37 38 42 44 48 54 61 66 69 73 75 79 81 82 86 90 92 95 99 105 111 120 127 134 140 145 148
113 105 97 90 83 78 74 71 67 61 57 54 51 49 49 49 49 50 47 38 31 27 26 24 24 25 24 23 25 26 31 40 54 67 69 68 68 72 84 99 111 118 117 112 106 99 100 108 119 128 135 140 145 153 160 170 178 182 186 191 199 207 208 202 197 192 187 181 174 165 152 138 121 103 91 88 92 97 100 101 93 76 58 49 47 44 36 29 26 24 23 24 25 24 25 27 28 29 38 49 54 55 56 58 62 65 66 70 74 78 84 91 98 106 116 126 135 142 148 153
122 115 108 102 97 94 92 87 80 72 65 58 54 52 52 55 58 61 55 39 28 25 24 22 21 22 21 21 23 26 28 41 69 89 87 73 62 56 61 77 98 117 122 120 112 105 107 116 126 134 138 141 146 153 161 172 180 184 188 193 200 206 208 203 198 191 187 182 177 168 157 146 130 112 98 94 99 105 103 91 69 49 40 45 56 57 42 32 28 24 23 22 23 24 24 25 26 27 44 64 68 64 62 59 58 61 64 67 71 75 81 88 97 106 117 128 139 147 153 157
134 128 123 118 116 112 108 101 92 81 73 65 60 60 61 65 69 71 64 46 32 28 26 24 22 22 22 23 26 30 33 53 97 122 112 91 67 49 47 62 84 109 123 124 116 108 113 123 131 136 139 141 144 152 161 172 181 186 189 192 198 203 204 200 194 188 185 181 175 170 163 152 137 118 105 103 109 109 96 71 49 40 46 59 75 74 53 37 32 28 24 23 23 24 25 26 26 33 58 81 83 77 75 72 70 73 77 78 83 88 93 99 107 116 125 135 145 152 157 160
144 139 134 129 126 122 117 108 98 87 80 73 69 70 69 74 81 80 75 59 39 30 28 27 25 25 25 27 29 32 38 68 117 137 124 100 74 53 48 57 74 100 119 123 115 109 116 126 133 136 138 140 144 150 159 170 180 185 186 188 194 198 199 195 188 184 182 179 174 172 168 159 144 127 114 112 114 107 86 61 49 49 57 72 87 89 68 45 37 33 28 25 25 25 27 27 29 45 75 95 96 88 81 78 80 85 89 92 98 107 114 118 124 130 137 145 151 157 161 162
150 146 141 135 131 127 122 115 104 97 90 84 82 84 85 90 95 92 88 76 54 39 32 31 29 28 29 31 32 37 53 90 124 127 113 94 77 68 67 74 83 101 118 120 114 112 120 129 132 134 136 138 141 146 155 168 178 182 181 184 190 193 194 190 183 181 180 177 173 173 170 161 148 134 122 116 113 104 87 71 65 67 75 83 94 98 86 60 42 37 33 29 28 28 29 29 39 63 90 108 106 97 91 93 94 96 99 103 111 121 128 132 137 142 147 153 158 162 165 165
153 150 146 140 136 131 127 121 114 107 99 98 100 101 107 112 109 106 103 97 80 60 44 37 34 33 33 36 39 51 75 101 111 109 105 100 96 96 99 102 106 113 119 117 114 116 124 129 130 132 133 135 138 144 155 166 175 177 177 180 187 191 192 188 183 180 178 175 172 171 169 161 153 144 130 121 116 111 101 94 90 90 94 96 100 101 96 80 60 47 40 36 34 34 36 45 68 92 109 118 117 116 114 111 107 104 109 115 122 131 136 141 147 151 156 161 164 166 168 168
155 152 150 145 141 136 131 125 119 113 109 109 112 118 127 135 135 131 124 116 105 90 74 61 50 48 52 59 67 82 96 105 108 113 117 117 118 118 119 119 120 121 120 118 119 122 127 128 129 131 132 134 137 144 152 161 168 172 173 176 183 189 192 189 183 179 175 171 169 168 167 163 160 152 139 128 121 117 113 108 106 106 107 108 107 106 105 101 90 77 66 56 55 57 67 84 106 118 129 137 138 135 130 123 117 114 117 124 130 137 143 148 154 159 163 168 170 171 172 171
158 155 153 149 146 141 136 129 123 118 115 114 114 119 130 141 148 149 141 133 123 111 102 93 84 83 86 93 97 102 105 110 116 123 124 124 125 124 123 123 122 121 119 120 124 128 129 129 132 133 132 133 137 143 152 160 164 167 170 174 182 190 191 186 179 176 173 169 168 166 167 166 165 161 151 137 126 120 116 111 110 110 109 109 109 110 110 110 106 101 95 91 92 98 109 119 130 143 148 144 142 138 133 131 127 125 127 131 136 143 149 153 158 164 168 171 173 174 174 172
157 155 154 151 149 144 140 134 129 122 118 116 114 117 128 135 140 141 136 132 123 113 108 104 101 100 102 104 103 103 106 112 115 117 118 120 122 121 121 122 121 121 122 124 128 131 132 132 132 131 130 133 139 147 155 161 165 166 169 173 182 189 188 182 177 176 175 173 171 168 167 167 168 167 163 148 133 122 114 110 108 107 107 107 106 106 107 106 105 104 106 108 110 117 126 132 136 142 146 144 141 136 132 131 131 132 134 138 143 148 153 158 163 168 172 174 175 175 175 173
154 155 156 154 153 149 145 141 136 130 123 118 115 114 117 122 125 123 122 122 119 115 111 108 105 104 104 103 103 104 105 107 109 110 113 117 119 119 119 121 121 123 126 128 131 133 133 132 131 129 131 137 145 152 158 162 167 169 170 173 180 187 185 181 179 178 177 175 172 169 167 167 168 168 167 157 142 128 118 113 110 107 106 105 103 102 101 100 100 100 104 109 113 118 124 129 134 138 141 142 139 135 132 132 134 137 142 146 149 153 158 164 167 171 174 176 175 175 175 173
155 158 159 158 157 153 151 148 143 138 132 123 118 114 112 111 111 110 110 111 110 109 107 105 104 101 100 98 98 100 101 103 106 109 113 116 118 118 120 121 123 126 129 132 133 134 132 131 130 130 134 141 148 153 159 165 168 169 170 174 181 188 186 184 183 180 179 175 171 168 165 165 166 168 168 161 149 136 127 120 114 110 108 106 104 102 99 96 96 97 99 103 108 113 119 125 128 133 135 133 133 133 131 133 138 143 148 151 154 159 164 169 172 174 175 176 176 175 174 173
160 162 162 162 160 158 157 154 151 147 142 135 129 123 118 113 109 106 103 101 100 99 98 97 96 96 96 97 98 101 104 106 109 112 114 116 117 119 123 126 129 132 134 134 133 132 132 132 132 133 136 142 148 154 160 165 168 168 170 175 182 188 188 185 183 180 179 175 171 167 164 163 165 166 167 163 155 146 138 131 123 118 113 110 108 106 103 100 98 97 97 99 102 105 110 114 118 120 123 124 127 130 133 139 145 150 154 158 161 166 171 175 177 179 179 178 178 178 176 174
163 164 165 165 163 162 161 158 156 154 152 146 141 136 130 124 118 114 110 105 103 101 101 102 101 102 105 107 108 110 112 112 114 115 115 117 120 124 129 133 136 138 138 134 131 132 134 134 133 133 137 143 149 157 164 167 167 168 170 175 182 187 186 185 183 180 178 175 170 168 164 163 164 166 166 165 160 154 149 143 134 127 121 117 114 110 108 105 104 104 103 103 104 105 107 109 113 116 120 124 129 135 141 148 153 158 163 167 169 172 177 180 182 183 183 182 181 179 178 176
167 168 168 167 166 166 164 161 160 159 158 155 152 148 143 138 133 128 124 120 118 115 115 116 116 117 119 119 118 119 118 117 117 117 118 122 127 131 136 141 142 141 139 135 134 135 135 134 133 135 140 146 153 162 168 169 168 169 171 175 182 187 186 185 184 181 180 177 173 169 166 164 165 166 167 168 168 165 161 155 146 139 133 126 121 115 112 111 112 113 113 114 114 115 116 117 120 122 128 133 139 146 152 159 163 168 172 174 177 180 183 185 187 187 187 185 184 182 180 178
169 169 168 168 168 168 166 164 164 164 162 161 159 154 150 146 143 140 137 135 133 131 129 129 128 127 126 124 122 122 120 119 119 121 124 129 134 138 143 146 146 144 141 138 137 137 135 134 134 138 145 152 159 166 170 170 170 170 173 177 181 186 188 185 184 182 181 178 175 171 168 167 167 168 170 173 175 173 170 163 157 151 145 137 130 124 121 120 120 121 122 125 126 128 129 130 133 136 140 145 151 157 162 168 173 178 181 183 185 188 189 189 191 191 190 187 186 183 181 179
169 167 167 169 170 171 169 169 170 168 167 165 162 158 155 152 150 149 147 145 143 140 137 134 133 131 128 126 124 123 123 123 125 129 134 138 142 145 147 148 148 145 143 141 139 137 135 135 138 142 149 156 160 163 167 168 169 170 173 177 182 189 190 186 184 183 181 179 177 174 172 171 170 171 173 175 177 177 174 171 168 162 154 147 141 135 133 130 129 128 130 133 135 137 139 142 144 146 150 155 161 166 172 177 182 186 189 189 191 194 194 195 196 195 194 191 188 185 183 181
169 168 170 171 174 177 176 176 175 173 171 169 166 162 158 156 154 153 152 149 146 143 139 135 132 129 126 125 124 126 128 132 136 140 143 146 147 149 149 149 148 145 143 143 140 137 136 137 141 145 150 154 156 161 165 165 166 169 172 179 187 192 191 187 184 183 182 180 180 178 176 175 173 172 173 174 178 181 180 179 177 169 162 156 150 147 144 139 137 136 137 139 141 143 145 148 150 153 157 163 169 173 178 183 188 191 192 194 196 197 198 200 200 198 197 195 192 189 185 183
171 172 175 176 178 180 180 180 179 177 176 173 170 166 162 159 156 154 152 148 145 141 137 134 132 129 128 129 131 134 139 143 146 148 149 149 150 150 151 151 150 146 143 142 139 137 136 138 142 144 146 149 155 161 161 155 160 168 173 183 190 192 191 188 184 184 184 182 181 180 178 177 175 173 172 174 178 184 185 182 178 172 168 164 158 156 152 147 146 145 145 144 145 146 148 151 154 159 164 170 175 178 182 186 191 194 194 196 200 201 202 203 204 203 201 198 195 191 187 184
173 175 178 178 179 181 182 183 182 181 180 177 174 170 166 162 159 155 151 148 145 142 140 138 137 137 138 141 144 148 149 150 150 150 150 151 154 155 154 154 151 147 144 141 138 137 137 138 140 141 144 150 156 156 152 150 159 170 176 183 188 192 193 191 186 185 184 182 181 179 179 179 177 174 173 175 178 182 184 182 179 175 172 168 164 163 159 155 154 154 153 151 151 153 154 155 160 165 170 176 180 183 186 190 194 197 199 200 203 206 207 206 206 205 203 198 194 192 189 185
175 177 179 180 180 183 186 186 186 186 185 183 180 176 171 167 163 160 158 155 152 151 149 149 147 147 151 153 153 153 153 152 153 153 154 155 158 159 156 153 150 146 142 140 138 138 137 137 138 139 145 152 153 148 151 158 164 171 177 184 191 195 193 190 185 183 182 180 179 180 180 180 177 175 175 177 179 181 184 183 181 175 171 171 168 166 163 162 162 163 162 161 162 163 163 164 167 172 177 181 184 185 188 190 194 197 201 204 207 209 210 209 207 205 202 199 196 193 189 186
176 178 180 180 182 185 188 189 190 190 189 186 184 180 175 173 172 170 168 166 164 162 159 158 158 158 160 160 157 156 156 157 157 157 158 158 158 158 157 153 150 146 142 140 139 138 136 135 135 138 144 150 152 151 155 162 167 171 177 185 190 193 191 187 184 181 180 180 180 181 181 180 177 176 177 179 179 181 184 182 179 174 171 172 170 167 165 164 166 168 169 170 171 172 172 173 175 178 182 184 185 186 188 190 193 197 202 208 210 211 211 210 209 206 202 200 196 193 189 187
174 177 177 180 185 188 187 188 189 190 188 186 185 180 174 176 177 175 174 172 171 169 165 163 164 164 164 162 160 160 160 160 159 158 158 156 156 156 155 152 149 145 142 140 138 136 134 133 133 136 143 149 155 157 160 165 170 174 178 184 187 189 189 186 184 182 181 180 180 181 180 179 178 178 177 178 178 180 184 181 177 174 176 175 171 167 166 167 169 171 173 176 177 177 178 178 179 179 180 182 184 186 188 191 193 198 203 208 210 209 207 209 211 209 205 201 197 195 191 187
171 174 173 178 184 185 182 183 186 188 186 181 179 176 173 176 179 176 173 171 170 169 167 165 164 164 165 163 162 161 160 159 159 158 156 154 153 152 150 148 146 143 140 138 137 135 132 130 131 135 142 148 153 159 165 170 171 174 177 182 185 187 186 184 183 181 180 179 179 179 178 178 178 176 176 177 178 181 182 179 177 176 177 176 172 169 168 170 172 174 177 179 180 181 183 181 178 177 180 183 185 188 191 194 197 199 202 206 207 208 207 208 211 209 207 203 200 198 191 184
170 173 172 176 180 180 180 184 187 189 187 182 181 180 179 180 178 175 172 170 171 169 165 162 161 163 164 161 159 158 159 159 157 155 152 150 150 150 149 146 142 140 137 136 135 133 131 130 132 136 142 146 152 160 167 171 172 174 175 177 182 184 183 182 182 179 178 177 177 178 178 177 177 175 175 176 177 178 179 179 180 180 179 177 174 173 173 174 176 178 180 181 181 181 181 179 177 177 182 185 187 190 192 195 197 199 201 204 207 210 210 209 209 207 206 204 199 196 190 184
171 175 175 177 180 182 183 183 184 186 187 185 184 183 182 179 175 175 175 174 172 169 166 165 164 164 163 160 157 159 160 158 154 151 148 149 150 149 147 143 139 137 135 135 134 132 131 131 133 135 139 145 152 160 166 169 172 173 174 175 177 178 179 180 179 178 176 175 176 176 177 177 176 176 175 174 175 176 177 178 179 180 180 179 177 177 177 177 178 178 179 179 179 180 180 180 180 183 187 189 190 192 194 196 196 198 201 205 209 212 212 211 210 207 205 203 198 194 190 185
172 176 177 178 182 183 182 180 180 180 180 182 182 179 180 178 176 177 176 175 173 171 169 169 168 164 163 162 161 162 159 154 151 148 147 149 149 147 144 140 137 136 134 133 132 131 131 131 132 134 139 145 151 158 164 168 170 170 171 174 175 175 177 179 178 176 175 173 173 174 175 175 175 174 172 172 174 175 176 177 179 179 178 178 177 177 176 176 177 175 175 178 179 183 185 185 186 187 190 192 194 194 195 197 197 198 201 205 210 213 213 213 210 207 204 200 197 193 189 184
170 175 177 177 180 181 179 178 178 179 178 180 181 179 179 178 177 175 174 176 177 175 172 171 170 167 168 167 164 160 154 149 147 145 145 146 144 141 140 137 134 134 132 131 130 130 130 131 132 135 138 144 151 157 161 166 167 168 169 171 174 175 175 177 176 174 174 172 172 172 173 173 173 172 171 171 173 174 175 177 179 178 174 172 171 171 172 175 176 174 175 179 184 186 188 189 189 190 191 193 194 195 195 194 195 198 202 206 210 212 212 211 209 206 203 198 195 192 187 182
170 173 175 176 179 180 180 180 180 180 180 179 181 181 178 177 178 178 179 181 180 178 175 174 173 172 171 167 162 156 150 145 145 145 142 141 138 136 136 133 131 131 130 129 129 129 130 131 132 134 137 142 149 155 161 164 165 166 167 170 174 175 173 175 175 175 175 173 171 171 171 171 171 170 170 171 172 174 174 174 173 171 167 166 167 168 171 173 174 176 178 182 188 191 192 194 194 193 196 198 198 196 194 193 195 199 202 205 208 211 211 207 203 201 201 198 193 190 186 181
170 172 174 177 180 181 181 181 179 179 180 180 181 182 181 179 180 182 184 184 181 178 176 176 175 174 170 163 157 153 148 143 143 142 137 134 133 132 131 129 128 127 127 126 127 128 129 130 131 133 137 143 148 155 160 163 163 164 167 171 174 174 173 176 177 177 177 174 171 170 170 171 169 167 167 169 169 170 170 169 166 162 161 163 165 168 171 173 173 176 179 185 192 194 196 199 198 198 198 198 198 196 194 197 198 202 205 207 206 207 207 205 201 199 199 195 190 186 184 182
169 172 175 178 181 183 182 182 182 183 184 184 185 185 184 183 181 180 182 182 180 178 176 175 173 172 169 163 156 152 150 146 140 137 133 129 127 127 125 124 124 124 123 123 124 126 127 129 131 135 140 144 150 155 158 160 161 163 168 173 175 175 175 178 181 179 176 173 171 168 168 168 165 162 162 163 163 164 163 162 159 157 159 161 163 166 168 170 172 176 180 186 192 194 197 201 200 199 197 198 199 199 199 201 203 206 207 206 204 203 203 202 202 200 196 193 189 186 184 182
170 173 176 178 181 183 183 185 188 190 190 190 191 187 184 182 179 179 183 182 180 180 178 174 170 169 167 163 157 152 149 143 135 131 128 124 121 120 118 118 119 118 118 119 120 123 125 128 132 136 141 145 150 155 158 160 160 162 167 173 175 177 178 180 182 180 176 172 170 167 166 165 160 157 155 156 156 155 154 152 152 153 156 157 160 161 162 165 170 176 180 184 190 192 196 199 196 193 193 198 202 203 203 206 208 208 207 206 203 203 201 198 199 198 194 190 187 184 181 180
169 174 177 179 182 183 183 185 189 191 190 191 191 186 182 181 180 182 188 185 182 178 174 172 169 168 165 159 154 147 142 137 130 125 121 117 113 112 110 111 114 113 112 114 117 120 124 129 134 137 140 143 149 156 160 160 159 163 169 174 176 178 179 180 180 177 173 170 170 169 166 162 156 151 149 148 147 147 145 144 144 147 152 153 155 156 157 161 167 172 175 178 186 190 193 195 193 190 193 197 202 204 206 209 209 208 207 206 204 202 200 198 195 194 191 187 183 179 177 177
169 174 178 179 181 183 183 185 187 190 189 188 189 187 183 184 182 185 188 186 181 176 173 172 170 165 159 153 148 142 135 130 125 119 112 107 105 104 104 106 110 110 109 112 115 119 125 130 135 137 137 144 153 159 160 159 160 164 171 176 179 182 184 184 181 177 174 172 171 169 165 160 153 148 145 142 141 140 139 138 138 140 142 146 150 153 154 156 162 167 169 175 182 186 189 191 190 190 193 197 201 203 205 207 206 206 206 206 204 202 200 198 195 191 186 183 177 172 172 174
167 171 175 178 181 184 185 184 184 187 188 187 187 186 184 183 182 186 187 183 179 176 173 171 166 159 154 149 144 139 132 126 119 111 103 100 98 98 99 103 107 108 109 111 115 119 125 130 134 136 137 147 157 162 161 161 163 166 172 177 181 184 185 186 186 181 178 175 172 170 166 160 153 147 143 139 137 135 135 135 135 135 136 139 141 145 148 152 158 163 166 173 176 179 184 187 190 191 192 194 196 198 200 203 203 204 204 204 203 201 200 197 194 190 183 176 171 170 171 172
163 167 173 178 181 183 183 183 183 186 186 186 185 180 180 181 181 184 184 181 179 175 172 168 162 156 153 149 143 137 130 121 112 104 96 93 91 92 95 102 108 110 111 113 117 121 126 130 132 129 129 145 158 163 165 166 167 168 172 176 180 186 190 193 193 187 182 178 174 170 167 163 156 148 142 140 139 136 134 132 131 130 130 133 134 136 140 146 151 154 158 167 171 176 182 185 188 189 189 190 191 194 197 198 198 198 198 200 200 199 199 196 192 187 180 175 172 171 171 170
160 164 170 174 176 177 177 177 179 180 179 180 179 175 177 180 179 180 179 178 177 174 168 164 158 152 148 143 137 131 122 112 103 95 89 86 85 88 96 106 111 112 112 114 118 123 127 127 124 123 132 152 165 172 171 170 170 169 172 177 184 194 201 203 202 199 192 186 179 171 167 163 157 149 144 142 142 140 136 131 129 126 123 125 128 131 136 141 146 148 153 162 167 174 181 183 186 187 188 189 189 191 193 192 192 192 191 195 196 196 196 194 191 186 180 177 174 171 169 169
155 160 164 168 170 169 166 168 172 173 173 176 178 177 179 179 176 175 174 175 175 172 165 160 153 146 141 135 129 123 114 104 94 87 82 79 81 89 102 113 114 113 112 116 122 126 127 120 120 132 150 166 176 180 177 173 169 167 171 180 192 203 209 213 214 212 203 190 179 172 169 165 158 152 149 147 145 142 139 133 128 123 118 119 122 126 131 135 140 144 150 159 163 169 177 182 184 185 186 188 186 187 188 189 189 188 189 191 194 194 192 190 187 184 180 177 174 170 169 168
153 156 160 162 162 161 161 165 168 170 172 177 180 180 179 177 174 173 172 172 171 167 161 155 149 141 134 128 121 114 106 96 88 82 77 75 81 92 107 116 115 114 116 121 126 128 126 122 129 143 155 169 176 180 178 171 165 163 169 180 192 205 215 224 224 218 205 185 173 169 168 166 161 158 155 154 152 147 142 137 129 122 116 115 118 122 127 132 136 140 146 155 160 167 173 179 183 186 187 187 186 186 187 186 187 188 189 190 191 191 189 186 183 180 177 175 172 170 168 167
152 154 156 158 159 160 163 166 168 168 171 176 178 177 177 175 172 171 170 168 164 158 154 149 144 135 127 121 114 106 98 90 82 77 73 74 83 97 111 118 116 117 123 128 130 130 128 130 138 147 154 161 166 171 170 163 160 161 167 178 190 204 216 224 223 211 194 177 169 166 167 166 165 166 163 161 159 153 147 141 132 122 114 111 115 118 122 128 132 137 142 149 155 161 168 175 181 185 186 186 186 186 185 185 187 188 188 188 188 187 185 181 177 175 173 172 170 169 167 165
151 153 154 156 158 161 165 167 168 168 170 173 175 175 174 171 169 168 166 164 159 152 152 148 139 131 123 116 108 100 92 84 78 73 70 75 87 102 114 118 119 123 129 131 131 132 131 132 136 141 145 149 155 159 157 153 154 158 163 172 184 197 205 211 206 191 177 167 161 161 162 163 167 170 171 169 166 159 151 144 133 121 113 110 111 114 118 123 128 133 138 143 148 154 161 167 175 180 183 184 184 181 179 181 184 185 185 185 184 182 180 177 173 171 170 169 168 166 164 163
148 150 151 153 155 159 163 165 165 166 168 170 171 170 169 166 166 166 163 160 157 153 151 146 137 130 121 111 101 93 86 80 74 69 69 78 91 105 115 120 122 126 129 129 129 128 127 127 127 128 131 136 141 141 141 142 147 152 157 164 175 184 188 188 182 171 162 156 153 154 156 159 165 169 172 172 168 162 154 146 134 121 113 108 108 110 114 119 124 128 134 139 144 151 158 165 173 177 179 180 180 176 175 176 177 179 181 182 181 178 175 172 170 168 167 166 165 164 161 160
145 146 147 150 152 156 158 161 162 163 165 166 166 165 166 165 164 164 161 158 156 151 145 140 135 125 114 105 95 87 82 77 71 68 71 81 94 106 115 120 121 123 123 122 122 120 118 118 117 117 120 123 125 126 131 134 139 145 149 156 162 168 170 168 162 156 148 143 144 146 147 151 157 161 164 165 161 158 153 146 135 121 113 107 106 108 110 114 119 124 131 137 143 150 156 162 169 173 175 175 174 172 174 174 174 175 176 176 176 174 171 169 167 166 165 164 163 161 159 156
143 143 143 147 150 153 155 157 159 159 160 161 162 162 164 165 163 161 159 154 149 144 139 136 130 120 109 101 92 85 79 73 69 69 74 85 96 106 114 117 116 115 112 110 109 107 106 106 105 105 106 107 110 113 118 123 129 135 142 147 150 152 151 149 146 142 138 136 135 133 134 138 141 144 148 150 149 150 149 145 134 123 116 110 107 106 107 110 116 121 128 134 140 147 153 160 166 170 173 174 173 172 172 173 173 172 172 172 171 169 168 167 165 164 163 163 161 159 156 153
142 142 141 145 149 151 152 155 157 157 158 158 159 160 161 162 160 155 152 147 143 140 138 133 126 117 107 98 90 83 77 71 69 71 78 90 100 106 111 111 108 104 100 96 93 90 90 91 91 92 94 95 98 102 107 113 120 127 132 135 136 137 136 135 132 130 130 128 122 120 118 116 115 116 125 130 133 138 142 141 132 124 121 115 109 107 107 108 114 118 124 131 136 143 150 156 162 166 171 174 174 173 172 171 172 171 170 169 168 167 166 164 164 162 161 160 158 156 153 151
141 141 141 143 146 148 150 153 155 156 156 156 156 156 156 155 153 150 147 145 143 140 137 131 123 115 106 96 88 81 75 70 70 74 83 93 102 106 106 103 99 93 86 79 73 68 70 75 76 77 80 84 89 93 97 104 110 116 120 122 123 123 124 124 123 123 122 116 104 95 89 84 81 82 91 102 113 124 133 135 129 127 128 124 115 111 109 109 113 116 121 126 133 139 146 152 157 163 168 171 173 174 173 172 171 170 169 167 166 165 164 163 162 160 159 158 155 152 149 147
140 139 139 142 144 145 148 151 154 154 154 154 154 154 153 152 150 149 147 145 143 138 133 127 120 112 104 95 86 79 74 71 73 80 89 97 103 104 102 96 88 78 66 56 50 47 49 54 58 62 67 73 79 85 89 95 99 104 107 108 110 111 113 115 118 119 112 97 80 70 65 63 62 63 67 78 94 110 122 127 128 133 136 132 123 116 112 111 112 115 120 125 131 138 143 148 155 162 166 168 171 173 173 172 171 170 169 167 165 164 162 162 160 158 157 156 153 149 146 144
137 137 137 140 142 144 147 149 151 152 153 153 153 152 152 151 149 147 145 143 140 136 131 126 119 111 104 95 86 80 75 74 78 87 95 102 106 105 100 90 77 64 51 43 40 39 40 45 50 53 59 66 73 78 81 85 88 92 94 97 99 102 105 109 113 109 98 86 76 72 69 64 59 58 61 69 84 100 114 126 136 144 145 140 132 125 118 115 115 117 120 125 130 136 140 144 151 159 163 166 169 171 172 172 171 170 169 168 166 164 162 160 159 157 156 154 151 148 145 143
135 135 136 139 142 144 146 148 149 151 153 153 153 152 150 149 147 145 143 141 138 134 129 124 119 111 105 97 89 84 80 80 85 93 102 109 110 108 101 88 74 61 50 42 39 38 40 44 50 56 65 71 74 76 77 78 78 80 82 85 89 93 98 105 109 107 104 100 95 92 85 74 64 59 60 67 81 99 116 132 145 152 151 148 141 134 126 121 119 120 122 126 131 135 139 143 151 156 161 164 168 170 171 171 171 170 168 166 165 163 162 160 158 156 154 152 149 146 144 142
134 135 137 140 141 143 145 146 148 150 153 152 152 151 149 147 146 143 141 138 136 132 127 123 119 113 108 101 93 88 85 88 94 103 111 117 116 111 104 92 77 65 55 47 44 45 47 51 58 66 74 76 75 74 73 72 72 73 74 76 80 86 95 105 112 114 116 115 110 102 91 80 71 66 65 73 87 107 126 140 152 156 158 157 151 145 137 130 126 126 127 130 134 136 140 145 150 155 159 164 167 169 169 169 168 168 167 166 165 163 161 159 157 155 152 150 146 144 142 141
135 136 137 139 140 142 143 145 147 148 150 150 149 148 147 145 143 141 138 135 134 131 128 124 121 116 111 105 98 93 92 97 104 113 121 125 122 117 110 99 86 76 66 58 55 54 55 61 67 71 74 75 74 72 72 71 70 69 69 71 75 84 96 108 117 122 125 125 117 106 96 87 80 76 78 87 103 121 138 150 159 161 162 163 159 153 146 140 135 133 132 134 137 140 143 147 152 156 160 163 166 167 167 166 166 167 167 166 164 162 160 158 156 153 151 148 145 142 141 140
135 135 136 137 139 140 141 143 144 146 148 147 147 146 145 144 141 138 135 133 132 131 128 126 123 119 114 108 102 100 101 108 115 122 128 131 128 124 117 108 98 89 78 70 66 64 63 67 71 74 76 77 76 77 78 76 73 71 69 71 77 87 99 112 124 132 136 134 125 115 108 101 96 95 100 108 121 136 149 158 165 166 166 168 166 162 155 151 146 142 139 141 143 145 147 150 154 158 161 163 165 165 165 165 166 166 167 166 163 160 157 154 153 151 150 148 145 142 140 140
133 133 134 135 136 138 139 141 143 145 147 147 147 146 144 142 141 138 135 134 133 132 130 128 125 121 117 112 108 108 111 118 125 131 134 134 132 130 126 119 110 102 93 87 83 79 77 77 79 81 84 87 88 89 91 89 85 79 77 78 84 95 108 121 133 141 143 140 134 127 122 120 119 119 123 130 140 149 158 164 168 170 170 171 172 169 163 158 154 150 148 149 150 150 152 154 156 159 161 163 164 164 164 165 166 166 166 165 162 159 156 153 151 150 150 148 145 142 139 139
131 131 132 134 134 135 137 140 142 143 144 145 145 144 143 142 141 140 138 137 136 134 132 130 128 125 121 117 115 117 122 128 135 138 139 137 136 135 132 128 121 116 110 105 100 97 94 92 92 94 97 102 104 105 106 105 103 97 95 96 102 111 122 132 143 149 148 146 144 139 136 136 136 138 142 148 154 159 164 166 168 171 171 173 174 174 170 166 161 158 155 155 155 156 156 157 158 160 162 163 164 164 163 163 164 165 165 164 161 158 155 153 151 149 148 146 144 142 141 140
132 132 132 132 131 132 134 137 139 141 142 141 141 142 143 143 142 140 140 139 138 137 135 133 132 128 125 123 123 126 132 138 142 143 142 140 139 139 136 133 130 127 124 119 115 113 109 106 106 108 111 115 118 120 121 121 120 117 115 115 118 125 132 143 151 155 152 150 151 149 147 147 149 150 153 157 161 164 166 167 170 171 172 175 177 178 177 175 170 165 161 160 161 161 162 162 162 162 162 162 163 163 163 163 164 164 165 163 161 157 155 153 150 149 147 146 144 143 143 142
132 131 131 130 129 130 132 135 137 139 140 139 140 141 142 142 142 141 141 140 140 139 138 137 135 132 130 129 131 135 140 144 146 146 144 144 143 141 139 137 136 135 132 127 125 124 121 119 118 119 120 124 128 132 132 132 132 131 129 127 126 130 139 149 156 160 157 156 157 155 153 154 155 155 156 160 163 165 167 169 171 172 174 177 181 183 182 180 176 172 168 167 168 168 167 166 165 165 164 164 163 163 164 164 164 162 162 162 160 157 155 152 150 149 148 146 145 144 144 145
130 130 130 130 129 129 131 134 136 138 138 138 138 140 142 142 142 142 142 141 140 141 141 140 138 136 134 136 138 142 146 149 149 148 147 147 146 143 141 140 139 137 135 133 132 130 128 125 123 125 127 131 135 138 139 141 144 145 143 136 132 137 148 156 159 163 164 163 161 158 157 156 157 157 158 161 164 167 168 170 171 173 176 179 183 186 185 183 180 178 175 175 174 173 171 170 169 168 167 166 164 163 163 163 162 162 162 161 160 158 156 153 150 148 147 147 146 145 146 147
128 129 130 130 129 130 131 132 134 137 138 138 138 140 142 142 142 141 141 141 141 142 143 142 140 139 139 141 144 147 150 151 151 150 149 149 148 145 142 140 139 138 137 136 135 133 131 129 128 130 134 138 141 145 148 152 158 158 150 142 139 146 154 160 163 167 168 167 163 160 160 159 159 160 161 161 163 166 167 168 170 172 176 180 184 188 188 187 185 183 181 179 178 176 174 173 172 170 169 167 165 164 163 162 162 162 162 161 159 158 156 154 151 149 148 147 147 148 148 149
128 128 129 128 128 129 130 131 133 135 137 139 139 141 142 142 141 140 140 141 142 143 144 143 142 142 143 145 147 149 151 152 151 150 149 149 148 145 141 140 138 137 137 136 134 132 131 133 134 136 138 142 146 150 154 158 162 158 150 146 146 149 155 161 167 170 170 167 163 161 162 162 161 161 161 159 160 163 163 164 167 171 175 181 185 189 189 188 187 185 183 181 179 178 176 175 173 171 169 168 166 165 163 162 162 161 161 160 158 156 155 154 152 151 149 148 148 149 150 150
127 127 127 127 127 128 129 130 132 134 136 138 140 141 142 142 140 140 141 142 143 144 144 143 143 144 146 147 149 150 151 151 151 149 148 146 145 142 140 140 138 137 136 134 133 132 133 136 137 137 141 145 148 153 158 161 162 159 154 152 151 152 158 164 169 171 168 165 163 162 163 163 162 160 159 159 160 161 162 163 167 171 175 179 183 186 187 188 187 185 183 181 180 178 176 174 172 171 170 168 166 165 163 162 161 160 160 159 157 155 155 154 153 151 150 148 148 150 151 152
126 126 127 127 127 128 129 130 131 132 133 135 137 139 140 140 140 140 140 141 142 142 142 143 144 146 148 149 150 150 151 150 149 147 145 143 142 140 139 139 138 136 135 134 134 135 136 139 138 138 142 147 151 157 162 164 164 160 155 152 152 153 158 163 168 168 165 165 164 163 164 163 161 159 159 161 161 161 162 164 166 168 171 174 179 181 183 185 184 183 182 181 178 176 174 172 172 171 169 168 166 165 163 161 160 158 158 159 157 156 155 155 153 152 150 150 150 150 151 151
125 126 126 127 127 127 128 129 130 130 132 134 135 136 138 139 139 139 139 140 141 140 140 143 145 146 148 149 150 150 150 147 145 143 141 140 140 139 138 137 136 135 134 134 136 138 139 140 139 139 143 150 156 161 165 166 166 162 156 153 152 152 157 162 166 167 165 166 165 163 162 161 159 158 159 161 161 160 161 164 165 165 166 170 174 176 177 177 177 178 179 179 177 175 173 172 171 170 168 167 166 165 163 161 158 157 157 158 158 156 156 155 153 152 151 151 151 151 150 150
125 125 126 126 127 127 126 127 128 130 131 133 134 134 135 136 137 138 139 139 139 138 137 141 144 144 146 148 147 147 146 143 140 139 138 137 137 135 132 132 134 135 136 137 139 141 142 141 139 141 145 151 157 162 166 168 167 163 157 153 151 151 156 161 167 168 167 168 165 162 160 158 159 158 156 157 159 158 159 161 163 165 166 168 169 167 166 168 171 174 176 176 174 173 172 171 170 168 167 166 165 163 162 160 157 156 156 157 156 156 156 154 152 151 151 151 151 151 150 149
123 124 125 125 125 126 126 127 129 130 131 132 133 132 133 134 136 137 138 139 138 137 137 140 142 143 145 145 142 141 140 137 135 136 135 133 133 132 129 131 135 137 139 141 143 143 143 140 140 141 145 150 156 162 166 167 165 160 154 149 147 148 153 159 166 170 168 166 163 161 159 158 160 159 156 156 160 160 160 160 162 164 165 165 162 160 160 165 170 172 173 173 172 171 170 169 168 167 166 165 163 161 160 159 158 157 156 156 156 156 156 154 152 151 151 151 151 151 150 150
122 122 123 123 124 125 126 127 129 130 131 131 131 131 131 133 135 137 138 139 138 138 139 140 141 140 141 139 137 135 134 131 129 132 133 129 130 133 133 134 138 140 142 144 144 143 141 139 138 139 142 149 155 161 163 162 160 155 147 142 141 144 150 158 164 166 166 164 163 161 161 161 161 160 160 160 162 162 162 162 164 165 164 163 162 160 160 163 164 166 167 169 169 170 169 167 166 165 164 163 162 161 160 159 159 157 155 156 156 156 155 153 152 151 151 151 151 151 150 150
122 121 121 122 123 125 126 127 128 129 129 129 129 129 130 132 135 136 138 139 140 140 140 139 138 137 137 135 132 129 127 126 125 129 131 128 127 132 135 138 141 142 143 144 144 142 141 138 137 140 143 148 153 157 158 156 154 148 141 137 138 143 151 158 162 163 163 162 161 160 160 161 160 160 162 164 164 164 165 165 167 167 165 163 161 158 157 158 159 161 163 165 166 167 166 165 163 163 163 162 162 161 160 158 158 158 158 158 157 155 153 153 152 151 151 152 151 150 149 148
121 121 120 121 122 124 125 126 126 126 126 126 127 128 129 132 134 136 138 139 139 139 138 136 136 134 133 130 126 123 122 123 124 126 128 127 129 135 139 141 142 142 142 142 142 142 140 137 135 138 140 142 144 148 150 150 149 146 140 138 142 148 155 158 158 157 154 152 150 149 149 150 151 154 160 164 165 165 165 165 166 167 165 161 158 154 152 152 152 153 156 158 160 161 162 162 161 160 160 161 160 161 160 159 159 159 160 158 155 153 153 152 152 152 152 152 151 150 148 147
120 120 120 120 121 123 124 124 124 123 123 124 126 128 129 131 134 136 137 138 137 136 135 134 133 131 129 126 122 120 119 121 123 124 126 128 133 138 141 142 141 140 139 138 137 136 133 129 126 126 126 126 127 131 136 140 142 143 142 143 146 149 150 148 144 140 136 134 133 133 134 136 137 139 147 152 154 155 155 159 162 164 163 161 157 151 146 144 143 146 149 152 155 157 159 159 159 158 158 159 159 160 160 160 160 160 159 156 154 152 151 151 151 152 152 152 151 150 148 146
117 119 119 119 120 121 121 122 122 122 122 123 125 127 129 130 132 133 134 135 134 133 132 131 130 128 126 123 119 118 117 118 119 121 123 126 131 135 138 138 137 134 130 127 122 118 115 112 109 108 109 110 112 116 121 126 130 135 138 140 140 137 133 131 128 126 124 123 123 124 124 125 125 125 128 130 133 134 138 145 151 154 156 155 153 146 140 137 138 140 144 147 151 154 156 156 157 157 157 158 158 159 159 159 160 158 155 153 152 150 150 150 151 152 152 151 150 149 147 144
115 117 118 119 119 119 119 120 121 122 122 124 126 127 129 130 131 132 132 132 131 130 129 128 127 125 123 119 116 115 114 114 114 116 118 121 126 129 130 128 125 120 113 107 100 97 96 95 95 96 97 99 101 104 107 111 116 122 125 126 125 122 118 116 116 116 115 115 116 115 113 112 111 112 113 112 114 115 119 128 135 138 141 142 141 138 133 133 135 138 140 142 145 148 150 153 155 155 156 157 156 155 156 157 156 155 153 152 151 151 151 151 151 150 150 150 148 147 145 142
115 116 117 118 118 118 118 119 121 121 122 124 126 128 129 130 130 131 131 130 129 128 127 126 125 122 120 116 113 111 110 110 110 111 113 115 118 118 116 112 107 98 91 86 82 81 82 82 83 84 86 87 89 91 95 98 102 107 110 111 110 108 105 104 104 104 104 103 101 99 97 96 94 94 95 94 95 98 104 110 116 119 122 125 128 129 128 128 131 133 134 136 139 144 148 151 153 153 153 154 152 152 152 152 152 151 150 150 151 151 151 151 150 149 147 147 146 144 142 140
114 115 116 116 117 117 117 118 119 120 120 122 124 126 127 128 129 130 130 130 129 128 126 124 122 120 117 114 110 108 106 105 105 104 105 106 105 102 97 90 85 76 71 69 66 66 67 68 69 71 73 75 77 79 81 84 87 91 93 95 95 93 91 90 90 92 92 90 85 82 80 78 75 75 75 74 79 83 88 93 98 101 105 110 114 116 117 119 121 124 127 131 135 141 146 149 151 151 151 152 150 150 150 150 149 149 150 150 151 152 152 151 149 147 146 144 142 140 139 137
114 114 114 114 114 115 115 115 116 116 117 118 121 123 124 125 127 128 130 130 129 127 125 122 120 117 115 112 108 105 102 100 98 95 94 92 88 83 76 70 66 60 56 55 53 53 53 56 57 59 62 64 66 67 69 70 72 76 78 81 82 80 78 78 79 79 77 74 71 72 73 71 70 67 62 62 67 69 72 75 80 84 89 94 98 101 105 109 114 119 125 131 136 141 145 147 148 149 150 150 150 149 149 149 149 150 151 152 151 151 150 149 148 147 145 142 139 136 136 134
113 113 113 110 109 113 115 114 113 114 115 117 119 121 122 123 125 127 128 129 127 126 124 121 118 115 113 109 104 99 96 92 89 85 81 76 71 65 60 55 52 48 47 47 46 46 48 51 54 58 62 63 63 63 63 61 62 65 68 70 71 70 69 71 71 71 71 72 75 80 83 83 81 75 68 66 65 64 64 66 70 73 78 81 84 90 95 101 108 114 121 128 133 138 142 144 146 148 149 150 150 149 149 149 150 151 152 151 151 150 149 148 146 145 143 141 137 134 133 131
113 113 113 110 109 113 115 114 113 114 115 117 119 120 121 122 124 126 127 127 126 124 122 120 117 114 110 105 100 94 90 86 81 76 70 63 57 52 48 46 45 44 44 46 49 51 55 59 64 69 72 73 73 72 70 66 64 65 66 68 70 71 74 77 78 80 82 85 91 97 101 100 99 94 86 82 77 73 70 68 68 71 75 79 82 89 94 99 107 114 120 126 131 136 141 144 146 148 149 150 149 149 150 150 152 152 151 151 150 149 148 147 144 143 142 140 136 133 130 129
113 113 112 112 112 113 115 116 116 117 118 118 119 119 119 120 122 124 125 125 124 123 122 120 117 113 108 102 96 91 85 80 76 70 64 58 52 51 50 50 51 51 53 57 63 68 73 76 81 84 87 88 87 86 84 82 81 79 81 84 86 88 90 91 92 94 97 102 108 115 120 116 113 107 99 93 89 85 81 78 77 80 84 89 92 97 99 103 108 114 120 125 130 135 140 144 147 148 149 149 149 149 150 150 151 151 150 149 148 146 145 144 142 140 139 138 135 132 128 127
112 111 111 112 112 112 114 116 117 118 119 119 119 119 119 120 121 123 124 124 124 123 122 120 116 111 106 101 95 89 83 79 75 69 65 62 62 64 67 69 69 69 70 73 77 82 87 90 94 97 99 101 101 99 97 97 97 97 99 102 102 102 103 103 104 106 111 119 125 131 131 124 119 114 107 101 97 95 94 94 96 101 104 106 106 106 105 107 110 113 118 124 128 134 140 144 147 149 149 148 148 148 149 149 149 149 148 146 145 144 142 140 139 137 136 135 133 130 127 124
111 111 111 111 111 112 113 115 117 118 119 119 119 119 119 120 121 122 123 123 123 122 121 119 115 110 105 100 94 88 84 81 77 75 75 78 83 87 91 91 89 89 88 87 89 92 95 99 102 104 108 110 111 110 108 110 111 110 113 113 111 111 113 114 116 119 125 133 137 139 135 129 124 119 115 111 108 107 107 109 112 114 115 114 111 109 108 108 111 115 118 123 128 134 140 145 148 149 148 147 146 147 147 147 147 146 144 143 143 142 140 138 136 135 133 132 131 129 126 123
110 110 111 111 111 112 114 115 116 118 119 119 119 119 119 120 121 122 122 122 122 122 120 118 114 109 104 99 94 90 87 85 83 83 87 92 97 102 104 104 102 101 99 97 98 100 103 106 108 110 114 116 117 118 117 119 120 119 121 121 119 119 120 121 124 128 133 138 139 140 137 135 130 126 123 120 118 117 116 117 120 121 120 118 116 113 112 112 114 116 119 124 130 135 140 144 147 148 148 147 146 145 145 145 144 143 141 141 140 140 138 136 134 132 130 129 128 127 124 122
109 109 110 110 111 112 113 114 116 117 119 119 120 119 119 119 120 120 120 120 120 120 119 117 113 108 103 99 96 94 91 90 90 91 95 99 103 105 106 105 105 103 102 101 102 103 105 108 111 114 117 118 119 120 120 124 125 124 125 124 123 124 124 126 128 132 136 139 140 140 138 136 132 130 127 124 122 121 120 121 124 124 123 122 121 118 117 117 119 120 122 127 131 135 139 142 145 147 148 147 145 143 143 142 141 140 139 139 138 137 135 133 132 130 128 126 125 124 122 121
108 109 109 109 111 111 112 114 115 117 118 119 120 120 119 118 119 118 117 117 118 119 118 115 112 108 104 101 98 97 96 95 96 98 101 103 104 104 104 102 101 101 100 100 100 101 104 107 110 114 117 117 118 118 119 122 123 122 123 122 121 122 122 123 126 128 131 133 135 134 130 127 125 125 124 121 121 121 121 123 124 123 124 125 124 123 122 122 123 124 125 129 133 135 138 140 143 146 146 146 144 142 140 139 138 138 138 137 136 134 133 131 129 127 126 125 123 122 121 120
107 108 109 109 110 111 112 113 115 116 117 118 119 119 118 118 117 117 116 117 117 117 116 114 111 108 105 104 102 102 101 101 102 103 105 106 105 103 101 100 99 99 98 97 96 97 99 102 103 107 108 109 110 111 111 113 114 114 113 112 111 113 113 114 118 119 120 121 122 119 116 115 116 117 118 117 118 118 120 122 122 123 124 126 127 127 126 126 126 127 128 130 132 135 137 139 141 144 144 144 143 141 139 138 137 137 137 136 134 132 131 129 127 125 124 123 122 120 119 118
106 107 108 108 109 111 112 113 114 115 116 116 117 117 117 117 117 117 117 116 116 116 115 113 110 108 107 106 106 106 106 106 106 107 108 107 106 104 102 99 97 96 95 93 93 91 92 93 93 94 95 95 95 95 95 95 96 96 95 93 93 94 94 95 98 99 100 102 102 102 102 103 105 109 110 112 114 115 117 120 121 122 125 127 129 130 129 129 129 129 130 131 132 134 136 137 139 141 142 141 141 140 139 137 136 136 135 133 132 131 129 128 126 124 123 122 120 119 118 116
105 105 106 108 109 110 111 112 113 114 115 115 116 116 116 116 116 116 116 115 115 114 112 111 109 108 107 108 108 108 108 108 108 108 109 108 106 105 102 99 96 94 92 90 88 86 84 83 83 83 82 81 79 79 78 75 74 74 73 72 72 72 72 74 76 78 81 83 85 87 90 93 96 101 104 107 110 113 116 119 120 123 126 128 130 131 130 130 130 130 130 131 131 132 134 136 137 139 139 139 139 138 137 136 135 133 133 132 131 130 128 126 124 123 121 120 118 117 116 113
103 104 105 106 108 108 109 110 112 113 114 115 115 115 116 116 115 115 115 114 113 112 110 109 108 107 108 108 109 109 109 108 108 108 109 109 108 105 102 99 96 93 90 87 85 82 80 77 76 75 72 70 69 69 68 66 64 63 63 62 62 63 63 64 66 68 71 74 77 81 85 89 93 97 101 105 109 112 115 118 122 125 128 129 130 130 129 130 131 131 131 131 132 132 133 134 136 137 136 136 136 135 135 134 132 131 131 131 130 128 126 125 124 122 120 118 116 115 113 110
101 102 103 105 106 107 108 109 110 112 113 114 114 114 114 115 114 114 113 112 111 110 109 108 107 107 108 109 109 108 109 108 108 108 109 109 108 105 103 99 96 93 91 89 86 82 79 76 74 72 71 70 69 70 69 68 66 65 66 66 67 67 68 68 69 72 73 75 79 82 86 91 95 99 103 107 111 114 117 120 123 126 128 128 128 128 128 130 132 131 131 131 131 132 132 133 134 135 134 133 133 132 133 133 131 131 131 130 129 127 125 123 122 120 118 116 114 113 109 106
99 100 101 103 104 105 107 108 109 110 111 113 113 113 113 113 113 112 111 110 109 108 107 107 106 107 108 109 109 109 109 109 108 108 109 108 107 105 102 100 97 95 94 92 89 86 83 81 79 78 77 77 77 78 78 78 77 76 77 78 78 78 79 79 79 81 83 85 87 91 94 98 101 103 107 110 114 116 119 122 124 126 126 127 126 127 129 131 132 132 131 131 130 130 129 130 131 132 131 130 130 130 131 131 130 130 129 128 127 125 123 122 120 118 116 114 112 110 106 105
96 98 99 101 102 103 105 107 108 109 110 111 112 112 112 112 112 112 111 109 108 108 107 106 106 106 107 108 108 108 108 108 107 108 107 107 105 103 101 100 99 98 97 95 93 92 90 88 87 87 87 88 89 89 88 89 88 87 87 88 88 88 88 88 88 90 91 93 96 98 101 105 107 109 111 114 116 119 122 124 126 127 126 127 126 127 130 131 131 131 131 130 129 128 128 129 129 129 129 129 129 129 129 129 129 128 127 126 125 123 121 119 117 116 114 112 109 106 104 108
94 96 97 99 100 102 104 106 107 108 109 110 111 111 111 111 111 110 110 108 107 107 107 106 106 106 106 107 107 107 107 106 106 106 106 105 103 101 100 100 100 99 99 97 96 96 95 95 95 96 96 96 96 95 94 94 94 94 94 95 95 96 97 97 97 98 100 101 103 104 106 109 111 113 115 118 120 122 125 126 127 127 127 127 127 128 130 131 132 131 130 128 127 127 127 127 127 128 129 129 128 128 128 128 128 127 126 125 122 120 118 116 114 112 111 108 105 104 106 110
92 93 94 96 98 100 102 104 105 107 108 109 110 110 110 110 110 110 109 108 107 107 106 106 106 106 106 106 106 106 106 106 106 105 105 104 103 101 101 101 100 100 99 99 99 99 99 100 100 101 101 100 100 99 98 100 101 102 102 103 104 105 107 107 108 109 109 108 109 109 110 113 115 118 120 122 124 126 128 129 129 129 129 128 128 128 130 131 132 130 129 127 127 127 127 127 127 127 128 128 127 127 126 126 126 126 124 122 119 117 116 113 111 109 106 103 101 105 109 109
90 90 91 93 95 97 99 102 104 105 107 108 109 109 109 109 110 109 109 108 108 107 106 106 105 105 105 105 106 106 106 106 106 106 105 104 103 102 101 101 100 100 101 102 102 102 103 104 104 104 104 104 104 105 106 108 109 110 110 111 112 113 115 116 117 118 117 116 116 116 117 119 121 122 124 126 127 128 130 131 131 131 131 130 129 129 130 131 131 130 129 128 127 127 127 127 127 127 127 127 126 126 126 125 125 124 122 120 117 114 113 110 108 105 102 100 103 107 107 109
94 92 90 90 92 94 97 99 101 103 105 107 107 108 109 109 110 109 109 109 108 108 107 106 105 105 106 106 106 107 107 107 107 107 106 105 104 103 101 101 101 102 103 104 104 104 105 106 106 107 108 109 111 113 114 115 116 117 118 119 119 120 122 124 125 126 126 126 126 126 126 127 127 128 129 130 131 132 133 133 134 134 133 132 131 130 130 131 131 131 130 129 128 128 129 129 128 128 127 126 126 126 125 125 124 122 120 118 114 112 110 107 104 101 99 102 105 106 109 117
95 95 93 90 89 90 94 97 99 101 103 105 106 107 108 108 109 109 109 109 109 109 108 106 106 106 106 107 107 108 108 108 108 108 108 106 104 103 102 103 104 105 106 107 107 107 107 107 108 109 112 115 118 120 122 123 124 125 126 127 128 130 132 134 134 135 135 135 135 134 134 135 135 134 135 135 136 136 137 137 137 137 135 134 133 132 132 132 133 132 132 131 130 130 130 130 129 128 127 127 126 126 125 123 121 119 118 115 112 109 105 103 99 96 100 104 104 107 120 129
93 94 95 94 91 89 90 92 95 98 100 102 104 106 107 107 108 108 108 108 108 108 107 107 106 106 107 108 108 109 110 110 111 111 110 109 107 106 106 107 108 110 111 112 112 112 111 111 113 114 117 120 123 125 127 129 130 132 135 137 139 142 144 144 144 144 143 142 142 142 143 143 143 142 142 142 142 142 141 141 141 139 137 136 136 135 134 134 134 135 135 134 133 132 131 131 130 129 128 127 126 125 123 122 119 117 115 112 108 104 100 97 94 94 101 103 107 120 136 133
93 93 93 94 93 88 86 88 91 94 97 100 102 104 105 106 107 107 107 108 108 108 108 108 107 107 108 109 110 111 112 113 113 114 114 113 113 113 113 114 114 115 116 118 119 120 119 119 120 121 123 126 128 129 132 134 135 138 141 144 147 150 152 152 152 151 151 151 151 151 152 152 151 150 150 149 148 147 146 145 145 144 142 140 140 138 137 136 136 136 137 136 135 134 134 132 131 129 128 126 124 123 121 120 117 114 112 109 104 100 96 95 90 91 99 106 120 138 142 126
96 94 92 91 89 85 83 84 86 90 93 97 99 102 104 105 106 107 107 108 108 108 108 108 108 109 110 111 112 113 114 115 116 117 117 117 118 119 119 120 120 121 122 123 125 126 126 126 127 129 131 133 135 136 138 140 140 142 145 148 151 153 154 156 158 158 158 159 159 158 158 158 157 157 157 156 155 153 152 151 149 148 146 144 143 142 140 139 139 139 138 138 137 136 134 133 131 129 127 125 122 121 119 117 114 112 109 104 100 97 93 91 87 90 101 118 135 143 133 119
102 99 95 92 87 81 81 83 84 86 89 93 96 99 101 103 105 106 107 107 108 108 108 108 110 111 111 112 114 115 116 117 118 119 119 120 121 122 123 125 126 128 129 130 131 132 132 133 133 134 138 141 142 143 144 144 144 146 149 151 153 154 156 158 162 164 165 166 164 163 163 164 163 163 163 162 160 159 158 156 154 151 150 147 145 144 143 142 142 142 141 140 139 137 134 133 131 128 126 123 121 119 116 113 111 107 103 99 97 94 90 86 84 92 110 130 140 137 122 120
105 104 101 98 90 80 77 80 83 85 87 90 92 95 98 100 103 104 105 105 106 106 107 109 110 111 112 113 114 115 116 117 119 121 122 122 123 124 126 128 131 133 135 135 136 136 136 137 137 138 142 145 145 146 146 147 147 149 150 151 152 154 156 160 163 165 168 169 168 168 169 170 169 167 168 167 165 164 162 159 156 154 152 150 147 146 145 145 145 144 142 140 139 138 135 133 129 125 123 120 117 116 113 109 105 101 98 95 92 89 88 87 88 96 114 132 139 129 120 126
105 107 106 102 95 83 76 77 79 82 85 87 89 92 94 96 99 101 102 103 104 105 106 108 109 111 113 114 114 114 115 116 118 120 122 124 124 126 127 130 133 136 138 138 138 137 136 137 138 140 143 145 146 146 146 147 148 148 149 150 152 154 157 161 163 164 166 169 170 171 173 173 171 171 171 170 168 167 165 161 158 156 154 152 150 149 148 148 146 144 142 140 139 137 135 131 128 124 120 117 114 113 109 105 101 98 95 92 89 89 89 90 93 97 115 133 136 122 118 129
104 106 107 106 99 87 79 77 77 79 82 85 87 90 92 93 95 97 99 101 102 103 105 106 108 110 111 112 113 114 115 117 118 120 121 123 124 126 128 132 135 137 139 139 139 138 137 137 138 141 143 145 146 145 144 146 147 148 148 149 150 151 154 156 159 161 164 167 169 170 172 171 170 171 172 171 170 168 166 163 159 157 156 155 153 151 150 149 146 144 142 140 138 136 132 129 126 122 117 114 111 108 104 101 99 95 91 88 89 91 92 94 94 97 116 133 130 117 123 130
102 106 108 108 101 90 84 80 78 78 79 81 83 86 89 90 90 93 95 98 100 101 103 105 106 107 109 110 112 113 115 117 119 120 122 124 125 127 130 132 134 137 138 138 139 139 138 139 140 141 143 143 143 141 140 142 145 146 147 147 146 147 148 150 153 158 161 163 166 167 167 166 167 170 171 171 170 169 167 164 161 158 157 157 154 152 150 148 145 143 141 138 136 134 130 126 122 118 113 110 106 103 100 98 95 90 89 90 92 94 95 95 93 94 113 132 126 116 128 124
97 105 107 107 101 93 86 83 81 79 79 80 81 81 84 88 88 89 91 94 96 98 100 102 104 105 107 108 110 112 114 117 119 120 122 123 125 128 130 132 134 136 137 137 137 137 137 138 139 140 140 138 137 136 135 136 140 142 143 144 143 144 145 146 149 154 156 157 158 160 160 159 161 164 167 168 167 166 165 163 160 158 157 156 154 151 149 146 144 141 139 136 134 131 126 122 118 113 109 104 101 99 97 94 90 89 92 95 96 96 95 94 93 91 109 130 120 117 131 115
91 99 101 98 96 94 89 85 83 82 82 82 81 80 80 83 85 87 89 90 92 94 97 99 100 102 104 105 107 110 113 115 118 119 121 123 125 127 129 131 132 133 133 134 134 135 135 135 136 136 136 134 132 131 131 131 134 137 138 139 140 141 142 144 145 148 149 149 150 153 154 153 156 160 163 164 163 163 162 160 159 157 155 153 151 149 146 144 141 139 136 133 130 127 122 117 112 108 103 100 98 96 92 89 90 93 96 99 98 96 95 95 94 92 107 123 116 122 128 103
85 89 91 88 91 94 93 88 85 84 84 84 84 83 81 80 81 84 87 89 89 91 93 95 97 99 101 103 105 108 111 113 116 118 120 122 124 125 127 128 129 130 130 130 131 131 131 131 131 130 130 129 128 128 129 129 132 133 133 134 136 138 139 140 143 144 145 145 146 148 150 150 152 157 160 160 160 160 159 156 155 153 151 149 148 146 143 141 138 135 132 129 125 121 117 112 107 102 98 97 95 91 90 92 95 97 100 101 97 96 96 97 96 95 103 114 114 126 122 97
82 82 83 86 92 95 95 91 87 85 85 86 85 85 83 81 80 81 83 86 88 89 90 91 92 94 97 99 102 105 108 111 113 115 117 119 121 123 124 126 126 126 126 126 126 125 125 124 125 124 124 124 124 124 125 126 128 129 130 130 133 134 134 136 140 142 141 142 143 143 143 145 149 154 156 156 156 156 154 152 150 148 147 146 144 142 139 137 133 130 127 123 119 115 111 106 102 97 95 94 91 91 95 98 100 100 100 98 96 97 99 99 98 97 99 107 112 122 109 93
80 81 83 88 94 96 96 94 89 86 87 88 87 86 86 84 82 81 81 83 85 87 88 89 89 90 92 96 98 102 105 108 111 113 114 117 119 120 121 122 123 123 123 122 121 120 119 119 120 120 120 120 119 119 119 120 123 125 126 127 128 129 129 132 135 136 135 136 137 137 138 140 144 148 150 150 150 149 148 146 146 144 142 141 139 137 134 131 128 125 121 116 113 108 104 100 96 93 92 92 93 96 100 101 101 101 101 97 97 101 103 101 99 97 94 96 111 112 88 88
80 81 85 91 95 97 97 95 92 88 87 88 88 89 88 86 85 83 81 82 83 83 85 87 88 87 88 90 93 97 101 104 106 108 110 113 115 116 117 118 119 119 119 118 117 116 116 116 116 116 116 114 112 112 113 114 117 120 123 125 126 125 126 128 130 130 131 132 133 134 135 137 139 142 143 144 144 142 141 141 140 139 138 136 133 131 128 125 122 118 113 109 105 100 97 95 92 91 92 94 98 101 102 101 101 101 99 99 103 105 105 102 100 97 87 97 112 91 74 95
80 82 86 92 96 97 97 96 94 91 89 89 89 90 90 89 87 86 83 83 84 83 83 84 86 86 85 86 88 91 95 99 101 104 106 109 111 112 113 114 114 115 115 113 111 111 110 110 111 111 109 107 105 106 109 111 113 114 117 119 121 122 122 123 123 123 125 127 129 129 130 131 133 135 135 136 136 136 135 135 134 133 132 130 127 124 122 119 115 111 106 102 98 95 93 92 92 94 97 100 103 104 103 102 102 100 100 104 108 107 105 102 100 97 84 97 107 78 74 104
82 83 85 90 95 97 98 97 94 92 91 91 90 91 92 92 90 89 87 85 85 85 83 81 81 82 83 83 85 86 89 93 95 98 101 104 106 107 109 110 111 111 110 109 108 107 105 105 105 105 103 101 100 101 103 105 108 109 111 113 114 114 114 116 116 115 117 120 121 122 124 125 127 129 129 128 128 128 128 129 128 127 125 124 121 117 114 110 106 103 98 94 92 91 91 91 95 99 102 104 106 105 103 102 102 101 103 107 108 107 106 103 101 95 84 97 96 73 82 107
86 85 84 87 93 97 99 97 95 92 91 92 92 91 93 95 93 92 90 88 86 87 85 83 81 80 80 81 83 84 85 87 89 92 95 98 100 102 103 105 106 105 104 102 102 102 101 101 100 100 100 98 97 97 97 100 103 104 105 106 107 107 107 108 109 109 111 113 114 116 118 119 120 122 122 122 122 122 121 121 121 120 118 116 113 110 106 102 98 95 91 90 89 89 92 95 100 104 105 107 107 105 103 102 102 104 107 109 108 108 106 104 103 92 86 93 82 72 95 110
89 89 85 86 91 97 99 98 96 94 92 92 92 92 94 96 96 94 93 90 88 88 87 86 84 81 79 79 80 81 83 84 85 86 88 91 93 95 97 99 99 98 96 95 95 95 96 96 95 95 94 94 94 94 94 96 98 100 101 101 101 101 102 103 104 105 106 107 108 110 112 112 112 114 115 115 115 115 115 115 114 112 109 108 104 101 97 93 90 88 88 89 90 92 97 101 105 107 107 108 107 105 103 103 106 108 109 109 109 108 107 106 103 90 87 88 76 77 96 103
91 91 88 85 89 95 99 99 97 95 92 91 92 93 94 96 98 97 95 94 91 90 90 88 87 84 81 78 77 77 78 81 82 83 84 84 86 88 89 91 91 91 89 88 87 87 88 89 89 89 88 88 88 88 89 89 91 93 94 94 94 95 95 97 98 98 99 100 101 102 103 103 104 105 106 106 107 107 107 107 106 104 101 99 95 91 88 85 84 86 88 90 93 98 102 105 107 108 109 109 107 105 106 108 110 109 109 109 109 109 109 107 100 88 89 86 75 75 83 83
91 93 90 85 86 93 98 99 98 96 93 91 92 94 94 96 99 99 98 96 93 92 92 92 90 88 85 81 78 75 75 76 78 79 80 79 80 81 82 83 84 84 83 82 81 81 82 83 82 82 81 81 81 81 82 82 84 85 86 86 87 87 87 89 89 90 91 92 92 93 93 93 94 96 97 98 98 98 98 98 97 95 92 90 85 83 83 84 85 88 90 94 98 102 105 107 108 109 110 109 108 108 110 111 109 109 109 110 110 110 110 104 95 90 93 82 74 76 78 72
