23 23 24 25 27 30 36 40 45 52 63 77 86 91 97 102 107 111 115 119 118 119 123 126 126 127 129 129 129 132 133 134 134 135 135 134 136 137 138 137 135 135 135 136 138 139 140 140 141 143 144 143 143 144 145 144 144 144 145 145 145 144 143 143 143 142 142 141 140 140 141 141 141 141 140 139 137 135 134 133 132 132 133 134 135 135 135 135 134 133 134 134 133 132 132 132 131 130 130 130 130 130 128 128 129 126 123 120 116 111 104 95 85 74 66 58 48 42 39 38
23 23 24 25 27 31 37 42 47 55 68 80 88 93 98 103 108 112 115 118 117 120 124 125 125 126 128 128 129 131 133 134 134 134 134 134 135 137 136 135 135 136 138 138 140 140 140 140 142 145 145 144 145 146 146 145 145 145 146 146 145 144 143 143 142 142 142 141 140 140 141 142 142 141 140 139 138 135 134 133 132 133 133 134 135 135 135 135 134 134 134 133 133 132 132 131 130 130 130 130 130 130 129 129 128 126 124 122 119 114 108 102 93 82 72 65 56 47 41 38
23 23 24 25 28 33 39 44 49 59 72 84 90 95 100 105 110 112 114 117 118 121 124 125 126 126 126 128 129 131 132 134 135 134 134 134 135 135 135 135 136 138 139 140 142 142 142 143 144 146 147 146 146 147 146 147 147 147 146 146 145 144 143 142 142 142 141 140 139 140 142 143 143 142 140 139 138 137 136 134 133 133 134 135 136 135 135 135 134 133 133 133 132 132 131 131 130 130 130 130 131 130 130 129 128 127 126 124 121 117 112 107 100 91 81 70 61 54 46 42
23 23 24 26 28 34 41 47 52 63 77 86 91 96 102 107 111 113 115 118 120 122 124 125 126 127 126 127 130 131 131 133 134 134 134 134 134 134 135 136 139 141 142 143 144 145 145 146 146 146 146 146 147 147 147 147 147 147 147 145 144 144 143 143 143 143 141 140 140 141 143 145 144 142 141 139 139 138 136 134 133 134 135 135 135 135 135 134 133 132 133 133 132 132 131 130 130 131 130 130 130 130 129 128 127 128 126 124 122 119 115 110 104 97 88 79 67 59 51 46
23 24 24 26 30 36 44 49 55 69 82 88 93 99 105 109 113 114 116 119 120 122 125 126 126 127 127 127 130 132 131 131 133 133 133 133 132 133 136 139 142 143 143 144 145 146 146 147 147 147 147 147 146 146 146 147 147 147 146 145 144 143 144 143 143 143 143 141 142 143 144 146 145 143 142 140 139 137 135 134 134 135 135 135 135 135 134 133 132 132 132 132 132 131 131 130 130 130 130 130 130 129 129 128 127 127 126 124 123 121 117 113 108 101 95 85 76 66 57 50
23 24 25 27 31 39 47 52 60 75 85 91 96 101 107 111 115 117 118 120 121 121 124 126 126 128 128 128 129 132 132 131 132 133 132 131 131 133 138 141 143 144 144 144 145 146 147 148 149 149 148 147 146 146 145 146 146 146 146 145 144 143 143 142 142 143 144 143 143 144 145 147 146 144 143 140 138 136 135 135 135 135 134 134 134 133 132 131 131 132 132 132 131 131 131 131 130 130 130 130 129 129 128 128 127 126 126 125 124 122 119 115 111 106 99 91 84 75 64 56
23 24 25 28 33 42 49 56 68 81 89 94 99 104 109 113 117 119 120 121 121 121 123 125 126 128 129 130 130 131 133 132 131 132 131 130 130 135 139 142 143 144 144 144 145 146 147 148 148 148 147 146 145 145 145 145 145 146 145 144 143 142 142 141 142 143 143 144 144 145 146 147 146 144 142 140 138 136 135 136 135 134 133 133 133 132 131 132 132 132 132 131 131 131 131 130 130 129 129 129 129 128 128 128 128 126 127 126 124 122 119 117 114 109 104 97 90 82 73 64
23 24 26 29 36 46 51 61 75 85 92 98 102 108 112 116 119 121 122 123 123 122 123 126 127 129 130 131 131 130 131 132 132 130 128 127 129 134 138 141 142 145 144 144 145 146 146 147 146 146 145 143 143 143 143 144 144 145 145 144 143 142 140 139 141 143 144 144 145 145 146 146 145 143 141 139 138 137 136 135 134 132 132 131 131 130 131 132 132 132 132 132 131 131 130 130 129 129 128 129 128 128 127 128 127 126 126 125 124 122 120 118 115 111 107 101 95 88 81 73
23 24 26 31 41 48 54 67 80 89 96 101 106 111 115 118 120 122 123 124 124 124 124 126 128 130 130 131 132 131 130 131 132 129 125 124 127 132 136 139 142 144 143 143 145 145 145 145 145 144 144 142 141 141 140 141 143 143 143 142 142 140 138 137 138 141 143 145 144 144 144 144 143 142 139 138 137 136 135 134 132 131 130 130 129 130 131 132 132 132 132 131 131 130 130 129 129 128 128 128 127 127 127 127 127 126 126 125 123 122 121 119 116 113 109 105 100 94 88 81
24 25 28 36 44 50 61 75 85 94 100 105 110 114 117 120 122 123 124 125 125 125 125 126 128 130 130 131 131 131 131 129 130 128 124 121 124 129 133 137 140 142 142 143 144 144 144 144 143 142 140 139 138 138 139 140 140 140 141 140 139 137 136 136 137 140 142 142 141 141 142 142 141 140 138 136 136 135 134 133 132 129 128 128 129 129 130 131 131 132 132 131 131 130 129 128 128 127 126 125 126 126 126 126 126 125 124 125 123 122 121 119 116 114 111 108 105 100 94 87
24 25 31 39 45 55 69 80 91 99 103 108 112 115 118 120 122 123 124 125 126 126 125 126 128 130 130 130 129 129 130 129 127 127 124 120 122 126 129 133 136 138 140 141 142 143 143 141 140 138 136 136 136 137 138 138 137 137 138 138 136 135 135 134 135 138 139 138 137 138 139 139 138 137 136 135 134 134 133 132 129 128 127 127 128 128 129 130 131 131 131 130 130 129 127 126 125 124 123 122 122 122 123 124 124 124 123 124 124 122 121 119 116 114 112 110 108 104 98 93
25 28 34 42 51 64 76 87 96 102 106 110 113 115 117 119 121 122 123 124 124 125 124 125 127 129 129 128 127 127 128 128 128 125 122 120 121 123 126 129 131 134 137 138 139 139 139 137 136 134 132 132 133 135 136 136 135 135 135 135 134 133 132 131 132 134 134 132 133 134 135 135 135 134 133 132 132 131 131 129 127 126 126 125 125 126 127 128 129 129 130 129 128 127 125 123 121 119 118 117 117 117 119 120 121 121 122 122 123 122 120 118 117 115 113 111 109 106 102 97
26 31 38 47 59 72 83 93 99 103 107 110 112 113 114 116 117 119 120 121 122 123 124 124 126 128 128 126 125 125 125 127 128 124 120 118 120 122 123 126 128 131 133 135 135 134 133 133 132 131 129 128 130 132 133 133 133 133 133 132 132 131 129 127 128 129 129 129 130 131 130 130 132 132 131 130 130 129 128 127 125 124 123 123 123 124 125 125 125 126 127 125 124 122 120 118 115 111 110 110 110 110 112 114 116 118 120 120 120 119 118 117 117 115 114 111 109 107 104 101
28 34 43 55 67 78 88 95 99 103 106 106 107 107 107 108 110 113 116 118 119 120 121 122 123 125 126 125 124 123 123 124 125 123 119 117 118 120 122 124 124 126 129 131 131 129 129 130 129 128 127 125 127 129 130 131 132 132 132 131 130 128 126 125 125 126 126 127 127 126 125 127 128 129 129 128 127 127 126 125 123 122 121 121 121 122 122 121 121 122 122 121 119 116 113 110 106 102 100 100 101 102 105 108 110 112 114 115 116 116 115 116 115 114 113 110 108 107 105 102
31 38 49 62 73 83 89 93 97 101 101 100 99 98 98 99 101 105 110 112 114 115 116 117 118 120 122 122 121 120 120 122 122 121 118 117 117 118 121 122 122 122 124 126 127 126 126 126 126 125 124 123 125 127 129 130 131 131 131 130 128 126 124 124 124 124 124 124 124 123 124 125 125 126 126 126 125 125 124 123 122 120 119 118 118 118 117 117 117 117 115 113 111 107 103 99 96 94 93 92 94 96 99 102 104 106 108 108 111 112 110 111 111 110 110 110 108 106 105 103
34 44 57 67 76 82 85 88 92 94 94 92 90 89 89 89 91 95 100 103 105 108 109 111 112 114 116 118 118 117 116 118 119 117 115 116 118 118 118 119 119 119 119 121 123 123 123 123 123 122 121 121 123 125 127 129 130 130 130 128 125 123 122 120 120 121 121 121 121 121 122 122 121 122 122 122 122 121 121 120 118 116 114 114 113 112 111 110 109 107 105 101 98 95 92 89 88 87 87 87 89 91 93 95 97 101 104 104 104 106 105 105 106 106 106 107 106 105 105 104
40 51 62 71 76 79 80 82 85 86 86 85 83 82 83 83 84 86 89 90 93 97 99 102 104 106 107 109 111 111 111 111 112 112 112 114 117 117 117 116 116 116 116 117 119 120 121 121 121 120 118 119 122 125 126 127 128 128 127 126 124 121 117 116 118 118 118 118 118 118 118 117 117 116 117 117 117 117 117 116 113 111 109 107 106 104 102 99 98 95 92 89 87 85 83 82 80 80 81 84 86 88 90 92 95 96 99 100 100 100 100 100 101 101 101 102 102 103 103 102
47 58 66 70 72 74 75 76 77 78 78 79 80 80 80 81 80 79 79 80 82 86 89 92 95 96 97 97 99 102 102 103 103 104 105 108 112 114 114 114 113 113 113 114 115 116 118 118 118 117 115 116 121 124 125 125 126 125 125 125 122 117 113 114 116 116 114 114 115 115 114 112 111 111 111 111 110 111 112 110 107 104 101 98 95 93 89 85 83 81 79 77 75 74 75 75 76 78 81 83 85 87 88 91 94 95 94 95 97 99 98 98 97 97 98 97 98 100 101 101
54 63 67 68 68 70 70 71 72 72 74 76 77 79 78 76 75 74 74 74 75 77 79 80 81 82 83 83 85 87 89 90 91 93 95 98 103 107 108 108 108 107 107 108 109 111 113 114 114 113 112 114 119 122 122 123 123 122 123 122 119 114 111 112 113 112 111 111 111 110 109 107 104 103 102 102 102 102 101 98 94 90 87 83 80 76 73 70 68 67 67 66 66 68 69 71 75 78 81 83 85 88 90 91 92 94 94 94 95 97 98 97 95 95 95 96 96 98 99 100
60 66 67 67 69 70 69 70 71 72 74 75 76 76 74 72 69 68 68 68 68 68 68 67 66 67 67 67 69 70 71 72 75 79 81 84 89 94 96 96 97 98 100 101 101 103 107 110 109 108 108 112 117 119 120 120 120 120 121 120 116 112 109 109 110 109 108 107 106 105 103 100 96 93 90 89 87 85 83 80 77 72 69 66 62 59 58 57 56 57 58 59 62 64 67 71 74 78 83 86 87 90 92 93 93 93 95 96 95 96 98 98 97 95 95 96 97 97 98 100
66 68 69 71 73 72 72 74 76 77 77 76 76 76 74 71 68 66 65 63 61 60 58 55 53 52 52 53 54 54 53 54 56 61 65 68 73 77 80 82 84 87 90 93 95 97 101 104 104 103 105 111 115 116 117 117 117 118 119 118 114 110 106 105 106 106 105 102 101 99 96 93 88 83 79 75 72 69 67 65 62 59 55 53 51 50 49 49 50 51 54 57 59 62 66 72 76 79 82 86 89 91 93 94 94 94 94 98 98 99 100 99 98 96 96 96 97 98 98 99
69 73 76 77 76 76 78 80 81 82 82 82 81 79 77 75 73 70 67 63 59 57 53 49 46 44 44 45 46 46 45 45 46 48 50 53 59 64 69 72 74 76 80 86 89 92 95 98 99 99 102 108 113 114 116 116 115 116 117 115 112 108 105 102 102 102 100 97 94 92 89 85 80 75 71 66 62 60 58 56 54 52 51 49 48 47 47 48 49 52 54 57 60 65 70 75 80 83 86 89 91 93 94 95 97 97 96 98 101 101 100 100 98 96 96 96 96 98 99 99
74 77 80 80 80 81 82 82 83 85 86 87 86 83 80 78 76 75 72 68 64 60 56 50 46 42 42 42 43 43 43 43 44 45 46 49 52 56 61 66 69 70 74 80 84 87 90 92 94 95 98 104 109 112 114 114 114 114 115 113 111 108 103 99 98 97 96 92 89 86 82 78 74 70 66 62 58 57 55 53 52 51 50 48 48 48 48 50 51 53 56 60 66 73 78 82 86 88 90 91 93 94 95 97 99 99 99 101 103 103 102 100 97 96 95 95 96 97 98 100
77 79 81 83 84 85 85 86 88 89 90 91 90 87 84 82 81 80 80 79 76 72 67 62 55 50 46 44 44 45 45 45 46 48 49 50 52 53 56 63 67 68 71 76 80 81 84 86 89 91 94 100 105 108 110 111 112 112 113 112 109 106 101 96 94 94 92 90 87 82 77 73 70 67 64 61 58 56 55 53 52 51 51 50 51 51 53 55 57 60 65 71 78 84 88 90 91 91 92 93 95 96 98 100 101 103 104 107 107 104 104 101 97 95 95 95 96 97 97 99
79 82 84 87 88 89 90 92 93 94 95 95 93 90 88 87 86 86 85 85 85 84 81 77 70 63 57 53 49 49 51 51 50 51 52 52 53 55 56 60 65 67 70 73 75 76 77 80 84 87 91 96 100 103 106 109 110 111 110 110 108 104 100 95 91 90 89 87 84 79 73 70 68 66 64 62 59 57 55 54 53 53 54 55 56 58 60 63 67 72 78 83 88 92 94 94 95 96 97 98 100 102 103 104 106 108 110 110 108 105 104 103 99 96 95 95 96 97 97 98
82 85 87 89 91 93 95 96 97 98 98 97 96 95 93 92 92 91 90 90 91 91 91 89 85 78 71 66 60 57 56 56 55 55 55 55 55 57 58 60 64 67 68 70 71 71 72 75 80 84 87 92 95 99 103 107 108 108 108 107 106 103 99 93 88 86 86 83 80 76 71 68 67 66 65 63 60 58 57 57 58 58 59 61 64 67 71 75 80 84 89 93 95 97 98 98 100 102 104 105 105 106 106 107 109 111 111 112 111 108 105 103 99 96 96 97 97 97 97 98
83 86 89 91 92 94 95 97 98 99 99 99 98 98 98 96 96 96 95 94 95 97 97 96 93 89 83 77 73 68 64 61 60 60 59 58 58 58 59 60 63 65 66 67 68 68 68 71 76 81 84 88 91 96 101 105 106 106 106 105 104 101 97 92 86 83 82 80 76 74 71 68 67 66 65 64 62 62 62 63 63 64 66 69 72 76 80 85 89 93 96 98 99 100 101 103 104 106 107 107 106 106 107 109 111 114 112 110 110 107 104 103 101 99 98 98 97 97 97 98
85 87 89 91 92 93 94 95 97 99 100 100 99 99 99 99 99 100 100 99 99 100 101 100 98 96 92 87 82 78 73 69 66 65 64 62 61 61 61 62 63 64 64 65 66 67 68 70 74 79 83 86 89 94 99 102 103 104 104 103 101 99 95 91 85 81 79 77 74 73 71 69 68 67 66 65 66 66 66 67 68 70 72 75 78 83 88 92 95 98 99 101 103 104 105 106 107 108 108 107 107 109 111 112 113 113 112 110 108 107 105 104 102 100 98 97 97 98 97 97
85 87 88 89 90 91 92 93 95 96 97 99 100 101 100 101 101 102 103 104 105 105 105 104 103 101 98 94 90 85 81 76 73 71 69 67 65 64 64 64 64 65 65 65 66 67 68 70 74 77 81 85 88 93 98 100 101 101 101 100 99 95 92 88 85 81 78 76 74 73 72 70 69 69 68 68 69 69 70 71 73 75 77 80 84 88 93 96 99 100 102 104 105 106 107 107 108 108 108 109 109 111 112 113 113 112 111 109 108 107 105 103 101 99 98 97 96 96 96 97
85 86 87 88 89 89 90 91 93 94 95 96 98 100 101 102 104 105 107 107 107 108 108 106 104 102 100 97 94 90 86 82 79 76 73 72 70 69 67 66 66 67 67 67 66 67 69 71 74 77 81 85 88 92 95 97 98 98 98 97 95 93 90 88 85 82 79 77 75 74 73 72 71 71 71 71 72 73 74 76 78 79 81 84 88 92 95 98 100 102 104 105 106 107 108 109 109 109 109 110 111 112 112 112 112 112 111 110 109 107 104 102 101 98 97 96 95 95 96 97
85 86 87 87 88 89 90 90 92 93 95 96 98 99 100 102 104 106 107 108 108 109 108 107 105 103 101 100 97 93 90 86 83 80 77 75 74 72 70 68 68 68 68 68 68 68 70 72 75 79 82 85 88 90 92 94 95 95 94 93 93 92 91 89 87 83 81 78 76 75 74 73 73 73 73 74 75 76 78 79 80 82 84 87 90 93 96 98 100 102 104 105 106 107 108 109 109 109 109 110 110 111 111 112 112 113 112 110 109 106 103 102 100 98 95 95 95 95 96 98
86 86 86 87 88 89 90 90 92 93 95 96 98 99 100 102 104 105 106 107 107 107 107 106 104 102 101 100 97 95 92 89 86 82 79 78 76 74 72 70 69 68 68 68 69 70 72 74 77 80 83 86 88 90 92 92 93 92 92 92 93 93 92 90 87 85 82 79 78 76 75 74 74 74 75 76 78 79 80 80 81 82 85 87 90 93 95 97 99 101 102 104 105 106 107 108 109 109 109 109 109 109 110 111 112 112 111 108 107 105 102 100 99 96 95 94 95 96 97 99
86 86 86 87 87 88 89 90 91 93 94 95 97 98 100 101 102 104 104 105 104 105 104 103 102 101 100 99 97 94 92 90 87 83 81 79 76 74 72 72 71 69 69 69 70 71 73 76 79 82 84 86 88 90 91 91 91 91 92 93 94 95 94 92 89 87 84 81 78 77 75 75 75 75 76 78 79 80 80 80 81 83 85 87 90 92 94 95 97 98 100 101 103 105 106 107 108 108 108 108 108 108 109 110 110 110 109 107 105 104 101 98 96 94 94 94 94 95 97 100
86 85 84 85 85 86 87 89 90 91 92 93 95 96 98 100 101 102 103 104 103 102 100 99 99 99 99 98 96 93 91 89 86 83 81 79 76 74 73 73 72 71 70 69 70 71 74 76 79 82 84 87 89 90 91 91 91 93 94 95 95 95 94 93 91 89 86 83 79 77 76 76 76 77 77 78 79 79 80 80 81 83 85 87 89 90 92 93 94 96 97 99 101 103 105 106 106 106 106 106 106 107 107 108 108 107 106 104 102 100 97 94 94 93 92 92 93 94 97 100
87 84 82 82 82 83 85 86 87 88 89 90 91 93 95 97 98 100 101 102 101 100 98 95 92 92 94 96 94 92 89 86 83 81 80 78 76 74 74 73 72 71 70 69 69 71 74 77 80 83 86 88 90 91 92 92 93 95 96 96 96 95 95 94 92 90 87 84 81 78 77 77 77 77 77 78 78 78 78 79 80 82 83 85 86 88 90 91 91 92 94 96 97 99 100 100 101 101 101 101 101 101 101 102 102 101 100 98 96 94 92 90 90 90 89 90 91 93 97 101
88 83 80 78 78 79 80 81 82 82 83 84 84 85 86 87 89 90 91 92 90 90 89 86 80 79 84 89 89 87 85 83 81 80 78 76 75 73 72 72 71 70 69 68 69 71 74 77 81 84 87 90 92 93 94 95 96 97 98 98 97 96 96 95 94 92 89 85 82 80 78 77 77 77 77 77 77 77 77 77 78 79 81 82 83 85 86 85 85 85 86 87 88 88 88 88 89 89 89 89 90 91 92 92 91 90 90 88 87 86 85 85 85 85 85 86 89 92 98 104
90 83 77 73 72 72 73 73 73 72 71 71 70 69 69 69 69 69 70 69 68 68 67 66 63 61 64 68 69 70 70 71 73 75 74 74 72 71 71 70 70 69 68 67 68 71 74 77 81 83 85 89 94 96 97 98 98 99 100 101 101 100 98 97 96 94 91 87 84 80 78 76 75 76 76 76 76 76 76 75 76 76 77 78 78 79 76 73 72 70 69 68 68 68 68 69 69 69 69 71 74 74 75 75 75 75 75 75 75 75 75 76 77 78 79 82 86 92 99 106
93 85 77 70 66 63 62 62 61 59 57 56 54 52 51 51 50 49 51 51 49 48 50 50 47 42 42 43 44 44 45 48 52 59 65 67 69 69 69 69 69 68 68 68 69 72 75 79 82 84 86 90 95 98 99 100 101 102 104 105 104 103 102 101 99 97 94 90 86 82 79 76 74 74 74 75 74 74 73 73 72 72 71 69 64 60 57 53 50 47 46 45 46 47 48 50 50 51 52 54 56 56 57 57 58 58 60 61 62 63 64 65 67 70 74 80 87 94 101 108
99 92 84 75 68 62 59 56 54 51 48 45 42 41 40 41 42 42 44 45 43 38 39 41 38 34 32 33 33 33 32 33 36 41 47 54 61 66 68 67 67 67 67 68 70 73 77 81 85 88 90 93 97 99 101 103 104 105 107 108 108 107 107 105 104 101 98 94 89 84 80 76 73 72 72 72 72 71 70 69 67 64 58 50 44 40 40 38 35 33 33 34 35 36 37 39 40 43 45 46 47 47 46 46 46 47 49 51 54 56 58 60 64 71 78 85 93 100 106 112
106 100 93 87 80 74 69 65 61 57 50 44 40 38 37 39 41 44 47 48 46 38 34 33 31 30 29 29 29 29 28 29 31 35 38 41 47 57 65 68 68 67 67 68 70 74 79 84 88 92 95 98 101 104 106 109 110 111 112 113 115 116 115 113 110 106 102 97 91 85 80 75 72 71 71 71 71 70 68 64 58 50 45 42 37 33 31 31 30 29 29 30 31 31 32 34 37 41 46 46 44 44 42 40 42 44 47 51 55 60 65 69 74 82 90 97 104 109 114 118
111 106 101 96 92 86 82 77 73 68 59 51 45 42 41 42 42 45 50 53 52 43 34 31 30 28 28 27 28 28 28 29 33 39 40 38 38 45 57 68 71 70 69 69 72 77 83 88 92 95 98 101 105 108 112 115 117 119 120 122 124 124 122 119 116 112 106 100 94 88 82 77 73 72 72 72 72 69 64 56 47 41 42 44 41 35 30 29 28 28 28 29 30 30 31 33 38 43 49 50 47 46 45 44 47 51 55 62 67 72 78 84 89 95 101 106 111 116 119 122
114 110 106 102 98 93 88 84 80 74 68 61 56 52 48 47 45 47 51 56 60 52 39 33 29 28 27 27 27 27 28 32 41 46 44 40 38 39 48 63 74 74 73 72 75 80 86 91 95 98 101 105 108 112 116 120 123 125 127 129 130 129 126 124 122 118 113 107 101 94 87 81 76 74 74 75 73 69 61 49 41 40 45 50 49 41 33 29 28 28 28 28 29 29 31 36 43 50 54 55 51 49 51 52 56 62 66 71 78 83 89 95 99 104 108 112 116 119 122 124
115 113 110 107 103 99 94 89 85 81 76 71 68 62 57 54 52 52 53 57 61 60 51 41 33 30 28 28 28 29 34 43 51 53 49 44 41 42 46 57 72 79 79 77 80 85 90 95 98 100 105 109 112 116 120 124 128 130 131 132 133 132 130 128 126 124 119 113 107 101 94 87 81 78 78 79 76 68 56 44 39 42 48 54 57 50 40 33 29 28 28 28 28 30 35 42 51 57 58 57 56 55 58 63 66 71 77 81 86 92 97 103 107 111 114 116 120 122 124 125
117 115 113 110 107 104 100 96 92 87 83 80 76 72 69 65 62 61 60 61 62 63 62 57 50 44 40 39 40 45 52 60 63 61 58 56 55 57 57 59 71 84 84 81 84 89 94 98 99 102 107 111 115 120 124 127 131 133 134 135 136 136 134 132 131 129 126 120 113 107 101 94 87 83 82 82 79 70 57 47 46 49 52 56 59 58 52 43 37 33 32 32 34 39 45 52 58 63 63 63 63 65 68 73 78 81 86 91 95 100 105 110 113 116 119 120 122 125 126 127
118 117 115 113 110 108 105 102 100 96 92 88 84 82 80 78 75 72 68 66 64 64 66 68 68 67 66 65 66 68 71 72 72 72 73 76 79 81 81 80 82 87 86 85 88 94 100 102 103 106 111 115 119 123 127 129 132 135 136 138 140 140 139 138 137 134 131 127 121 114 108 101 94 88 85 84 85 81 72 67 68 67 65 63 63 63 61 58 54 51 49 50 53 56 59 62 65 67 69 71 73 77 80 83 88 91 95 99 104 108 112 116 118 120 122 122 124 127 128 128
119 118 117 115 113 112 109 107 106 104 100 96 92 89 87 86 85 82 78 74 71 69 69 70 71 73 74 74 74 74 75 77 79 80 82 86 89 91 94 96 93 89 87 90 95 102 106 107 108 111 114 117 122 127 130 133 135 137 139 141 144 144 142 142 141 138 135 132 128 122 115 108 101 93 89 88 90 91 89 86 85 82 78 75 73 70 68 68 67 65 64 64 64 64 66 68 70 72 75 79 82 85 89 92 96 100 103 107 110 114 116 119 122 123 124 125 127 129 130 130
120 120 119 118 116 115 113 112 110 109 106 102 99 96 94 93 91 90 88 85 82 79 76 75 74 74 74 74 74 76 77 77 77 78 79 81 84 89 93 95 92 89 91 97 104 108 110 111 112 113 114 118 123 128 133 137 140 142 142 143 146 147 147 146 144 141 138 135 132 127 121 115 109 101 95 92 91 91 93 91 88 84 80 77 76 74 74 72 71 71 71 71 71 72 74 77 81 84 87 88 90 93 95 99 102 106 109 112 114 117 118 122 124 125 127 128 129 131 131 131
122 122 122 121 120 118 116 115 114 113 111 108 105 102 99 97 96 95 93 92 91 89 87 85 84 83 81 79 77 75 75 74 75 76 78 81 84 87 89 90 91 93 98 106 110 112 114 115 115 114 116 120 125 130 135 139 144 147 146 145 148 149 148 147 146 143 140 137 135 131 127 123 116 108 101 96 92 90 90 89 86 83 79 77 74 73 74 74 75 76 79 81 82 84 86 89 91 93 95 96 97 98 100 103 107 110 113 116 118 120 122 125 127 128 129 129 130 132 132 132
124 124 125 124 124 122 120 119 118 117 115 113 111 108 105 102 100 98 96 94 92 91 89 88 86 83 81 79 78 77 77 79 81 81 82 84 86 87 88 91 95 100 108 114 116 115 115 115 114 115 119 123 126 131 136 141 147 150 148 148 150 151 149 146 145 144 142 139 137 135 132 129 123 115 108 101 96 93 90 88 86 84 82 80 78 75 74 74 75 76 79 81 83 86 88 90 92 94 96 98 100 102 104 107 111 113 116 118 121 123 125 129 130 129 131 132 131 133 133 132
127 127 127 126 126 125 122 121 121 120 119 117 116 114 111 108 105 102 99 97 95 93 91 89 87 85 84 84 84 84 85 86 87 87 87 87 87 88 91 97 103 109 116 120 119 116 115 114 113 116 120 123 127 132 137 143 150 151 150 150 153 155 153 149 146 144 142 139 137 137 135 133 130 124 117 109 103 98 94 91 89 88 86 85 84 82 80 80 79 78 79 81 83 85 88 90 92 94 97 100 102 104 107 110 113 116 119 121 124 127 128 131 132 131 133 134 132 133 133 132
129 129 128 127 128 126 124 124 124 123 121 120 118 117 116 113 110 107 104 102 101 99 98 96 94 93 92 92 91 91 91 91 91 89 89 90 91 94 98 104 110 116 121 122 120 117 115 115 115 116 120 125 128 132 138 145 152 153 151 152 157 161 159 153 147 144 142 137 136 136 136 135 135 133 127 120 112 106 101 97 94 92 90 88 87 87 87 87 87 87 87 88 89 91 93 94 97 98 100 103 105 107 110 114 117 119 122 125 127 129 130 131 133 133 133 135 134 134 134 133
130 130 130 130 131 130 128 127 127 126 124 122 120 120 119 117 114 110 109 109 108 106 105 104 102 100 98 97 96 95 94 93 92 92 92 93 96 100 105 111 117 121 123 122 120 118 117 115 114 116 121 127 129 133 139 146 155 157 154 154 160 165 164 156 148 144 142 139 136 136 137 136 136 136 134 128 121 114 109 104 101 98 95 93 92 91 91 92 93 95 96 96 97 98 100 101 103 104 106 108 109 112 115 117 120 122 124 126 128 130 130 132 134 134 134 136 135 134 135 134
131 132 132 133 134 134 133 133 132 130 129 126 124 124 123 121 118 115 114 114 113 112 110 108 106 104 102 100 98 97 95 94 94 94 94 95 100 107 113 119 123 124 124 122 119 118 118 116 114 116 121 127 130 134 140 147 156 159 156 155 162 168 166 158 150 145 143 141 139 138 138 137 137 136 135 132 127 121 116 111 107 103 100 98 96 95 95 96 97 99 101 102 103 104 106 107 110 111 112 113 114 116 118 120 122 124 126 127 128 130 131 133 134 135 136 136 136 135 135 135
133 133 134 135 136 136 137 137 136 135 134 132 131 129 127 125 123 121 119 118 117 115 112 110 108 106 105 103 100 97 96 95 95 96 98 101 106 113 118 122 125 126 125 122 120 119 118 116 114 115 120 128 131 134 141 150 159 161 157 155 162 167 167 159 152 147 145 144 143 141 140 139 139 137 136 133 129 124 120 116 112 108 105 103 100 98 98 98 99 101 103 105 107 108 110 112 114 115 117 118 118 119 121 122 124 126 127 128 129 132 133 134 136 137 138 138 138 137 137 136
133 133 134 136 137 138 139 139 138 138 138 136 135 133 131 129 127 125 123 121 119 117 114 112 109 107 106 104 100 97 96 96 97 100 104 108 113 119 122 123 125 126 125 124 122 119 117 115 114 115 120 127 131 134 143 153 161 162 157 154 161 167 166 160 153 149 149 148 146 145 144 142 141 139 137 134 130 126 122 118 114 111 109 107 104 102 100 100 100 101 103 105 107 110 112 113 114 116 118 119 120 121 123 125 127 128 129 131 132 134 135 136 137 139 139 140 140 140 140 139
133 133 135 136 138 139 140 140 140 141 140 139 138 136 134 132 129 127 124 122 120 118 115 113 110 107 105 103 100 98 98 99 101 105 110 115 119 123 125 125 125 125 126 126 123 120 117 115 115 118 123 127 131 135 143 153 162 164 157 153 159 167 166 159 153 151 152 153 151 149 147 146 144 141 139 137 133 128 123 120 116 113 110 109 108 107 105 104 103 103 104 105 107 109 111 113 114 116 117 118 120 122 125 127 130 131 132 134 135 136 137 138 139 140 140 141 141 141 140 140
133 134 136 137 141 142 142 142 142 142 142 140 140 138 136 134 131 128 126 124 122 120 117 114 112 108 105 103 102 102 102 104 107 111 116 120 124 127 128 127 127 126 126 126 124 121 117 115 117 120 124 127 131 135 142 151 161 165 160 155 159 166 166 158 153 152 154 156 156 154 151 148 146 144 142 138 135 132 127 122 118 113 109 110 111 111 111 109 107 105 105 106 107 109 111 112 114 116 117 119 121 123 125 128 131 132 133 135 136 138 139 140 140 141 141 141 142 141 141 141
135 136 137 138 142 143 143 143 142 143 142 141 141 140 137 135 132 129 127 125 124 122 119 116 113 109 106 105 105 107 109 111 115 118 122 126 129 130 130 129 127 127 126 126 124 121 118 117 118 121 124 128 131 135 141 150 160 165 161 156 160 166 165 157 152 152 153 156 159 160 156 153 150 147 144 138 135 133 129 124 120 117 112 110 111 114 115 113 111 108 107 106 107 108 110 112 113 115 117 119 121 124 126 129 131 132 133 135 136 139 140 141 141 141 142 142 143 143 143 144
137 138 139 140 143 143 143 143 143 143 142 142 141 139 137 135 132 130 128 127 125 123 120 117 114 112 110 110 111 112 114 117 122 125 127 129 131 132 131 129 128 128 127 126 123 121 119 119 120 124 126 128 131 135 140 148 157 162 160 155 159 165 164 156 151 150 151 155 160 162 160 158 154 150 145 140 136 132 129 127 124 122 118 114 114 117 118 116 115 113 110 109 108 109 110 111 113 115 117 119 121 124 126 128 130 132 134 136 137 139 140 141 141 142 143 143 144 145 144 145
139 141 141 142 143 143 143 143 143 144 143 142 141 139 138 135 132 131 130 128 126 123 120 118 116 115 114 114 115 117 119 122 126 129 130 131 131 132 132 131 129 128 127 126 125 123 122 122 124 126 127 128 131 134 138 146 155 160 158 154 157 163 162 155 150 148 150 153 157 162 163 160 157 152 146 142 138 134 131 128 126 124 122 120 120 120 119 119 118 117 116 114 112 112 112 113 114 117 119 121 122 125 127 129 132 133 135 137 138 139 139 140 141 143 144 144 144 145 144 144
140 142 142 143 144 144 143 143 143 143 142 142 141 140 138 135 133 132 131 128 125 122 120 119 118 117 117 118 119 121 122 125 128 131 131 130 129 132 132 130 129 129 128 127 126 125 125 125 126 126 126 126 128 132 136 143 151 156 155 151 154 160 160 154 148 146 148 150 152 157 161 160 158 153 149 144 140 137 133 129 127 125 123 122 122 121 121 121 121 120 120 119 118 116 115 116 116 118 121 123 124 126 129 131 133 134 135 138 138 138 139 140 141 144 145 145 145 145 145 144
140 142 143 143 144 144 143 142 142 141 141 142 142 140 138 136 134 133 131 129 126 123 122 121 120 119 119 121 124 125 127 129 132 132 131 129 129 130 130 130 129 129 129 128 127 127 127 126 125 124 124 124 126 130 134 140 146 151 150 147 149 155 157 152 145 142 144 146 147 150 154 159 160 155 150 145 141 138 133 130 127 125 123 123 122 122 123 123 123 123 123 123 122 121 119 119 118 120 121 123 125 128 130 132 133 134 135 137 137 136 137 139 141 143 145 145 145 146 145 143
140 142 143 144 144 144 143 142 141 140 141 142 142 141 140 138 135 134 132 129 126 124 123 122 122 122 123 126 129 131 133 136 136 135 132 130 129 129 129 129 129 129 128 128 128 127 126 125 123 122 121 121 124 127 131 136 141 145 144 143 144 148 151 148 142 139 139 141 142 143 148 153 157 155 152 147 142 137 133 131 128 126 124 124 123 123 123 125 125 125 126 127 126 125 124 122 121 121 121 123 125 128 130 131 132 133 134 134 135 135 135 137 140 142 143 144 144 144 143 142
140 142 143 144 145 144 144 143 142 141 142 142 142 141 139 138 136 134 132 130 127 125 125 125 126 126 128 130 132 135 136 137 137 135 133 130 128 128 128 128 129 129 128 128 127 126 125 123 120 119 119 120 122 124 127 131 136 138 137 137 139 142 144 143 138 136 136 138 139 140 142 146 151 153 151 146 141 136 133 131 129 127 126 125 124 123 123 123 125 126 127 127 128 127 127 125 124 123 122 123 124 126 128 129 130 131 131 131 133 133 134 135 137 139 141 142 143 143 143 141
138 141 142 143 144 145 145 144 143 142 142 142 142 141 138 137 136 133 132 130 129 128 127 127 128 129 131 133 134 135 136 136 134 133 131 128 127 127 126 127 128 127 128 128 126 124 122 120 117 116 117 118 120 122 124 126 130 132 132 133 134 138 139 138 135 133 133 134 135 136 137 140 145 148 147 144 140 135 132 129 128 127 126 125 125 124 123 123 123 125 126 126 127 128 127 125 124 124 123 123 123 124 125 126 127 129 130 131 132 132 133 134 135 137 139 140 142 143 143 142
136 138 140 142 143 144 144 143 143 142 142 141 141 140 138 136 135 134 132 132 132 131 130 129 130 131 132 133 134 134 133 132 131 130 128 126 127 127 126 126 127 126 127 127 125 122 119 117 116 115 116 117 119 119 120 122 126 128 129 129 131 135 135 134 131 130 130 131 133 134 134 136 139 143 144 142 138 135 131 128 126 126 126 125 125 124 123 123 123 125 125 126 127 128 128 126 125 125 124 124 124 124 125 125 126 127 129 131 132 133 134 134 135 136 137 138 139 140 139 139
134 136 138 140 141 143 143 142 143 142 141 141 140 139 138 136 135 133 133 133 133 132 131 131 131 132 133 133 132 132 131 130 129 127 127 127 127 127 126 126 126 125 125 125 122 118 116 115 115 114 115 116 117 117 118 120 122 125 127 127 129 131 133 132 130 128 128 129 131 132 133 134 136 138 140 140 137 134 130 127 124 123 123 123 124 124 123 123 123 124 126 127 128 128 128 128 127 126 126 126 126 126 126 127 127 128 130 131 132 133 133 133 134 135 135 136 138 138 136 135
133 135 136 138 140 142 142 142 142 142 140 139 139 138 138 136 135 133 132 133 134 134 132 132 132 132 132 132 132 131 129 129 129 127 126 126 126 126 125 124 124 123 122 120 118 115 113 113 114 113 114 114 115 115 116 117 119 122 124 125 125 127 129 130 129 127 127 128 129 130 131 132 132 133 135 135 133 130 128 125 123 122 121 122 123 123 123 123 123 124 126 128 129 129 129 129 129 129 129 129 129 128 129 130 130 130 131 132 132 133 133 133 134 135 135 136 137 137 136 136
132 134 136 137 139 141 141 141 141 140 139 138 138 138 137 136 136 134 134 133 134 134 133 133 133 132 132 131 130 131 130 128 129 127 126 125 124 123 122 121 121 119 117 115 112 110 109 110 112 112 112 112 113 113 114 116 118 120 122 124 124 125 127 127 127 126 126 126 126 128 129 129 129 128 128 129 128 125 123 122 121 120 119 119 120 121 122 123 124 124 125 127 129 130 130 131 132 132 131 131 131 131 132 132 132 132 132 133 134 134 134 134 136 136 136 136 137 136 135 135
130 132 135 136 138 139 140 139 138 138 138 137 138 137 137 136 134 133 134 135 136 135 134 134 133 132 130 129 128 129 129 128 127 126 125 123 120 118 118 117 115 113 111 108 106 105 106 108 110 110 111 111 111 112 113 114 116 119 121 123 124 125 126 126 126 126 125 125 124 125 126 125 124 123 122 122 122 119 117 117 117 118 118 117 118 120 121 122 124 125 126 126 128 129 129 130 132 133 133 133 133 133 134 134 134 134 133 133 134 134 134 135 136 137 137 137 137 136 135 134
127 130 132 135 137 138 139 137 136 136 136 137 137 137 136 136 135 135 136 136 137 136 135 134 133 132 129 129 129 129 129 127 126 125 123 120 117 115 113 111 109 107 105 103 101 100 102 105 107 108 108 109 109 110 112 114 116 119 122 124 126 127 127 126 126 125 125 125 124 123 122 121 120 118 117 116 116 114 111 111 112 113 114 115 116 118 119 121 123 125 126 127 127 127 127 128 130 132 132 134 134 134 134 134 135 136 135 135 135 134 134 134 134 135 136 137 136 135 134 134
124 127 130 133 135 137 137 136 135 134 133 136 135 136 135 136 137 137 137 137 137 135 135 134 132 131 129 128 129 129 128 125 123 122 119 116 113 110 108 105 103 102 100 97 96 97 100 104 106 106 107 107 108 109 111 114 118 121 124 126 128 131 132 130 128 126 125 125 122 121 120 118 117 114 111 110 109 108 105 104 105 108 110 111 113 115 118 119 122 124 126 127 126 125 125 126 127 130 131 133 134 134 134 135 136 136 136 136 136 135 134 133 133 133 134 135 135 133 132 132
123 125 129 131 133 135 136 134 133 132 133 136 136 136 136 137 138 138 138 137 135 134 134 133 132 131 129 128 128 128 125 122 120 118 115 113 110 106 103 100 99 97 96 94 93 95 99 103 105 106 106 107 108 110 112 116 120 125 127 129 132 138 141 135 130 127 126 125 122 119 118 117 116 114 110 107 104 102 100 98 99 101 105 107 110 113 116 118 121 124 126 126 125 124 124 124 125 125 128 131 133 133 133 134 136 137 137 137 137 136 135 133 132 133 132 132 132 131 130 129
122 124 128 130 131 133 134 133 133 133 134 136 136 137 137 137 138 137 137 137 135 134 133 131 131 129 128 127 125 124 122 120 117 114 112 109 106 102 99 97 96 95 93 92 93 97 101 104 104 105 106 107 108 110 114 118 125 132 133 132 134 143 149 144 136 129 126 125 123 119 118 117 116 116 113 109 104 100 96 93 93 95 99 103 107 110 113 116 119 122 124 124 125 125 125 124 123 124 127 130 132 133 132 133 135 137 137 138 138 137 137 136 134 132 131 131 130 129 129 128
120 123 126 128 129 131 131 132 133 133 134 135 135 136 135 136 136 136 136 136 135 133 132 131 130 130 127 124 122 121 121 119 115 112 109 106 103 100 97 95 95 93 92 92 95 100 104 106 106 106 106 107 109 112 116 121 129 138 139 135 135 142 148 147 140 132 128 126 123 120 119 118 118 118 117 114 108 102 95 91 89 90 94 99 103 106 109 113 117 120 122 123 123 123 123 122 122 124 127 130 131 131 132 133 135 137 137 138 138 138 137 136 135 133 131 130 129 128 128 126
118 121 124 125 126 128 129 131 133 132 133 133 134 135 135 135 135 134 134 134 134 133 133 131 130 129 125 124 123 122 119 116 113 110 107 104 101 98 96 95 94 93 93 95 98 103 107 108 107 107 107 109 111 115 121 124 130 138 142 138 135 141 147 147 145 142 137 131 126 122 121 120 119 120 121 119 115 108 99 91 87 87 90 94 98 102 107 111 114 117 119 120 121 123 123 123 123 124 126 128 130 130 133 134 134 135 136 137 137 137 137 136 135 134 132 130 128 127 126 124
116 119 121 123 124 125 127 129 130 131 132 132 134 136 135 134 134 133 134 134 133 132 131 131 130 128 125 123 121 119 117 114 111 108 105 102 100 98 96 95 93 93 96 99 103 108 111 110 109 108 107 109 112 117 124 129 131 135 137 134 130 134 140 143 144 146 144 140 136 132 130 130 129 130 131 128 122 115 104 94 87 85 87 90 95 99 103 107 111 114 117 119 121 122 122 122 122 124 127 126 128 130 132 134 134 135 135 135 135 135 135 135 135 134 132 130 128 126 124 122
114 116 119 120 122 124 126 128 129 130 131 132 134 136 135 134 133 133 133 133 132 131 130 130 129 128 125 123 121 118 115 111 108 106 104 101 99 98 96 94 93 95 100 104 108 112 113 112 110 108 107 108 111 117 124 127 128 131 131 129 126 128 131 134 136 138 142 142 139 136 135 134 134 134 136 136 131 123 112 99 89 84 84 88 91 96 100 105 109 112 115 118 119 120 122 123 123 125 127 127 128 129 131 133 133 133 134 134 133 133 133 133 133 132 131 129 127 125 123 121
112 114 117 119 121 123 125 127 129 130 131 131 134 135 135 135 134 133 132 132 132 130 130 129 128 128 126 123 121 116 112 109 107 105 103 101 99 98 96 93 93 98 103 106 109 110 109 107 106 105 104 105 107 112 117 120 122 123 123 124 123 123 125 126 128 133 137 138 133 129 128 127 127 128 128 130 132 129 120 106 93 85 83 86 89 93 98 103 107 109 112 115 117 120 122 124 125 126 127 128 128 129 130 132 132 132 133 132 132 132 132 132 131 130 129 128 126 125 123 122
110 112 115 118 120 122 124 126 128 130 131 132 133 134 134 135 135 134 133 133 131 130 130 129 127 126 125 122 118 114 111 108 107 105 103 101 100 98 95 92 93 98 103 106 107 105 102 99 98 99 99 99 101 105 109 113 115 115 115 116 116 117 117 117 119 122 125 125 125 122 117 115 118 119 121 125 129 128 121 110 96 86 83 84 88 92 96 101 105 108 111 114 116 119 121 123 125 126 127 128 128 128 129 130 131 131 132 132 132 132 131 130 130 129 127 126 125 124 123 121
109 111 114 117 119 121 123 125 127 129 131 131 133 133 134 134 135 134 134 133 132 131 130 128 126 126 123 120 117 114 111 109 107 105 103 102 100 96 92 90 93 97 101 102 100 95 88 81 79 82 89 94 95 96 101 104 105 107 108 109 110 111 111 110 110 110 110 112 111 102 91 87 89 94 102 111 116 118 117 110 99 88 83 84 88 92 96 100 104 108 111 114 116 118 120 123 125 126 127 128 129 129 130 130 130 131 131 132 132 131 130 130 129 128 127 126 125 123 122 120
108 110 113 115 117 119 122 124 126 128 130 131 131 132 133 134 135 135 134 133 131 131 129 127 125 125 123 121 118 115 112 109 108 106 104 103 100 95 90 89 92 96 97 95 89 81 70 61 58 61 69 80 88 90 92 94 96 98 100 101 103 104 105 104 103 102 103 100 88 75 70 66 65 71 83 94 103 108 109 107 101 91 86 86 90 94 97 100 103 106 109 112 114 116 119 122 125 126 128 128 129 129 130 130 131 131 131 132 132 131 129 128 128 127 127 125 124 122 121 120
107 109 112 114 116 118 120 122 125 127 129 129 130 131 132 133 134 134 133 132 130 129 128 127 125 124 122 119 118 116 113 111 109 107 106 103 99 94 89 87 89 92 92 87 79 69 56 47 44 47 53 62 76 84 87 88 90 91 92 93 94 96 97 97 97 97 93 82 70 64 58 50 49 56 68 82 93 99 102 103 100 93 89 89 93 96 99 101 103 106 109 111 113 115 118 121 123 125 127 128 128 129 129 129 129 130 131 131 132 131 130 128 127 127 126 124 123 121 120 120
107 109 111 113 115 117 119 121 123 126 127 128 129 130 131 133 134 133 133 131 128 128 128 127 125 123 120 118 117 116 114 112 110 109 108 105 101 96 90 88 87 88 86 81 73 61 48 38 36 40 49 59 69 77 82 84 85 85 85 86 86 88 90 91 92 88 82 77 73 63 48 39 38 45 58 73 85 92 96 99 98 96 93 94 97 100 102 104 105 107 108 110 112 115 118 120 122 123 125 127 128 128 128 128 128 129 130 130 131 131 130 128 126 126 125 124 122 121 120 120
106 108 110 112 114 116 118 121 123 125 126 127 128 129 130 132 133 133 132 130 129 130 129 128 126 122 120 119 117 115 114 114 112 112 111 108 104 98 92 89 86 84 81 76 68 59 51 46 45 47 52 61 70 76 78 80 80 80 80 79 80 81 84 86 84 82 83 84 77 64 52 46 44 49 58 70 79 86 92 96 97 98 98 100 103 106 108 108 108 108 109 110 113 116 118 119 120 122 124 126 127 127 128 128 128 127 128 128 130 130 129 128 126 126 125 123 122 121 120 120
105 107 110 112 114 116 118 120 122 124 125 126 127 128 131 133 133 133 132 130 129 130 129 128 125 122 121 119 117 117 117 116 116 115 114 111 107 102 96 91 87 83 79 73 67 62 59 58 60 62 65 68 74 78 80 79 78 77 76 74 75 77 80 80 82 86 89 87 83 76 69 64 61 61 64 71 78 85 90 95 98 101 104 108 110 112 114 113 112 111 111 112 114 116 118 119 120 121 123 124 126 126 126 127 128 127 127 128 129 129 129 128 128 126 125 123 122 121 120 119
105 108 110 111 114 116 119 121 122 123 125 126 127 129 131 132 133 133 132 131 130 130 129 127 125 124 122 120 120 119 119 119 119 119 118 116 112 107 102 96 91 87 83 78 73 69 68 69 72 76 78 80 81 83 83 82 79 76 73 71 72 72 75 79 85 90 92 93 92 90 87 83 79 76 76 79 83 88 93 97 102 106 111 115 117 119 119 118 116 115 114 114 115 116 118 120 120 121 123 124 125 126 126 127 127 126 126 127 128 129 129 128 127 126 125 123 121 120 119 119
105 108 109 111 113 115 118 120 121 123 124 125 127 129 130 131 132 132 131 130 130 129 128 128 126 124 123 123 122 122 122 122 123 123 122 120 117 112 107 103 97 92 87 84 81 78 79 81 84 87 89 90 89 89 89 87 85 80 75 70 69 71 76 84 90 94 98 101 102 103 102 99 96 92 90 89 91 95 98 102 106 110 116 121 123 125 124 123 120 118 116 116 116 117 118 120 121 121 122 123 125 127 127 127 127 127 127 127 127 128 128 127 127 126 124 123 121 120 119 118
104 107 109 111 112 114 117 119 120 122 124 125 127 128 130 131 131 131 130 130 129 128 128 127 127 126 125 125 124 124 124 125 125 126 126 123 121 117 113 110 106 101 96 93 89 86 86 88 91 94 95 96 96 96 96 95 93 90 83 76 73 76 82 89 95 100 105 109 111 112 112 111 109 105 102 99 100 102 106 110 113 117 121 125 128 129 129 127 125 121 119 118 117 118 119 120 121 121 122 123 125 126 127 127 128 127 127 127 127 127 126 126 126 125 123 122 120 120 119 118
103 105 107 109 111 113 115 118 120 122 123 125 126 127 129 130 130 130 130 129 129 128 128 127 127 127 126 126 125 125 126 127 127 128 128 126 123 121 118 115 112 109 106 102 99 95 94 94 95 97 98 99 100 102 104 104 103 99 92 85 81 82 87 95 103 109 114 116 116 116 116 116 116 114 111 110 110 112 116 119 121 124 126 129 131 132 132 131 128 125 123 121 119 119 119 120 121 122 123 124 125 126 127 127 127 127 127 127 126 126 125 125 124 123 122 121 119 119 118 118
103 105 107 109 111 113 115 117 119 121 122 124 126 127 128 129 128 128 129 128 128 128 128 128 128 128 128 127 127 127 127 128 129 130 129 127 126 124 121 118 116 113 111 108 105 102 100 99 99 100 102 103 104 107 111 114 114 111 104 96 91 90 95 103 111 117 120 121 121 119 118 118 118 118 116 116 118 120 122 124 126 127 129 131 132 133 133 132 130 128 126 123 121 119 119 120 121 122 123 123 124 125 126 127 127 127 127 127 126 125 124 124 123 121 121 120 119 118 118 118
102 104 107 108 110 112 114 116 118 120 121 123 124 126 127 127 127 128 128 128 129 129 129 128 128 128 128 128 128 128 129 130 130 130 129 128 127 125 123 120 118 116 114 112 109 106 105 103 103 103 104 106 108 112 118 122 123 121 115 107 101 100 104 111 118 123 125 126 125 123 121 120 120 120 120 120 121 123 125 127 128 129 131 133 133 134 134 134 132 129 127 125 123 121 120 120 121 123 123 124 124 125 126 126 127 127 126 126 125 124 124 123 122 121 121 120 119 118 117 117
102 104 106 108 109 111 113 115 116 118 120 121 123 124 125 126 127 127 127 128 128 128 128 128 128 128 128 128 128 129 129 130 130 130 129 127 127 125 122 119 117 115 114 112 111 109 108 107 106 106 107 109 112 117 123 127 129 126 122 115 109 107 110 117 123 126 128 129 127 125 123 121 121 121 121 122 123 124 126 127 128 129 131 133 134 134 134 134 133 131 128 126 124 123 122 121 122 123 123 124 124 125 125 126 126 126 126 125 125 124 124 122 121 121 120 119 118 118 117 116
102 103 105 107 109 111 113 114 115 117 118 120 121 122 123 125 126 127 127 128 128 128 128 128 128 128 128 129 129 129 129 130 130 129 128 127 126 123 121 118 115 113 111 111 110 110 110 109 109 109 110 112 116 121 126 130 132 130 126 119 114 112 114 119 123 127 129 129 128 126 124 123 121 121 121 121 122 123 124 126 127 128 130 131 133 134 134 133 133 132 131 128 125 123 122 122 123 123 124 124 125 125 126 126 126 126 125 125 125 124 124 122 121 120 120 119 118 118 117 116
102 103 104 107 109 110 112 113 114 115 117 118 119 120 121 123 124 126 127 127 127 128 128 127 127 126 127 128 128 129 129 129 129 128 127 125 124 122 120 118 115 112 110 110 110 111 111 111 110 111 111 114 117 122 128 131 132 131 127 120 115 114 114 117 122 126 129 130 129 127 125 124 122 121 121 120 121 122 123 125 126 127 128 130 132 133 133 133 134 134 133 130 128 126 124 124 123 123 124 125 125 125 125 125 125 125 125 125 125 124 123 122 121 121 120 119 118 117 117 116
101 103 104 106 107 109 111 111 112 114 115 116 118 119 120 121 123 124 125 126 127 127 127 126 124 125 125 125 127 128 128 128 127 125 124 122 121 120 118 116 114 111 110 110 110 110 111 111 111 111 112 113 116 121 126 129 129 128 124 118 113 111 111 114 118 123 126 128 127 125 124 124 122 122 121 121 121 121 121 123 124 125 126 128 131 132 133 133 134 135 134 131 129 128 128 127 125 125 125 126 126 126 125 124 124 124 125 124 124 124 124 123 122 121 120 119 118 117 116 116
101 102 104 105 106 107 109 110 111 112 113 115 116 118 119 120 122 123 124 125 126 126 126 125 124 125 122 122 126 127 127 126 125 123 121 119 120 119 117 116 113 111 110 110 110 111 111 111 111 111 111 112 114 119 122 125 126 124 120 114 109 105 106 111 115 119 123 126 125 124 123 122 121 121 121 121 121 120 121 122 123 123 124 126 129 130 132 133 133 134 135 133 131 131 130 128 127 127 126 126 126 126 125 124 124 124 124 123 123 123 123 123 122 122 121 119 118 117 116 115
100 102 103 105 106 106 108 109 110 111 112 114 115 117 118 120 121 122 123 125 125 126 125 124 124 123 121 123 127 127 126 125 123 121 118 117 119 119 117 115 113 111 110 110 110 110 111 111 111 110 110 110 112 115 117 120 122 121 117 111 107 105 106 110 113 116 118 120 121 121 121 120 120 119 119 120 121 121 121 122 122 123 124 125 126 128 129 131 132 133 135 135 134 134 132 130 129 129 128 127 127 126 126 125 124 124 123 123 123 123 123 122 122 121 120 119 118 116 115 114
100 101 103 104 105 105 106 108 109 111 112 113 114 115 116 118 120 121 123 124 124 125 125 123 122 122 122 125 126 126 125 123 121 119 116 116 117 117 116 114 113 111 110 110 110 110 111 111 110 109 108 106 106 108 110 113 115 115 113 110 108 106 106 106 107 110 111 113 114 114 115 117 118 119 119 119 120 120 121 122 122 123 123 123 124 126 127 129 130 132 134 134 135 134 133 132 131 131 130 129 128 127 126 125 124 123 123 123 123 123 122 122 122 121 120 118 117 116 115 114
100 101 102 103 104 105 106 107 109 110 111 112 113 113 115 116 118 119 121 122 122 123 124 123 122 121 121 124 125 125 124 122 119 117 115 115 115 115 114 113 112 110 109 109 110 110 111 110 107 104 101 99 98 98 100 103 106 107 107 106 103 100 100 100 101 104 106 106 106 106 107 109 112 115 118 120 121 122 122 122 123 123 123 122 122 123 125 126 128 130 132 134 134 134 134 133 133 132 131 130 129 128 127 126 125 124 123 123 123 123 122 121 121 120 119 117 116 116 115 113
99 100 102 103 104 105 105 106 108 109 110 111 112 113 114 115 116 118 119 120 121 122 122 122 123 123 122 123 124 123 123 121 119 116 115 114 113 113 112 111 110 109 109 109 110 110 107 104 100 97 94 93 91 91 92 95 98 100 101 100 98 96 96 98 99 100 101 99 99 101 101 102 104 105 109 115 120 124 125 125 124 124 123 122 121 122 123 124 125 127 129 131 133 134 134 134 133 133 132 132 131 129 128 127 125 124 123 123 123 122 122 121 121 120 118 117 116 116 114 113
99 100 101 102 103 104 105 106 107 108 109 110 111 111 113 113 114 116 117 117 118 119 120 121 122 122 122 122 122 121 121 119 117 115 114 113 111 111 110 109 109 109 108 108 107 104 100 97 94 92 89 87 84 83 83 87 91 93 94 95 95 95 95 95 95 95 93 91 92 93 95 96 97 98 100 103 109 115 121 124 125 124 123 122 120 120 121 122 123 125 126 128 130 132 133 133 133 133 133 132 131 130 129 127 126 125 124 123 122 122 121 121 121 120 118 117 116 115 114 113
99 100 100 101 103 103 104 105 107 107 108 109 110 110 111 111 112 114 114 114 116 117 118 119 120 120 121 120 120 118 118 117 115 114 112 110 109 109 108 108 108 108 106 103 100 97 94 91 88 85 82 79 77 76 76 78 81 84 86 89 91 92 91 88 88 89 86 85 85 86 87 87 89 91 93 95 98 101 107 113 118 121 121 120 119 118 119 119 120 122 123 125 126 128 130 131 132 132 132 132 131 131 130 128 126 125 124 123 122 122 121 121 120 120 119 117 116 115 114 113
98 99 100 100 102 103 103 105 106 106 107 108 108 109 109 109 110 112 112 113 114 115 115 117 118 118 118 118 116 115 115 114 112 112 110 108 107 107 107 106 105 104 101 97 93 90 86 82 79 76 75 73 71 71 71 72 74 76 78 81 83 84 83 81 82 84 82 80 81 82 82 80 81 81 83 86 90 93 97 101 106 111 114 115 115 115 116 117 117 118 120 121 123 125 127 129 131 131 131 131 131 130 130 129 127 126 125 124 123 122 121 121 120 120 119 117 117 116 114 112
97 98 99 100 101 102 103 104 105 105 106 107 107 108 108 108 108 109 110 112 113 114 114 115 115 115 115 114 113 112 111 110 109 109 107 105 104 104 103 102 100 97 94 90 85 80 76 73 71 69 68 67 65 66 66 67 68 70 71 72 73 74 75 75 76 77 75 73 74 77 76 74 73 73 75 77 80 84 88 92 96 99 104 107 109 110 112 113 114 114 116 117 119 122 124 127 129 129 130 130 130 130 129 129 127 126 125 124 123 122 122 121 120 119 118 118 117 116 113 110
97 98 99 99 100 101 102 103 103 104 105 105 106 106 107 107 107 108 109 110 112 113 113 113 113 113 113 111 109 108 107 106 106 105 103 102 101 99 98 96 93 90 85 79 74 70 67 65 64 63 62 61 60 61 61 62 62 62 63 64 66 67 67 67 68 68 67 67 67 68 69 68 67 66 68 69 70 72 76 80 83 86 91 95 99 102 104 106 109 111 112 114 115 118 121 124 126 128 129 130 129 129 129 128 127 126 125 124 123 122 121 121 120 119 117 117 116 115 113 111
96 97 98 99 99 100 101 101 102 103 103 104 104 105 106 106 107 108 109 109 110 111 111 111 111 111 110 107 106 105 104 103 103 102 100 98 96 93 91 88 85 80 74 69 64 61 59 58 57 57 57 56 56 56 57 57 57 56 56 58 59 60 59 59 61 62 62 62 61 61 62 62 61 60 60 61 62 64 67 69 71 73 76 80 85 91 95 99 103 106 109 111 113 114 118 121 123 126 128 129 129 129 128 127 127 125 124 123 122 121 120 120 118 117 116 115 114 113 112 110
95 96 97 98 99 99 99 100 101 101 101 102 103 104 105 105 106 107 108 108 109 109 109 109 109 108 106 104 103 102 101 100 100 98 96 93 89 85 81 77 73 68 63 59 56 54 54 53 53 54 53 53 54 55 55 55 55 54 54 56 56 55 55 57 59 60 59 59 58 58 59 59 59 57 56 57 58 59 61 62 62 64 66 68 73 79 85 90 94 99 104 108 110 112 115 118 121 124 126 127 128 128 128 127 126 125 124 123 121 120 119 118 117 116 115 113 112 112 110 109
94 95 96 97 98 98 98 99 99 99 100 101 102 103 104 104 105 106 107 108 109 109 108 108 107 105 103 101 99 98 98 97 95 93 90 86 81 75 71 66 62 58 55 54 54 54 54 54 54 54 53 54 55 56 55 55 55 54 55 56 54 53 55 58 60 60 58 58 58 60 61 60 60 60 60 60 60 59 60 60 60 61 61 61 64 70 76 81 86 91 96 102 107 110 113 117 119 121 124 126 127 128 127 127 126 124 123 122 121 119 118 116 115 114 113 112 111 111 109 108
93 94 95 96 97 97 97 98 98 98 99 100 101 102 102 103 103 104 105 106 107 107 107 106 105 103 101 98 97 96 95 93 91 89 85 79 73 67 63 59 56 55 55 55 57 57 58 58 58 57 57 57 57 58 58 58 57 57 59 59 57 57 58 60 63 63 63 64 65 67 68 67 66 66 66 65 65 64 64 64 63 63 61 60 61 64 69 73 79 85 89 95 102 107 110 114 117 120 123 125 126 127 127 126 125 124 123 122 120 118 116 115 114 113 112 111 110 109 108 107
91 93 94 95 96 96 96 97 97 97 98 99 99 100 101 101 102 103 104 105 105 106 106 105 103 101 99 97 95 93 93 91 88 85 80 75 71 64 59 55 54 56 57 59 61 61 62 63 63 62 62 62 63 65 65 65 64 63 65 66 65 66 66 67 69 70 72 73 74 76 77 77 76 75 74 72 72 71 70 69 68 66 65 65 66 68 70 72 75 80 85 92 97 103 107 111 114 118 121 123 126 127 127 126 125 124 123 121 118 116 115 114 113 111 110 109 108 108 107 105
89 92 93 94 95 95 96 96 96 96 97 98 98 99 99 100 101 102 103 104 104 105 105 103 101 100 98 96 93 92 90 88 85 82 79 75 71 66 61 58 58 60 62 64 66 67 69 70 70 69 70 70 72 74 74 75 74 72 74 76 76 77 77 77 79 81 83 86 87 87 88 87 86 85 85 84 81 80 78 77 74 73 72 72 73 75 77 79 80 81 85 90 94 100 104 109 112 115 118 120 123 125 126 126 125 124 122 120 118 115 114 113 112 110 109 108 107 106 105 101
88 90 92 93 94 94 95 95 95 95 96 97 97 98 98 99 100 101 103 103 104 105 104 102 101 99 96 95 92 90 88 86 83 81 79 77 74 72 70 66 65 66 68 71 73 75 77 77 77 78 79 80 81 84 86 86 84 83 85 86 87 88 87 88 91 93 94 98 99 98 98 96 94 94 95 94 91 88 87 85 83 83 83 82 82 85 86 88 88 87 88 90 93 98 102 107 111 114 116 119 121 123 123 124 124 123 121 119 117 114 112 111 110 109 107 106 105 104 102 96
87 89 90 92 93 93 94 94 94 95 95 96 97 97 98 98 99 100 102 103 103 103 103 102 100 98 95 93 91 89 87 84 83 82 81 80 79 79 79 78 76 75 74 76 78 80 81 81 82 83 84 85 86 90 93 92 91 91 93 94 94 94 94 95 98 100 101 103 105 105 103 102 100 99 100 99 97 94 91 92 92 91 92 92 92 94 97 98 97 95 93 93 95 99 102 106 109 112 115 117 120 121 121 122 122 121 119 118 115 113 112 110 109 107 106 105 103 102 97 91
84 87 88 90 92 92 92 93 94 94 94 95 96 96 97 98 99 100 101 102 102 102 101 101 100 98 96 93 91 89 87 86 85 84 85 86 87 88 88 87 85 83 81 81 81 81 82 83 84 85 87 89 90 93 96 95 93 95 97 98 97 97 98 99 101 103 104 105 107 108 106 106 104 102 102 101 100 98 96 96 97 98 98 99 101 103 106 107 106 102 99 97 97 99 102 105 108 111 113 115 117 118 119 119 119 118 117 116 114 111 110 108 106 105 104 103 101 98 91 86
80 85 86 88 90 91 92 92 93 93 94 94 95 96 96 97 98 99 100 101 101 101 100 99 99 97 96 93 91 90 89 88 88 88 89 92 95 96 95 92 89 87 85 85 84 84 84 85 85 86 88 90 91 94 97 96 94 95 97 98 98 99 99 99 100 103 105 107 109 110 109 108 105 105 104 103 103 102 101 99 100 101 101 102 105 109 111 112 110 107 104 102 101 101 102 105 107 109 112 114 115 116 116 116 116 115 114 113 111 109 107 105 104 103 102 101 98 93 88 83
72 81 84 86 88 90 91 92 92 93 93 94 94 95 95 96 97 98 98 99 99 100 99 99 98 96 95 93 92 90 90 90 91 92 93 96 99 100 98 95 92 89 87 86 86 85 85 86 85 87 89 90 91 94 96 95 94 93 94 94 94 95 95 95 97 99 103 106 107 107 107 106 104 105 104 103 104 104 103 100 100 102 103 104 108 112 114 113 112 109 107 105 105 105 104 105 107 108 109 112 113 113 113 113 112 111 110 109 108 106 104 103 102 101 100 98 95 90 87 82
63 73 81 84 85 88 90 91 91 92 92 93 93 94 94 94 95 95 96 97 97 98 98 98 97 96 94 93 92 91 91 91 92 94 96 98 99 100 99 97 95 92 89 87 86 86 85 86 85 86 87 88 89 91 93 92 90 89 87 87 88 88 88 88 90 92 96 99 101 101 102 102 101 101 101 102 102 102 103 102 101 103 105 106 108 111 113 113 112 111 109 107 106 106 106 105 106 106 107 109 110 110 110 110 109 108 107 106 105 104 102 101 100 99 98 96 92 87 85 81
56 64 75 82 83 85 88 90 90 91 91 92 92 92 93 93 93 94 94 95 95 96 96 96 96 95 94 93 92 91 92 93 94 95 96 97 98 99 98 98 96 94 92 89 88 86 86 86 85 85 85 85 86 87 88 87 85 83 82 81 81 81 80 81 83 85 88 91 95 96 97 99 98 98 99 100 100 100 101 101 101 102 104 106 108 110 111 112 112 111 110 108 107 106 106 105 105 105 105 106 107 107 108 107 106 105 104 103 103 102 101 100 98 97 95 94 91 86 80 77
52 58 65 75 81 83 84 87 89 89 90 90 90 90 90 91 91 91 92 93 93 93 94 94 94 94 94 93 92 92 93 93 94 95 96 97 97 97 96 96 96 94 92 90 88 86 85 85 84 83 83 83 83 84 84 82 80 79 78 77 76 75 74 76 78 80 82 86 89 90 92 94 94 94 97 99 99 99 98 100 101 102 103 105 107 109 110 110 111 110 110 109 107 106 106 105 104 104 104 104 104 104 104 104 103 102 102 101 100 100 99 98 96 95 94 93 91 86 77 71
48 54 57 64 75 81 82 84 86 88 88 89 89 89 89 89 89 89 90 91 91 91 92 92 93 93 93 93 92 92 92 93 94 95 96 96 96 96 95 95 95 94 92 90 88 86 85 83 83 82 81 81 80 80 80 78 77 75 74 73 72 71 71 71 73 75 78 81 84 86 88 90 91 92 94 95 96 96 97 99 100 101 103 104 105 106 108 108 109 108 108 108 107 106 105 104 103 103 103 102 102 102 102 101 101 100 99 99 98 98 97 96 94 94 94 92 90 83 73 62
40 48 52 56 64 75 80 81 83 86 87 87 87 87 87 87 87 88 88 89 89 90 91 91 91 91 91 91 91 91 92 92 93 94 94 95 95 95 95 95 94 93 91 89 88 86 84 83 82 80 79 78 77 76 76 75 74 72 71 70 69 68 68 68 69 71 73 76 78 81 83 85 86 87 89 90 92 94 96 98 99 101 102 102 103 105 106 107 107 107 107 107 106 105 104 103 103 103 102 102 101 100 100 99 99 98 97 97 96 96 95 94 93 94 93 92 87 78 70 59
30 40 48 50 55 64 74 79 80 82 85 86 86 86 86 86 86 86 86 87 88 89 89 90 90 90 90 90 90 91 91 91 92 92 93 93 94 94 94 94 93 92 91 89 88 86 84 83 81 79 77 76 76 75 75 74 73 72 71 70 68 67 67 68 68 69 71 73 75 76 79 81 83 85 87 88 90 92 95 96 98 99 100 101 102 104 104 105 105 106 106 105 104 103 103 102 102 102 101 101 100 99 98 97 97 96 95 95 95 94 93 93 93 93 93 90 82 74 72 62
23 30 40 46 50 54 63 72 77 79 81 83 85 85 85 85 85 85 85 86 87 87 88 88 89 89 89 89 90 90 90 90 91 91 91 92 92 92 92 93 92 92 91 89 88 86 84 82 80 79 78 77 76 76 76 76 74 73 72 71 70 68 68 69 70 71 72 74 75 76 78 80 83 85 87 88 90 92 94 95 96 98 99 100 101 102 103 103 103 104 104 103 103 102 101 101 101 101 101 100 99 99 97 96 95 94 93 93 93 92 92 93 93 93 92 87 77 75 76 67
21 22 29 38 45 49 54 62 71 76 78 80 82 83 83 84 84 84 85 85 86 87 87 88 88 88 89 89 89 89 89 90 90 90 90 91 91 92 92 92 91 91 90 89 88 86 84 83 81 80 80 79 79 79 79 79 78 77 76 75 74 74 73 73 74 76 76 77 78 79 81 83 84 87 88 90 91 93 94 95 96 97 99 100 100 101 101 102 102 102 102 101 101 101 100 100 100 100 100 100 99 99 97 95 94 93 92 92 92 92 92 93 92 91 90 83 77 78 80 72
20 19 21 28 37 45 48 52 61 70 75 77 79 81 82 83 83 83 84 85 85 86 87 87 88 88 88 89 89 89 89 89 89 89 89 90 90 90 91 91 91 91 90 89 88 87 85 84 83 83 83 82 82 83 83 84 83 83 82 82 82 81 80 80 81 82 82 83 83 84 85 86 88 89 91 91 92 93 94 95 96 97 98 99 99 100 100 101 101 100 100 100 100 100 99 99 99 99 99 99 99 98 97 95 94 92 92 91 91 92 93 92 90 89 88 80 78 81 82 75
19 19 19 21 28 38 44 48 52 59 69 75 76 77 79 82 82 82 83 84 85 86 86 87 87 88 88 88 89 89 89 88 88 88 89 89 89 90 90 91 91 91 91 90 89 89 88 87 86 85 86 86 86 88 89 90 90 90 89 89 88 88 88 88 88 89 89 90 90 90 90 91 92 93 94 94 95 95 96 96 97 97 98 98 99 100 100 100 100 100 100 100 100 100 99 99 99 99 99 99 99 98 96 95 94 92 90 90 91 92 92 91 89 89 86 79 82 85 84 75
19 19 18 19 21 28 37 45 48 51 60 68 73 75 76 79 81 81 82 83 84 85 86 87 87 88 88 88 88 88 88 88 88 88 88 89 89 89 90 90 91 91 91 91 90 90 90 89 89 89 90 91 92 94 95 96 96 96 96 95 94 94 94 95 96 96 97 97 96 96 97 97 98 98 98 97 98 98 99 98 98 98 98 99 100 100 100 100 100 100 100 100 100 100 99 99 99 98 98 99 98 97 96 95 93 91 90 91 92 92 91 89 90 91 83 79 86 87 84 71
20 18 18 19 19 21 27 38 44 48 53 60 66 71 73 76 79 80 81 82 84 84 85 86 87 87 87 88 88 88 88 88 88 88 88 88 88 89 90 90 90 91 91 91 91 91 91 92 92 93 95 96 97 99 100 101 101 101 101 101 101 100 101 101 102 103 103 103 103 103 102 103 103 103 102 101 101 100 100 100 99 99 99 99 99 100 100 100 101 101 101 101 100 100 100 99 99 98 98 98 98 97 96 94 92 91 91 92 92 91 89 89 93 90 81 84 89 88 82 65
20 19 18 19 19 19 21 30 40 45 51 56 59 65 70 73 77 79 80 81 83 84 85 86 87 87 87 87 88 88 88 88 88 88 88 88 89 89 90 90 90 91 91 91 92 92 93 94 96 98 99 101 102 103 105 105 106 106 106 106 106 106 106 106 106 107 108 108 109 109 109 108 108 108 106 105 104 103 102 101 101 101 101 101 100 101 101 101 101 101 102 102 101 101 101 100 99 98 97 97 96 95 94 92 91 92 91 91 91 89 89 92 94 86 82 90 91 88 77 62
20 19 19 19 18 19 19 25 34 42 49 53 56 60 68 72 75 77 79 80 81 83 84 85 86 87 87 88 88 88 88 88 88 89 88 88 89 89 90 90 91 91 92 92 93 94 96 98 100 102 103 105 106 108 109 110 110 110 110 109 109 108 108 108 109 110 112 113 113 113 113 113 113 113 111 109 107 106 105 104 103 103 103 103 103 103 103 103 102 102 103 103 102 102 102 101 100 99 98 96 95 94 92 92 92 91 91 89 88 88 91 94 92 83 86 91 91 87 70 61
20 20 19 19 18 19 18 23 30 39 47 52 55 58 67 71 73 76 78 79 80 82 83 85 86 86 87 88 88 88 88 88 88 89 89 89 89 89 90 90 91 92 93 93 95 97 99 101 103 105 107 109 110 111 112 113 112 112 111 111 110 109 109 110 110 112 113 115 115 116 116 116 117 117 116 114 112 109 108 107 106 105 105 105 105 105 105 104 104 104 104 104 103 103 102 101 100 99 97 96 94 93 92 91 91 91 89 88 88 91 94 96 89 84 89 92 92 82 65 65
20 20 19 19 18 19 18 22 29 38 46 50 54 57 66 72 74 75 76 78 79 81 82 84 85 86 87 87 88 88 88 88 88 89 89 89 89 90 90 91 91 92 94 95 97 99 101 104 106 108 110 112 113 114 114 114 114 113 112 111 111 110 109 110 110 111 113 115 116 117 118 119 120 121 120 118 116 113 112 110 109 107 107 107 107 106 106 106 105 105 105 105 104 103 102 101 100 98 96 94 93 92 92 91 90 89 88 88 90 93 96 95 86 86 93 94 93 75 63 72
20 21 19 18 18 19 18 22 28 37 46 50 53 56 64 71 74 76 76 76 77 79 81 82 84 85 86 86 87 88 88 88 89 89 89 90 90 90 91 91 92 94 95 96 98 101 103 106 109 111 113 114 115 115 115 115 115 114 112 111 109 108 108 108 109 110 112 114 116 118 119 120 122 123 122 121 119 117 114 112 111 110 109 108 108 108 107 107 106 106 106 106 105 104 102 101 99 97 94 93 92 91 91 90 88 88 88 89 92 95 98 93 85 90 94 95 88 69 66 77
20 21 20 18 18 19 18 21 28 36 45 50 54 57 63 70 73 76 77 76 75 77 79 81 82 83 85 86 86 87 88 88 89 89 90 90 90 91 91 92 93 94 96 97 99 102 104 107 110 112 114 115 115 115 115 115 114 113 111 110 108 107 107 107 108 109 111 113 115 117 119 121 122 124 124 123 121 119 117 114 113 112 111 110 109 109 108 108 107 106 106 105 105 103 102 100 98 95 93 92 91 90 89 88 87 88 89 91 94 97 97 89 87 93 95 96 80 66 74 79
19 21 20 19 18 19 18 21 27 35 44 50 54 59 65 71 73 76 77 77 76 75 76 78 80 82 83 85 86 86 87 88 88 89 90 90 91 91 92 93 94 95 97 98 100 102 104 107 109 112 114 115 115 115 115 114 113 111 110 108 107 106 105 105 106 108 110 112 114 116 118 120 122 124 125 125 123 121 119 116 114 113 112 111 110 109 109 109 107 106 105 105 104 102 101 99 97 94 92 91 90 89 87 86 87 89 91 93 96 99 95 87 89 95 97 91 73 67 80 83
19 21 21 19 19 19 19 20 27 34 43 49 54 59 65 72 74 75 76 77 76 75 75 76 77 79 82 83 84 85 86 87 88 89 89 90 91 91 92 93 94 95 97 99 100 103 105 107 109 111 113 113 114 114 114 113 112 110 108 107 106 105 104 104 105 107 109 111 113 115 116 119 121 122 123 124 123 121 119 117 115 114 113 111 111 110 109 109 107 105 104 103 102 101 99 97 95 93 91 90 88 86 86 87 89 91 93 96 98 99 92 87 93 97 98 84 69 74 83 85
19 20 21 19 19 19 19 20 27 33 42 49 54 59 64 73 75 76 77 76 76 76 75 76 75 77 79 81 83 84 85 86 87 88 89 90 91 92 93 93 95 96 97 99 100 102 104 106 108 110 111 111 112 112 112 111 110 108 106 105 105 105 104 104 105 106 108 110 112 113 115 117 119 120 121 122 122 120 119 117 115 114 113 111 111 110 109 108 106 105 104 102 101 99 97 95 94 92 89 87 86 85 86 89 91 93 96 98 100 98 89 88 96 99 95 77 68 81 87 87
19 20 21 20 19 19 19 20 26 32 41 49 54 59 63 73 76 78 78 77 76 76 75 75 75 75 76 78 81 83 84 85 86 87 88 89 90 91 92 94 95 96 97 98 99 100 102 104 106 107 108 109 110 110 110 109 108 107 105 104 104 104 104 105 105 106 108 110 111 112 113 116 117 118 119 119 119 119 118 116 115 113 112 111 110 109 108 107 105 104 102 101 99 97 96 94 92 89 87 86 86 87 88 90 93 96 98 99 101 95 87 92 98 100 88 70 74 86 88 91
20 20 21 20 19 19 19 20 26 32 41 48 54 59 63 72 76 79 80 79 78 77 76 75 75 75 75 76 78 81 82 84 85 86 88 89 90 91 92 93 94 95 97 98 98 99 100 102 103 104 105 106 107 108 108 107 107 106 104 103 103 103 104 105 106 107 108 109 110 111 112 114 115 116 116 116 116 116 115 114 113 112 111 110 108 108 107 105 104 102 100 99 97 96 95 93 90 87 86 85 86 88 90 93 96 98 99 100 100 91 88 96 100 98 81 68 82 90 89 95
20 20 20 21 20 20 20 20 26 31 40 48 53 58 62 72 76 80 82 81 80 79 78 76 75 75 76 76 76 78 80 82 84 85 86 88 89 90 91 92 94 95 96 97 97 98 99 100 101 102 102 103 104 106 106 106 105 104 103 103 102 102 103 104 105 105 106 107 108 109 110 111 113 113 113 113 113 113 113 112 111 110 109 108 107 106 105 104 102 100 98 97 96 95 93 90 87 86 85 85 87 89 92 95 97 98 99 101 96 87 92 98 101 93 72 73 87 90 94 99
20 20 20 21 21 20 20 20 26 31 39 47 53 58 62 71 76 80 82 82 81 81 79 77 76 75 76 76 76 76 77 79 82 85 86 87 87 89 90 92 93 94 95 96 96 96 97 98 98 99 99 100 101 102 103 103 102 102 102 101 102 101 102 102 103 104 104 105 106 107 107 109 110 110 110 110 110 110 110 110 109 108 106 105 104 103 102 101 99 98 97 96 94 92 90 88 86 85 85 86 89 92 95 97 98 99 100 101 93 87 95 100 99 86 68 80 91 91 98 101
21 20 20 21 21 20 20 21 25 31 39 46 52 58 63 72 76 79 82 83 83 82 81 79 78 76 76 76 76 76 77 77 79 82 84 86 87 88 89 90 91 92 93 94 94 95 95 96 96 96 97 97 98 98 99 99 99 99 99 100 100 100 100 101 101 102 103 103 103 104 105 106 107 107 107 107 107 107 107 107 106 105 104 102 101 99 98 97 97 96 95 93 91 89 88 87 86 85 87 89 91 94 96 97 98 99 101 99 89 90 98 101 96 77 71 86 92 96 102 102
21 20 20 21 22 20 20 21 25 30 39 46 51 57 62 71 77 78 82 84 84 84 82 81 80 78 77 76 76 76 77 77 77 78 80 83 85 86 87 88 89 90 91 92 92 93 93 93 93 93 94 94 94 95 95 96 96 96 97 97 98 98 98 98 99 100 101 101 101 101 101 102 103 104 103 102 103 103 104 103 103 102 101 100 97 96 96 95 94 93 92 90 89 88 86 86 86 87 89 91 93 95 96 97 98 99 101 95 87 94 99 101 90 70 78 93 93 99 104 103
21 21 20 21 22 21 20 21 25 30 38 46 51 56 61 70 77 78 82 84 85 85 83 82 81 81 79 77 76 76 76 77 77 77 78 79 81 83 85 86 87 88 89 89 90 90 90 90 90 90 90 90 91 91 92 92 93 93 94 95 95 95 95 95 96 97 97 98 98 97 97 97 99 99 99 99 99 99 99 99 99 98 97 96 95 94 93 92 91 90 89 88 87 86 86 86 87 89 91 92 94 96 97 97 98 100 100 90 89 97 99 98 79 70 85 94 97 103 104 102
21 21 21 21 23 22 20 21 26 31 38 46 51 56 60 69 77 79 82 84 85 86 85 83 82 82 81 79 77 76 76 76 76 77 78 77 77 79 81 83 84 85 86 86 87 87 87 87 87 87 87 87 87 87 88 88 89 90 91 91 91 92 92 92 93 93 94 94 93 93 93 93 94 95 95 95 95 94 95 95 94 94 93 93 93 92 90 89 88 88 87 87 86 86 87 88 89 90 92 93 95 96 97 98 100 102 97 88 92 99 100 91 71 75 92 95 101 107 106 104
21 21 21 21 23 22 21 21 25 30 37 46 51 56 60 68 76 79 82 84 85 85 85 84 83 83 82 81 79 77 77 77 76 76 77 77 76 76 77 78 79 81 82 83 84 84 84 84 84 84 84 83 83 83 84 84 85 85 86 87 87 88 88 89 89 89 89 89 88 88 87 87 88 89 89 88 89 89 90 90 91 91 90 90 89 88 88 87 87 87 86 86 86 87 88 90 91 92 93 94 96 96 97 99 101 102 91 88 97 99 98 82 69 82 95 98 105 109 107 105
21 21 21 21 22 23 22 21 25 29 37 46 51 56 60 67 76 79 82 84 85 85 86 85 84 84 83 82 81 80 78 78 77 76 76 76 76 76 76 76 76 77 78 79 80 80 80 81 81 81 80 80 79 79 79 80 80 81 82 82 83 83 83 84 84 84 84 84 84 83 82 81 83 83 82 82 83 84 85 86 87 87 86 86 85 85 86 86 86 86 86 86 87 88 90 91 92 93 94 95 96 96 98 100 103 99 89 90 98 99 93 73 73 91 96 101 109 109 107 105
21 21 22 21 22 23 22 21 26 30 36 46 51 55 59 67 75 78 82 84 85 85 85 86 85 85 84 83 82 82 80 79 78 77 76 76 76 76 75 75 75 75 75 75 75 75 76 76 76 76 76 76 75 75 75 75 76 76 76 77 77 78 78 79 79 79 79 79 79 79 78 78 78 78 79 79 79 80 81 82 82 83 83 84 84 85 85 85 86 86 86 87 88 90 91 92 93 94 94 95 96 97 99 101 102 94 88 94 98 98 85 70 81 94 98 105 110 109 107 105
21 21 22 22 21 23 23 22 26 30 36 45 50 55 59 67 75 78 81 84 86 86 86 86 86 85 85 84 82 82 82 80 79 78 77 77 77 76 75 74 74 74 74 73 73 73 73 72 72 72 72 72 72 71 71 71 72 72 72 73 73 73 74 74 74 74 74 74 74 74 74 74 73 74 75 75 75 76 77 79 80 81 82 83 84 85 85 85 86 86 87 89 90 91 92 93 93 94 95 96 97 98 100 101 100 90 89 96 99 95 77 72 88 96 101 108 110 109 108 105
