7 10 15 24 34 47 59 70 79 86 91 95 98 99 100 102 105 107 110 113 115 117 120 122 125 126 128 129 131 132 133 134 135 136 137 138 138 139 140 140 140 140 140 139 139 138 137 137 136 136 136 136 137 137 137 138 138 138 137 137 135 134 134 133 132 131 128 125 121 118 118 119 120 122 124 125 125 124 124 123 123 123 122 122 121 120 119 118 118 117 116 115 113 111 109 106 103 98 93 87 78 71 64 57 51 45 40 35 30 26 23 19 17 15 13 12 11 10 9 9
9 14 22 32 45 58 70 79 87 92 96 98 99 100 102 104 107 109 112 114 116 118 121 123 125 127 128 130 131 132 133 135 136 136 137 138 138 139 140 140 140 140 139 139 139 138 137 137 137 136 136 137 137 138 138 139 139 138 138 137 136 136 135 134 132 131 129 125 121 120 120 121 122 124 125 125 125 124 124 123 123 122 122 121 120 120 119 118 118 117 116 115 115 113 112 110 107 103 99 94 87 80 73 66 61 54 47 41 35 30 25 22 19 16 15 13 12 11 10 9
12 19 30 42 55 68 79 87 92 96 98 100 100 101 104 106 109 111 114 116 118 120 121 123 125 127 128 130 131 132 134 135 136 136 137 138 139 140 140 140 140 140 140 140 139 139 138 138 137 137 137 136 136 137 139 139 139 139 138 138 137 137 135 134 132 131 130 127 126 125 125 125 125 125 125 125 125 124 124 123 123 122 121 120 119 118 117 117 118 118 117 117 116 115 114 113 111 108 105 101 96 90 84 77 72 64 57 49 41 35 29 25 21 18 16 14 13 12 11 10
17 26 39 52 65 77 86 92 96 98 100 100 101 103 106 108 111 114 116 117 119 121 123 124 126 127 129 130 131 132 134 135 135 136 137 139 140 140 140 140 140 140 140 140 140 139 138 138 137 137 137 137 137 138 139 140 140 139 139 138 138 137 135 134 132 132 131 130 129 127 126 125 125 125 125 125 125 125 125 124 124 124 123 121 120 120 120 119 119 119 118 118 117 116 115 114 113 111 109 106 102 98 93 87 82 75 67 59 50 41 35 29 24 20 17 15 14 12 11 11
24 35 48 61 74 84 91 96 98 100 101 102 103 105 108 111 114 117 118 119 121 122 124 125 126 128 129 130 132 133 135 135 136 137 138 140 141 141 141 141 140 140 140 141 140 140 139 138 137 137 137 138 138 139 140 140 140 140 140 139 138 137 135 133 133 132 131 131 130 128 127 126 125 125 125 126 126 126 126 126 126 126 125 125 123 123 123 122 121 120 120 119 118 117 115 114 113 112 111 109 106 103 99 95 90 84 76 69 59 49 41 33 27 23 19 16 14 13 12 11
32 44 58 71 81 90 95 99 100 102 103 104 106 108 111 114 117 119 120 121 122 124 126 127 128 129 131 132 133 135 136 137 137 138 140 141 142 142 142 141 140 140 140 141 141 140 139 138 138 138 138 139 139 140 140 140 140 140 140 139 138 136 134 133 133 132 131 131 130 129 128 127 127 126 126 127 127 127 127 127 127 127 127 127 126 126 124 123 122 121 120 119 118 117 116 115 114 113 112 111 110 107 105 101 98 94 87 79 70 60 50 41 33 27 22 18 15 14 12 11
41 54 67 78 87 93 97 100 102 103 105 106 108 110 113 116 118 121 122 123 124 126 127 128 129 131 132 133 135 136 137 138 139 140 142 143 143 144 144 143 142 141 141 141 140 140 140 139 139 139 139 140 139 139 139 140 140 140 139 138 137 135 134 133 132 132 132 132 132 130 129 129 128 127 127 127 127 127 127 128 128 128 129 129 129 128 126 124 123 121 120 120 118 118 117 115 114 114 113 113 112 110 108 106 104 101 96 90 82 72 61 51 41 33 26 21 17 15 13 12
51 63 75 83 90 94 98 101 102 105 106 108 110 112 115 118 120 122 124 124 125 126 128 128 130 131 132 133 134 136 138 139 140 142 143 144 145 145 145 144 144 144 143 142 142 142 141 140 139 140 140 140 139 139 139 139 139 139 138 137 136 135 134 133 132 132 133 133 132 131 130 129 129 128 127 127 127 127 127 128 128 129 130 130 130 129 127 125 124 122 121 121 119 118 117 116 115 115 115 115 114 113 111 110 108 105 102 98 92 83 73 62 51 41 32 25 20 17 14 12
61 72 82 88 92 96 99 102 104 106 108 110 112 115 117 119 121 124 124 125 126 127 127 128 129 130 131 132 134 136 137 139 141 142 144 145 145 146 146 145 145 145 145 145 145 144 143 141 141 140 140 139 139 139 139 139 139 138 137 137 136 134 133 132 132 133 133 133 132 131 130 130 129 129 128 127 127 127 127 128 128 129 129 129 128 127 126 125 124 123 122 121 120 118 118 117 116 116 116 116 115 114 113 112 111 109 106 103 99 93 84 74 63 52 41 32 24 19 16 13
71 80 87 92 95 98 101 103 105 107 110 112 114 117 119 120 122 124 124 124 125 126 127 127 128 129 131 132 134 136 137 139 141 143 144 145 146 146 146 147 147 147 147 148 147 146 144 143 142 141 140 139 139 139 139 139 139 138 137 136 135 134 133 132 132 133 133 133 131 131 130 130 130 130 129 129 129 128 128 128 128 128 128 127 126 125 124 123 122 121 120 119 118 117 117 117 116 116 116 116 116 115 114 113 112 111 109 107 104 100 94 86 76 66 54 43 33 25 19 16
79 86 91 95 98 100 103 105 107 109 111 113 115 117 119 120 121 122 122 123 124 125 125 126 127 128 130 131 133 135 137 139 142 143 144 145 146 146 146 147 148 148 148 149 148 147 145 143 142 140 139 138 138 139 139 139 138 137 135 135 133 132 132 131 132 132 132 132 131 130 130 129 130 130 130 130 130 129 129 128 127 126 126 124 123 122 121 120 118 117 116 115 114 114 114 114 113 114 114 115 115 115 114 114 113 112 111 110 108 105 101 96 88 79 68 56 44 34 25 19
86 91 95 98 100 102 105 107 108 110 112 113 115 116 117 118 118 118 119 120 122 123 123 124 126 128 129 130 132 135 137 139 142 143 144 145 146 146 146 147 147 147 147 148 147 146 144 142 141 139 138 138 138 139 138 138 137 135 133 132 131 131 130 131 131 132 132 132 131 130 130 129 129 130 130 131 131 130 129 128 127 125 124 122 121 120 118 116 114 113 112 111 110 109 109 109 109 109 110 111 112 112 113 113 113 112 111 110 109 108 106 102 97 90 81 69 58 46 34 25
90 95 98 100 102 104 106 108 109 110 112 113 113 114 114 115 114 114 115 116 118 119 121 123 125 127 128 129 131 134 136 138 141 143 144 144 144 145 145 145 145 145 145 145 145 144 143 142 140 138 137 136 136 137 136 135 134 133 131 130 129 129 129 130 131 133 133 132 131 131 130 129 129 130 130 130 130 130 129 127 126 124 122 120 119 117 115 113 111 109 108 106 105 104 103 103 102 103 104 105 107 108 109 110 111 112 112 111 110 109 108 106 102 98 91 81 70 59 46 34
94 97 100 102 103 105 107 108 109 110 111 111 111 110 110 110 109 108 110 111 114 117 119 121 123 125 126 127 129 131 133 135 138 141 142 142 142 142 142 142 142 142 142 142 142 142 141 140 138 137 135 134 134 134 134 133 132 130 129 128 127 127 128 129 130 132 132 131 131 130 129 128 128 128 128 128 129 128 128 126 124 122 120 118 116 114 113 112 110 107 105 103 101 99 98 97 96 96 96 96 98 99 102 106 108 110 112 112 111 111 110 108 106 104 99 91 81 71 58 46
95 98 100 103 104 105 107 108 108 108 107 107 105 103 102 102 100 100 102 105 108 111 114 116 118 121 122 122 123 126 128 130 133 136 138 138 138 138 138 138 137 137 137 138 138 138 138 137 136 134 133 132 133 133 133 132 131 129 128 127 126 125 126 127 128 130 130 129 129 128 127 127 126 125 125 125 126 125 125 123 121 119 118 116 114 112 111 110 108 106 103 99 96 94 92 90 89 88 87 87 87 88 92 98 102 107 110 112 112 112 112 111 110 108 105 98 91 81 69 57
96 98 101 103 104 105 106 107 106 104 101 100 96 93 92 92 90 91 93 95 97 100 104 106 107 109 110 110 113 115 117 120 124 129 130 131 132 133 133 132 132 132 132 133 133 134 134 133 132 131 129 129 131 131 131 131 130 128 127 125 124 124 124 125 127 128 128 127 126 125 125 124 123 122 121 121 122 121 121 120 118 117 115 113 110 108 106 104 101 99 96 93 89 86 84 82 80 79 78 78 77 76 79 86 92 99 104 109 112 113 114 114 114 112 109 105 99 90 80 69
97 99 101 103 104 104 104 103 101 97 94 90 85 83 82 80 78 79 79 79 81 85 87 87 88 90 91 92 94 98 100 104 110 115 118 120 122 123 123 124 124 125 126 127 128 129 129 128 127 126 126 127 128 129 130 129 128 128 126 125 123 123 124 125 126 126 126 125 124 123 123 121 120 118 117 116 116 115 115 114 113 111 109 106 102 98 94 91 88 85 82 78 76 74 72 71 69 68 68 68 67 65 65 70 78 86 94 102 108 112 115 116 117 115 113 109 105 98 89 79
98 100 101 102 102 101 100 98 94 88 84 79 74 72 70 68 66 66 64 64 65 67 68 68 69 69 68 69 71 74 78 82 89 95 99 103 106 108 109 111 113 115 118 120 121 122 122 122 122 123 123 125 127 128 128 128 127 126 125 124 123 123 124 124 125 125 125 124 123 122 121 119 116 113 111 109 108 107 107 106 104 102 98 93 88 82 78 74 69 67 63 60 58 57 56 57 57 57 56 57 56 56 56 58 62 71 81 91 100 107 113 116 117 117 115 112 109 103 96 87
99 100 100 100 99 96 93 89 83 77 71 68 64 62 61 58 56 55 54 53 53 53 53 53 50 49 48 49 51 52 55 59 65 70 75 80 84 86 89 93 97 101 105 109 111 114 115 116 118 120 122 124 125 126 126 126 125 124 124 123 123 123 123 123 124 124 124 124 123 120 118 114 110 106 103 100 98 96 93 91 88 85 79 73 68 63 59 56 52 51 48 45 43 42 42 42 44 45 46 48 48 49 50 52 54 57 67 78 88 98 106 112 116 116 116 114 111 107 101 93
99 99 98 96 92 87 82 76 70 65 62 60 57 56 55 53 51 50 48 47 46 45 45 43 41 39 38 38 38 39 40 43 46 50 54 59 63 67 71 76 80 86 92 97 102 106 108 111 114 117 119 121 123 124 124 124 124 123 123 123 123 123 123 123 124 124 124 123 121 118 115 110 105 100 95 90 85 80 75 71 67 63 58 53 49 46 43 40 38 37 36 35 34 34 34 34 35 36 38 40 42 44 46 48 51 53 57 65 75 84 95 104 110 114 116 115 113 109 104 98
97 95 91 87 82 74 68 63 60 58 56 55 55 53 51 50 49 47 45 44 42 41 41 40 39 38 37 36 35 35 35 36 38 40 43 46 50 54 59 64 68 74 80 86 92 97 101 105 109 113 115 118 120 122 123 123 123 123 123 124 124 123 122 122 122 122 122 121 119 115 111 106 100 93 87 79 71 64 58 53 49 46 42 38 36 35 33 32 30 30 30 30 30 30 31 31 33 34 35 37 39 41 43 45 48 53 54 56 62 68 78 89 99 107 113 114 113 110 106 102
92 88 81 75 69 62 58 56 55 55 54 54 53 51 49 48 47 45 44 43 42 40 40 40 40 40 39 38 38 38 38 38 38 39 41 43 46 50 53 58 61 65 71 77 83 89 94 99 104 108 112 115 118 120 121 122 122 122 123 123 123 122 122 121 121 120 120 119 117 113 109 103 96 89 81 73 64 57 51 46 43 40 38 36 35 34 33 32 31 32 33 34 34 35 35 36 38 39 41 42 44 44 44 44 46 50 52 53 54 56 62 71 83 94 104 110 112 111 107 104
82 76 69 63 58 55 54 55 56 56 55 55 52 50 50 49 49 49 49 48 47 46 46 46 47 47 47 46 46 46 46 46 45 45 46 47 49 51 54 57 59 62 67 72 77 82 89 94 100 105 109 113 116 119 120 121 121 121 122 122 122 122 121 120 120 119 119 117 115 111 106 101 94 86 79 71 64 58 53 50 48 47 46 45 44 43 42 42 42 42 43 44 45 46 46 47 49 50 52 53 54 55 53 52 51 51 51 51 50 49 51 56 66 77 90 101 106 109 108 105
71 64 58 55 54 55 57 57 57 57 56 55 54 54 54 55 57 59 59 59 59 59 59 59 59 59 59 59 58 57 57 55 54 54 54 54 55 57 59 61 62 64 68 72 75 79 85 91 96 102 107 111 115 117 119 120 121 121 122 122 122 122 121 121 120 119 118 116 113 109 104 99 93 86 80 74 69 65 62 60 59 58 58 58 58 57 57 58 59 58 59 60 61 62 62 62 65 67 67 66 65 65 64 63 61 60 57 55 54 51 49 50 55 62 74 87 97 103 106 105
61 57 55 54 55 57 59 59 59 59 59 59 60 62 64 66 70 73 74 75 75 75 76 75 75 75 75 74 73 71 69 67 65 63 62 62 63 63 64 65 66 67 70 73 75 79 84 89 94 100 105 110 114 117 119 121 122 122 122 123 123 122 122 121 120 119 118 115 112 108 103 98 93 88 83 79 76 73 72 71 70 70 70 70 70 70 71 72 73 73 74 76 78 79 79 79 80 81 81 80 79 78 78 76 74 73 71 68 65 62 59 56 55 56 63 73 84 94 101 102
57 56 56 58 60 62 63 63 64 65 67 69 71 74 76 79 83 86 88 89 90 90 90 89 89 88 88 86 85 83 81 78 75 73 71 71 70 69 69 69 69 71 73 75 78 82 86 90 95 100 105 109 113 116 119 121 123 123 123 123 123 122 121 121 120 119 117 115 111 107 103 99 95 90 87 84 82 80 79 78 78 78 79 79 79 80 80 81 83 83 85 87 88 89 90 90 90 89 88 87 87 87 88 88 88 88 88 86 83 80 76 71 67 65 66 69 77 86 95 100
60 61 63 66 67 69 71 72 74 76 79 81 83 85 87 89 92 95 97 98 99 99 99 99 98 97 96 95 93 91 89 86 84 82 80 79 77 76 75 74 74 75 77 80 82 85 89 92 95 100 104 109 113 116 119 121 122 123 123 123 122 121 121 120 120 119 117 115 111 108 103 99 95 92 88 86 84 83 83 83 83 84 85 86 86 86 87 89 90 91 93 94 94 95 96 95 95 95 94 94 94 95 96 97 97 96 97 97 96 94 91 87 83 81 79 78 81 86 92 98
68 70 73 75 76 78 79 81 83 85 87 89 91 93 95 97 99 100 102 103 104 104 105 105 104 103 101 100 98 96 94 92 90 88 86 85 84 82 81 79 79 79 81 83 85 87 90 92 96 100 105 109 113 116 119 121 122 122 122 122 121 121 120 120 120 119 117 115 112 107 103 98 94 91 88 86 84 84 84 85 85 87 88 89 90 90 91 93 95 96 98 98 99 99 99 99 99 99 99 99 100 101 103 103 103 103 104 104 104 103 101 98 95 92 90 90 91 93 96 99
78 79 81 82 84 87 89 91 91 92 93 94 96 97 98 100 102 103 105 106 107 108 108 108 108 106 104 102 100 99 97 95 93 92 91 90 89 87 85 82 81 81 82 84 87 89 91 93 96 101 105 109 113 116 119 121 122 122 122 121 121 120 120 120 119 118 117 115 112 107 103 98 94 91 88 85 84 83 84 85 87 88 90 90 91 92 94 95 97 98 100 101 101 101 101 102 102 102 102 103 104 105 106 106 107 108 108 108 108 107 105 104 102 101 99 98 99 100 102 104
86 86 87 89 91 93 95 96 96 96 96 96 98 99 100 102 103 104 105 107 108 109 109 109 108 105 103 100 99 98 96 95 94 93 93 93 91 89 86 84 83 82 83 84 87 89 91 94 97 101 106 110 113 117 120 122 123 123 123 122 121 120 119 119 118 117 116 114 111 108 104 99 95 91 88 85 84 83 85 86 87 89 90 92 92 93 94 95 96 97 99 100 100 101 101 102 102 103 103 104 105 106 107 108 109 110 110 110 110 109 107 106 105 104 104 104 105 106 108 110
91 91 91 93 94 96 97 98 97 97 97 97 98 99 100 101 102 103 104 104 105 105 105 105 103 100 98 96 95 94 93 91 90 91 92 92 91 89 86 85 83 83 82 83 85 88 91 94 98 102 106 110 114 118 121 123 124 124 124 122 121 120 119 117 116 115 114 113 110 107 104 100 95 91 87 85 83 84 85 86 88 90 91 92 93 93 93 93 93 95 96 96 96 97 97 98 100 101 102 103 104 106 107 108 109 110 110 110 110 110 108 107 106 105 106 107 109 112 113 115
93 93 93 94 95 95 96 96 96 96 96 96 96 96 96 97 97 97 95 95 95 95 95 93 91 88 86 85 84 84 83 82 82 83 85 86 86 86 84 84 83 81 80 80 82 86 89 93 97 102 107 111 116 119 121 123 124 124 124 123 122 120 118 115 114 112 112 110 109 106 103 99 94 89 85 83 82 83 85 86 88 89 89 88 87 87 86 86 88 89 88 87 88 88 90 92 93 95 97 98 99 101 102 104 105 107 108 109 109 108 107 106 106 106 107 109 112 114 117 119
93 93 92 93 92 92 93 93 92 92 90 89 88 88 88 88 87 85 83 83 83 83 81 80 77 75 73 72 71 71 70 69 70 71 73 74 75 76 77 78 78 77 76 76 78 81 85 89 95 101 106 112 116 120 122 123 124 125 125 124 122 120 117 115 112 111 110 109 107 105 101 96 91 86 83 81 80 80 80 80 80 79 78 78 77 77 78 79 79 79 79 80 81 83 86 88 89 90 91 91 92 92 94 97 98 99 101 103 104 104 104 105 106 107 109 112 115 117 120 122
93 91 90 89 89 89 90 89 85 82 80 78 78 79 79 80 81 80 79 81 85 85 78 74 73 71 70 68 68 67 64 62 62 63 64 65 65 65 65 67 68 69 70 70 72 76 80 86 92 99 105 111 116 119 121 123 124 125 125 124 123 121 118 115 112 110 109 108 106 103 99 93 88 82 77 74 71 70 68 68 68 67 66 65 65 66 68 69 68 69 70 72 75 82 87 87 86 84 82 81 83 85 88 91 94 95 94 93 94 94 95 97 100 104 107 111 115 118 121 123
90 88 85 84 84 86 84 81 77 75 76 79 82 84 85 89 90 87 86 86 86 82 76 72 69 67 66 64 63 62 62 61 60 60 61 61 62 62 62 63 64 65 65 64 65 69 74 80 88 96 103 109 115 118 121 122 124 125 125 125 123 121 118 115 112 110 108 107 104 100 95 88 81 73 66 62 60 60 60 60 62 62 61 61 61 63 64 65 66 66 66 71 80 93 97 95 91 83 74 71 72 74 76 79 81 83 85 86 86 86 86 87 90 94 101 107 112 116 120 123
84 81 81 83 83 83 81 78 77 78 83 84 84 86 86 92 93 88 83 77 74 71 69 67 65 62 60 59 57 55 55 54 54 54 55 55 56 58 62 67 70 73 70 65 61 61 65 72 81 89 98 106 112 117 121 123 125 125 126 125 123 121 118 114 111 109 107 105 102 96 89 79 69 62 58 57 57 58 60 61 62 63 64 65 66 66 66 66 67 69 75 83 96 110 112 110 104 89 80 80 80 79 77 74 73 72 70 69 70 73 76 80 84 86 90 98 105 110 116 119
77 78 82 85 84 81 79 77 78 77 77 76 79 85 85 90 95 94 85 76 71 69 66 64 61 58 56 55 54 54 53 52 53 53 53 53 52 55 64 71 73 74 72 66 63 65 66 69 74 81 89 99 107 115 120 123 125 126 126 125 123 120 117 113 110 108 107 104 98 89 78 68 63 61 60 60 60 62 64 65 66 67 66 65 63 62 61 61 60 64 74 84 90 94 95 96 94 85 81 87 92 91 92 83 75 72 70 68 65 62 62 65 73 78 82 86 93 99 105 110
78 83 83 83 81 77 74 74 74 71 71 72 79 89 90 92 89 82 72 64 60 56 53 49 46 45 43 42 41 41 42 44 47 50 51 52 54 58 66 69 69 69 67 60 58 64 70 74 76 77 80 88 99 110 116 121 123 124 124 122 120 117 113 110 108 107 106 100 92 83 70 67 67 67 67 67 67 68 67 67 66 64 62 59 56 54 52 50 49 51 59 67 66 61 60 62 68 73 72 78 90 90 91 84 71 66 65 64 65 65 64 61 60 62 69 75 79 82 87 91
83 82 79 78 77 74 70 70 70 68 68 68 73 84 84 81 73 60 51 47 43 39 36 33 33 34 30 29 30 29 29 34 38 41 43 45 49 55 64 67 64 63 62 61 63 67 70 73 76 76 77 81 88 100 107 110 112 112 111 108 104 102 100 98 97 97 94 87 83 74 69 76 79 79 76 72 69 68 66 63 62 60 57 53 48 44 39 34 31 32 38 41 41 38 35 37 45 60 63 61 72 71 72 70 61 58 57 57 57 58 60 61 61 57 55 59 65 66 70 73
79 78 78 77 74 69 66 65 64 61 61 59 62 69 66 57 51 44 38 37 35 32 28 24 23 24 21 20 21 21 23 29 34 36 37 39 41 48 57 61 58 57 59 64 73 77 77 77 73 71 72 75 79 86 90 90 95 96 95 92 89 88 87 85 83 81 75 71 67 66 80 92 90 84 78 73 70 68 65 63 61 58 52 45 37 31 25 21 19 21 22 23 26 24 25 31 38 51 58 51 52 50 50 50 49 48 48 49 49 50 52 53 54 56 53 49 50 50 51 53
76 78 78 75 69 64 61 60 57 53 51 47 46 48 46 38 33 32 35 38 36 32 26 20 18 17 16 16 16 17 20 26 32 36 37 36 36 41 48 53 55 57 60 65 76 83 83 85 81 73 65 65 66 66 70 75 81 84 85 83 80 79 80 77 74 71 68 62 62 72 91 95 90 84 79 74 72 70 68 67 63 55 44 35 30 27 24 19 17 16 14 16 18 19 23 31 38 48 54 47 42 38 36 35 36 37 39 40 41 42 44 47 49 50 51 49 45 41 37 36
76 77 75 71 66 62 58 55 51 46 41 36 32 30 30 28 28 33 40 45 42 34 25 18 16 15 14 14 14 15 19 27 36 40 39 36 35 39 44 49 55 60 64 70 77 83 85 87 86 75 60 55 54 53 63 72 73 73 72 71 69 69 67 65 62 59 60 56 70 81 90 91 87 82 79 77 76 76 75 71 61 47 35 31 32 34 30 23 17 15 14 14 15 16 22 30 39 49 53 48 40 34 30 28 27 28 30 33 36 39 42 45 48 51 53 51 49 44 37 33
73 73 72 70 66 62 57 52 47 42 36 30 26 24 25 28 33 40 46 50 49 38 27 21 18 16 15 15 15 16 22 34 43 46 43 38 38 40 43 47 56 64 71 76 81 85 86 84 79 68 54 51 51 56 68 74 78 80 80 81 83 82 80 76 70 63 62 57 73 78 80 80 77 76 79 81 82 82 80 70 54 39 33 36 42 43 38 29 21 17 15 15 15 17 24 33 46 58 59 52 44 36 29 26 25 26 29 33 38 43 47 51 55 59 61 58 58 52 47 40
68 70 70 69 67 64 59 54 49 42 35 30 28 29 31 34 39 45 50 54 54 46 35 26 22 19 19 19 21 25 33 44 49 49 46 44 43 43 44 49 58 68 76 81 85 88 86 79 70 62 50 52 54 62 71 77 84 91 94 94 95 94 91 87 83 76 74 65 71 71 66 67 68 74 81 85 85 85 78 65 50 41 41 46 51 51 47 39 31 24 21 20 20 24 31 42 56 65 62 55 48 40 34 31 31 33 36 40 46 52 58 63 67 71 72 70 69 64 60 49
65 68 70 70 70 68 64 60 54 46 40 38 36 37 39 42 45 49 52 54 56 54 47 37 32 30 30 32 36 40 47 52 54 53 52 53 53 53 55 58 63 70 77 81 86 87 84 77 65 56 46 52 57 69 76 81 88 93 98 99 98 96 92 88 85 81 80 65 62 62 51 58 65 77 83 84 84 82 74 64 57 56 58 60 61 60 58 52 46 39 34 33 33 36 43 53 61 64 60 55 51 47 44 43 43 45 47 51 57 63 70 75 79 84 84 82 79 75 73 59
63 67 69 71 72 72 70 66 60 55 51 49 47 47 48 50 51 53 54 56 58 59 56 51 48 48 48 49 51 53 55 56 57 57 56 57 57 58 60 62 65 70 76 82 87 90 85 73 56 45 43 51 57 69 76 82 89 97 103 105 104 101 96 91 87 83 79 67 56 57 43 54 65 74 79 81 81 78 72 67 66 66 66 65 64 62 62 60 57 53 51 49 48 50 54 58 59 61 59 58 58 58 58 59 59 60 61 64 68 73 79 84 88 93 92 88 85 80 74 62
64 67 70 72 74 75 75 72 69 65 62 59 58 58 58 59 60 59 59 60 61 61 60 58 58 58 59 58 57 57 57 56 55 55 54 54 56 58 61 63 66 72 79 85 91 94 86 69 46 36 43 48 58 70 78 87 96 106 113 114 112 108 103 98 92 86 79 71 57 58 49 53 62 65 72 79 80 76 73 70 68 67 65 63 61 59 58 57 57 58 57 57 57 58 59 60 61 64 65 68 70 73 75 75 76 77 77 78 80 83 86 89 93 98 97 91 84 78 72 64
66 69 71 73 75 78 79 79 77 74 71 70 69 69 69 69 69 69 68 68 67 67 65 64 63 62 62 60 59 57 56 54 53 52 52 53 55 59 62 65 69 76 84 92 97 96 80 60 40 39 47 48 62 74 82 92 103 116 123 123 120 116 110 104 97 87 79 74 62 56 53 47 54 60 69 79 82 79 75 71 68 66 64 62 60 58 56 55 56 57 58 59 60 62 64 66 69 73 77 81 85 89 91 92 92 92 92 91 90 92 93 94 97 101 98 90 76 75 70 64
70 72 73 74 77 79 81 82 82 81 80 79 79 79 79 78 78 77 76 76 75 74 72 70 68 66 64 61 59 57 55 54 53 54 55 57 59 62 65 70 76 85 92 99 102 95 77 56 45 46 48 54 69 78 86 97 112 125 130 129 127 123 118 110 100 90 83 78 68 57 52 43 49 64 76 83 85 83 80 76 72 68 65 62 60 59 57 57 57 57 59 61 64 67 70 73 77 81 85 90 94 97 100 102 102 103 103 102 100 101 100 99 101 102 97 87 73 73 66 60
77 77 78 78 80 81 84 86 87 88 87 86 86 85 84 83 82 81 80 79 78 76 74 72 69 66 64 61 60 58 58 58 58 59 60 62 64 66 72 79 87 95 101 106 105 95 82 65 57 57 55 65 75 83 91 105 121 132 136 134 131 128 123 115 104 95 90 84 75 64 57 54 59 77 85 88 89 88 86 82 77 72 68 66 64 62 61 61 61 61 62 64 66 68 71 75 78 82 86 91 95 98 101 104 107 109 109 109 108 108 107 106 105 104 97 88 75 72 63 65
86 85 84 83 84 85 87 90 92 93 93 92 92 90 89 87 85 83 81 80 78 76 74 71 70 68 66 65 64 64 64 65 64 65 65 65 68 73 81 90 98 104 108 111 110 102 91 79 71 67 68 75 81 89 98 115 129 138 139 136 133 131 126 118 108 100 95 91 83 74 71 72 77 88 91 93 94 94 92 89 83 78 74 71 69 67 67 66 66 66 66 67 68 69 72 75 78 81 85 90 94 98 103 107 110 113 113 113 112 111 110 108 107 105 100 91 81 77 75 88
95 93 90 88 88 90 92 95 97 98 98 97 97 95 94 92 90 88 85 83 80 79 77 76 75 74 73 73 72 72 71 70 68 67 68 70 74 82 92 101 107 110 113 115 116 111 102 94 84 76 80 83 89 95 108 125 136 141 140 136 133 131 128 121 112 105 101 98 92 84 84 87 93 95 96 98 99 100 99 96 92 87 82 78 75 73 72 72 72 72 73 73 74 75 76 79 82 85 89 93 97 101 106 110 114 116 116 116 115 114 112 110 109 109 105 94 87 90 96 111
100 100 96 94 93 95 96 98 100 101 101 101 100 100 99 98 96 94 91 89 86 85 84 83 82 81 80 78 77 75 73 71 70 70 72 77 84 92 102 109 112 114 116 119 120 115 107 100 91 86 88 90 96 105 120 134 140 142 139 134 131 130 128 123 116 110 106 103 98 93 93 93 97 98 101 103 105 106 106 104 101 97 92 88 84 80 78 76 76 76 77 79 80 82 84 86 89 92 95 99 102 106 109 114 117 118 118 118 117 116 115 114 113 113 109 102 101 108 115 123
102 104 101 99 99 99 101 103 104 105 105 104 104 104 103 102 101 99 97 95 93 91 89 88 86 84 82 80 77 75 73 72 72 75 79 86 94 102 110 115 117 117 119 121 121 118 110 102 91 88 90 96 105 118 132 140 142 140 136 132 130 130 128 125 119 113 111 108 103 98 94 93 97 102 107 109 109 110 111 111 109 106 101 97 92 87 83 80 78 78 79 81 83 85 88 90 93 96 99 102 105 108 112 116 118 120 120 120 120 119 118 117 116 117 114 113 116 121 125 129
105 107 106 105 105 106 106 108 108 109 109 109 108 107 106 105 104 103 101 98 96 94 92 89 87 84 81 79 77 76 76 76 78 82 88 95 102 110 116 118 119 119 119 121 122 120 112 102 93 91 95 104 116 129 139 143 143 139 136 134 132 131 129 127 122 118 115 113 109 103 98 97 100 105 110 113 114 114 115 114 113 111 108 104 99 94 89 85 82 81 81 82 84 86 89 91 94 97 100 103 106 109 113 116 118 120 121 122 122 121 120 119 119 120 120 122 125 127 130 132
112 111 111 110 111 112 112 112 112 112 112 112 111 109 108 107 107 105 103 100 97 95 92 89 86 84 82 80 80 80 80 82 86 90 96 102 108 113 116 118 119 120 121 123 124 121 112 104 98 98 105 115 126 135 142 144 142 139 138 137 135 133 132 130 126 122 119 118 115 110 105 104 107 111 115 116 118 120 119 118 116 114 111 108 105 100 96 92 88 86 84 85 86 87 90 92 95 98 101 104 107 110 112 114 117 119 120 121 121 121 121 122 122 122 125 129 131 133 134 135
118 116 116 116 117 117 116 115 115 115 115 114 113 112 110 109 108 106 104 102 99 96 92 90 88 86 84 84 84 84 85 88 92 97 102 107 112 116 118 120 122 123 125 126 125 122 114 108 105 107 114 123 131 137 141 142 141 140 139 138 136 134 133 131 128 125 123 122 120 118 115 114 116 120 122 123 123 123 124 123 121 118 115 114 111 106 102 97 94 91 89 88 88 89 91 93 95 98 102 104 107 108 110 113 115 117 118 120 122 122 123 123 124 128 132 135 136 138 138 137
123 121 120 121 123 123 122 121 120 118 117 117 116 114 112 110 108 107 106 104 101 98 95 93 91 89 88 88 88 89 91 94 99 103 108 112 115 118 121 124 126 127 126 126 124 121 117 114 114 116 122 128 134 138 140 140 140 140 138 137 135 133 132 131 129 127 126 126 126 126 126 126 126 128 129 131 132 132 130 127 124 122 119 117 115 112 108 105 101 98 95 93 92 92 93 95 97 99 101 104 106 107 109 111 113 115 118 120 123 124 125 127 131 135 139 141 142 142 141 140
127 126 126 126 125 126 127 128 127 126 124 123 121 119 116 113 111 110 109 107 105 102 99 96 94 92 91 91 92 94 97 101 105 109 114 117 120 123 126 127 128 128 127 126 123 120 118 118 120 123 127 131 136 138 139 140 140 139 137 136 134 133 132 131 129 128 128 129 130 133 135 136 135 134 135 136 137 138 137 135 131 127 123 121 118 115 113 110 107 103 100 98 96 96 96 97 99 101 103 105 107 108 110 112 114 116 119 122 125 129 133 136 140 143 145 147 147 146 144 142
129 130 131 132 132 133 133 132 131 130 130 129 126 124 121 118 116 115 113 111 108 106 104 101 99 96 96 96 99 102 106 110 114 117 120 123 125 127 129 130 130 129 127 124 121 120 121 122 124 127 130 133 136 138 138 138 139 140 140 138 136 134 133 131 130 129 129 131 134 138 141 142 141 140 140 140 141 141 141 140 136 133 130 126 123 121 119 116 113 110 106 104 102 101 101 102 104 105 107 108 109 110 112 114 117 121 124 128 131 135 139 143 146 149 151 152 151 150 146 143
133 133 134 135 136 138 139 139 138 137 136 134 132 129 127 124 122 119 117 114 112 110 107 105 103 102 102 104 108 112 116 119 121 123 125 126 128 130 132 132 132 130 128 125 123 123 124 126 128 129 131 133 135 136 136 137 139 141 141 139 138 135 133 132 130 128 129 132 135 140 144 146 146 145 144 143 143 144 144 143 140 136 132 129 127 126 124 122 120 117 114 111 109 108 107 107 108 109 111 112 113 115 117 120 123 125 127 130 133 138 144 148 152 154 155 155 154 151 147 143
136 136 137 138 138 139 140 141 142 142 142 141 139 137 134 132 129 126 122 119 116 113 111 109 108 107 109 112 117 121 123 125 126 127 128 130 131 132 133 133 133 133 130 128 127 127 127 129 130 130 131 132 134 135 135 136 138 139 140 139 137 135 133 131 129 128 129 132 136 141 145 148 148 147 146 145 145 146 146 144 142 138 135 132 131 130 129 127 125 123 120 117 115 113 112 112 112 113 114 115 116 118 120 122 125 127 129 133 137 142 148 153 156 158 158 156 154 151 146 142
137 138 139 140 140 140 141 142 142 143 144 143 142 141 139 137 134 130 126 123 120 119 117 114 114 114 117 120 123 126 128 130 130 131 133 134 135 136 136 135 135 134 133 132 130 130 130 131 131 132 132 132 133 135 135 135 136 137 138 137 135 133 131 130 128 127 128 131 135 139 144 147 149 148 147 145 145 145 145 144 142 139 137 135 134 133 132 132 131 128 125 122 120 118 117 116 116 117 118 119 120 121 122 123 126 129 132 137 141 146 151 155 158 159 159 156 153 149 144 140
137 139 140 141 141 141 141 141 142 142 143 143 143 143 141 139 136 133 130 128 126 125 123 122 121 122 124 126 129 132 134 136 136 137 139 140 140 140 139 139 138 136 135 134 132 131 131 132 132 132 132 132 133 133 133 132 132 133 135 134 131 130 129 128 127 127 128 130 133 136 141 145 148 148 146 144 143 143 143 142 141 140 139 138 137 135 135 135 135 132 129 127 125 124 123 122 121 122 123 124 124 124 123 124 127 130 135 139 144 148 152 155 158 159 158 155 151 147 142 137
137 139 140 141 142 142 141 141 141 142 143 143 144 144 143 141 139 137 135 133 132 131 131 131 130 130 132 135 137 139 140 141 142 143 145 145 145 144 142 141 139 137 135 134 132 132 131 131 131 131 131 131 131 131 129 128 128 130 132 131 128 126 126 126 126 127 128 130 131 133 136 139 143 144 144 142 141 140 140 140 140 141 141 141 139 138 138 138 137 135 132 131 129 129 128 126 125 125 126 126 126 125 125 126 129 133 137 141 145 148 152 155 157 159 158 154 149 144 138 134
135 137 139 140 141 141 141 140 141 142 143 143 144 145 144 143 141 140 138 137 136 137 138 139 139 139 140 143 145 145 144 145 146 148 150 150 149 147 144 141 137 135 134 133 132 131 130 131 130 130 130 130 129 128 126 124 124 125 127 128 126 124 124 125 125 126 128 129 130 131 131 134 137 140 141 139 137 137 137 138 139 140 141 141 140 139 139 140 139 138 136 134 134 133 131 130 128 128 128 128 128 128 128 129 131 135 138 142 145 148 152 155 157 158 156 152 147 141 136 132
131 134 136 138 139 139 138 138 139 141 142 143 144 144 144 143 142 141 140 139 139 142 144 146 146 146 146 147 148 148 148 149 149 151 153 152 150 147 144 139 135 133 132 132 130 129 129 130 129 128 128 128 127 125 122 120 120 121 123 124 124 123 123 125 125 126 127 128 129 129 129 130 133 136 138 137 135 134 134 135 136 138 139 140 140 140 140 141 140 139 138 137 136 135 134 132 131 131 131 131 131 130 130 132 134 137 140 143 146 150 153 155 156 156 153 149 144 139 134 130
127 131 133 135 136 136 136 137 138 140 142 143 144 144 144 143 143 142 141 142 143 145 148 149 149 149 149 150 152 153 153 153 152 152 153 151 148 145 141 136 132 129 129 128 127 126 127 128 128 127 127 127 125 123 120 118 118 119 120 122 122 123 124 126 126 126 125 126 127 127 127 126 128 131 134 135 133 132 131 130 131 134 137 138 139 140 140 141 141 140 139 138 138 137 137 135 135 134 134 134 134 133 133 135 137 139 142 145 148 152 155 156 156 154 151 146 141 136 132 128
125 128 130 132 134 135 136 138 139 141 142 143 143 143 144 144 144 144 144 144 146 148 149 151 151 152 153 154 156 156 155 155 154 154 152 149 145 141 136 131 126 124 123 122 122 122 123 124 124 124 124 124 123 122 120 119 118 119 121 122 123 124 125 126 126 125 124 124 123 123 122 120 120 124 128 131 131 129 127 125 127 131 134 137 138 140 141 141 141 140 140 140 139 139 139 138 138 138 137 137 137 136 136 137 138 141 143 146 150 154 157 157 156 154 149 144 139 134 130 128
123 126 129 131 133 135 137 139 141 142 142 142 143 144 144 145 145 145 146 147 148 150 152 153 154 155 156 158 158 157 156 155 154 153 150 145 142 137 131 126 122 119 118 116 115 115 116 117 118 119 119 120 121 121 119 119 118 119 122 124 125 125 125 125 124 123 123 122 120 118 115 110 109 112 118 124 126 125 123 123 125 128 132 135 138 141 141 141 142 141 141 141 141 141 141 141 140 139 139 139 138 138 138 138 139 141 143 147 151 154 157 157 156 154 148 143 137 133 130 127
122 125 127 130 132 134 137 138 140 140 140 140 141 142 144 145 146 148 149 150 151 152 153 154 155 156 157 158 157 157 157 156 153 150 146 142 138 133 128 122 118 115 112 110 109 108 108 107 109 112 114 116 118 119 118 117 118 120 124 126 126 126 125 124 122 121 120 118 116 113 108 101 97 99 104 112 118 120 120 121 123 126 129 133 137 139 140 141 141 142 142 142 142 142 142 141 141 140 140 140 140 140 140 140 140 141 143 146 149 153 155 156 155 152 147 141 136 132 130 128
122 124 127 129 131 133 135 137 137 137 136 136 137 139 142 145 147 149 151 152 153 153 153 153 153 154 154 154 155 156 156 154 150 146 142 137 133 129 124 119 114 110 107 104 102 99 98 97 100 104 108 112 116 118 117 116 118 122 126 129 128 128 127 126 123 121 120 118 114 110 105 97 91 91 94 99 106 112 115 118 121 124 128 131 134 136 138 140 141 143 143 143 143 143 143 143 142 142 141 141 141 142 141 141 141 141 142 145 148 151 153 154 154 150 144 139 135 132 130 129
121 123 126 128 130 132 134 135 135 135 133 132 133 136 140 144 147 149 151 153 154 153 152 151 150 150 150 151 152 152 151 148 144 140 135 131 128 124 120 115 110 106 102 98 94 92 91 91 94 99 104 109 113 116 116 116 119 124 130 132 132 132 132 130 127 124 122 120 116 113 107 100 94 93 92 93 97 104 109 113 117 122 126 129 131 134 136 138 140 142 142 143 144 144 143 144 144 143 142 141 142 142 142 142 141 142 143 145 148 150 152 152 151 147 142 137 134 132 131 130
121 123 125 127 129 130 132 133 134 133 131 130 132 136 140 143 147 149 150 152 153 152 150 148 147 148 149 149 148 147 145 142 138 134 130 125 122 119 115 110 106 102 97 92 90 89 90 93 96 100 105 110 114 116 118 118 122 129 136 138 136 137 136 134 131 129 127 124 122 118 112 105 101 99 98 95 96 100 104 108 113 119 123 127 129 131 134 136 139 141 142 143 143 143 143 145 145 144 142 141 141 141 141 141 142 143 145 147 148 150 150 150 148 145 140 137 134 133 132 131
120 122 123 125 127 128 130 132 132 131 129 129 132 136 140 144 147 149 150 151 151 150 148 147 147 148 149 148 145 143 140 137 134 130 126 122 118 115 111 106 102 96 92 90 90 92 95 98 100 104 109 113 117 120 121 122 126 133 140 141 139 139 138 135 133 132 132 132 131 128 122 115 110 109 107 103 100 100 102 103 108 114 119 123 126 128 131 134 137 139 141 142 142 142 143 145 145 144 142 141 140 140 141 142 144 145 147 148 149 149 149 148 146 143 139 137 136 135 134 132
119 120 122 123 125 127 128 129 130 131 130 130 133 137 141 145 148 149 149 149 149 148 147 147 147 148 147 144 141 138 135 132 128 125 121 118 115 111 107 102 97 91 89 91 93 96 99 103 106 109 114 118 121 122 122 123 127 130 136 137 135 135 134 132 130 131 134 136 140 140 135 128 123 121 119 115 110 106 103 101 103 109 115 118 122 126 129 132 135 137 139 141 142 142 143 144 145 145 144 142 140 140 141 142 144 146 147 148 148 147 145 144 143 141 139 138 137 137 135 133
117 118 120 122 124 125 126 127 128 130 131 132 135 139 142 145 147 148 147 147 147 147 147 147 146 144 142 139 135 133 130 126 122 119 117 114 112 108 104 98 92 89 90 94 98 102 104 108 111 115 119 121 122 121 119 118 120 121 124 126 125 125 127 126 125 128 132 137 143 146 144 139 136 134 134 129 122 115 108 100 98 103 109 114 119 124 127 130 133 135 137 140 141 141 142 143 144 145 144 143 142 142 142 143 144 145 146 147 147 145 144 143 141 140 139 139 138 138 136 133
116 117 119 120 122 124 124 125 126 128 130 133 136 139 142 144 145 145 144 144 144 145 145 145 143 140 137 134 132 131 129 125 121 117 115 113 110 106 100 93 88 88 93 99 105 108 111 113 116 118 119 120 119 116 112 110 111 112 114 116 115 116 119 119 119 121 126 131 135 138 138 137 135 134 137 134 127 119 111 100 94 96 102 110 117 122 125 128 131 133 136 139 140 139 140 142 143 143 144 143 143 143 142 143 143 144 146 147 147 146 143 142 141 140 140 140 139 138 136 134
116 116 118 120 121 122 122 123 124 126 129 132 135 138 141 142 143 142 140 140 141 142 142 141 138 136 134 132 131 131 129 126 122 118 115 112 109 104 97 90 86 88 94 102 108 111 112 112 112 113 112 111 110 108 105 103 104 105 107 109 109 110 111 112 112 114 118 120 121 121 119 117 116 117 120 121 119 115 108 98 90 90 96 105 113 119 123 126 129 132 136 138 139 139 140 141 141 142 143 144 144 144 144 144 144 145 147 149 148 147 145 143 142 142 141 140 140 138 137 134
116 116 117 119 120 120 120 121 122 125 127 130 133 136 139 140 140 139 138 138 138 138 138 137 134 133 132 131 131 130 128 125 122 118 114 110 106 101 94 87 84 86 92 98 102 103 102 99 98 98 96 96 97 97 97 97 98 99 101 103 103 103 104 104 105 106 108 107 103 96 90 86 84 85 89 95 99 103 102 96 87 85 91 100 109 116 121 125 128 131 134 137 138 139 139 139 140 141 143 145 145 146 146 146 146 148 149 150 150 149 148 146 145 143 142 141 140 138 136 134
115 116 117 118 118 118 118 119 121 124 126 129 131 134 137 138 138 138 138 137 136 135 134 133 131 130 129 129 128 127 125 123 120 116 112 108 104 99 92 86 82 83 87 90 90 87 83 76 73 72 71 74 79 84 87 89 92 93 94 96 96 96 96 96 97 99 97 90 80 70 60 52 49 52 59 69 80 89 93 90 84 83 89 97 106 114 119 123 126 129 132 135 137 138 138 138 138 140 143 145 146 147 148 148 148 149 150 150 150 150 150 148 146 144 143 141 139 138 136 133
115 115 116 117 117 117 117 118 120 122 124 126 129 131 134 135 136 137 137 136 134 133 132 131 129 128 127 126 126 125 123 121 118 114 111 107 103 99 93 87 82 80 80 79 75 68 60 50 44 40 40 45 55 66 75 81 84 85 86 88 88 88 88 89 90 91 85 74 61 48 34 26 25 31 41 54 68 79 85 86 83 85 90 98 106 112 117 121 124 127 131 133 135 136 136 136 138 140 143 145 147 148 148 149 149 149 150 150 151 151 150 148 145 144 142 141 139 137 135 133
114 114 115 116 116 116 116 117 118 120 122 124 126 128 130 132 133 134 135 134 133 132 130 129 128 128 127 126 125 123 121 119 116 113 110 107 105 102 97 91 84 77 73 68 62 53 43 32 24 20 20 24 33 47 61 70 76 77 78 79 80 80 81 82 84 84 78 67 53 40 30 27 27 32 40 51 62 71 78 82 85 88 94 100 107 112 116 119 122 126 129 131 133 133 133 134 137 140 143 145 146 147 148 148 149 149 149 150 151 151 149 147 145 143 142 141 139 137 135 133
114 113 114 115 115 116 116 116 117 119 120 122 123 125 127 129 131 132 132 131 130 129 129 128 127 126 125 124 123 121 119 117 115 112 110 109 108 107 103 97 88 78 69 62 54 45 36 29 24 24 27 30 34 42 53 62 68 70 71 72 72 73 76 79 80 82 79 72 63 56 51 46 42 42 47 55 64 71 77 83 89 94 99 104 109 113 116 118 122 125 127 128 129 130 131 133 136 140 142 144 145 146 147 148 149 149 150 150 150 149 147 145 144 143 142 141 140 137 135 133
113 113 113 114 115 116 116 116 116 118 119 120 121 123 124 125 127 128 128 128 128 128 128 127 126 125 124 123 122 120 118 116 114 112 111 111 112 112 109 104 95 83 72 62 54 46 40 38 38 42 48 52 55 56 57 60 64 66 67 67 68 70 74 76 76 78 79 79 79 79 74 66 57 54 56 62 70 77 84 92 98 102 106 109 113 116 118 119 122 125 125 125 125 126 129 133 137 140 142 144 145 146 147 148 149 150 150 150 149 147 146 144 144 143 143 142 140 137 135 132
112 112 112 113 114 115 116 116 116 117 117 118 119 120 121 122 123 125 126 126 127 127 127 126 124 123 122 122 121 119 117 115 114 114 115 116 117 117 115 112 105 95 83 73 64 58 53 54 56 62 69 74 76 75 71 67 65 66 65 65 65 69 72 73 73 74 78 83 88 90 88 81 72 67 68 73 80 88 96 104 109 111 113 115 117 120 121 122 123 125 125 124 124 125 129 134 138 140 142 143 144 145 146 147 148 149 149 149 147 146 145 143 143 144 143 142 140 137 135 132
111 111 112 113 114 115 115 116 116 116 116 116 117 118 119 120 121 122 123 124 125 125 124 122 120 120 120 120 119 117 116 116 117 118 120 121 121 121 122 121 117 109 100 92 85 79 75 76 77 80 85 88 90 90 87 82 76 74 71 68 67 70 72 74 74 76 81 86 91 94 93 89 84 81 82 87 94 101 108 114 118 119 119 121 122 123 124 124 125 126 126 126 127 128 131 135 138 139 141 143 144 145 145 145 146 147 146 146 145 144 143 142 142 143 143 142 140 137 135 132
110 111 111 112 113 114 114 115 115 115 115 115 116 117 118 119 120 121 122 123 123 122 121 118 117 117 118 118 117 116 116 117 119 121 123 124 125 125 126 125 122 119 115 111 106 101 97 96 95 96 97 99 100 102 102 99 94 91 85 81 79 79 80 82 84 87 90 93 95 96 96 94 93 93 95 99 104 110 116 120 123 124 124 126 126 127 126 126 126 127 128 129 131 132 134 136 138 139 141 143 144 144 144 144 144 143 143 143 143 141 140 140 141 142 141 141 139 137 134 131
110 110 111 112 113 114 114 114 114 114 114 115 116 117 118 119 119 119 120 121 121 120 119 117 117 118 118 117 116 115 116 119 122 124 127 128 128 129 128 127 125 124 124 122 119 115 110 108 105 104 105 107 108 110 111 110 109 106 102 97 95 94 94 95 97 100 101 101 101 101 101 101 101 102 104 106 110 115 119 122 124 125 127 128 129 129 128 128 128 128 129 130 132 133 135 136 138 139 141 143 144 144 144 142 142 141 141 141 140 140 139 140 140 140 140 139 138 136 133 131
109 110 111 112 113 114 114 114 113 113 113 114 115 117 118 118 117 117 118 118 118 117 117 117 118 118 118 118 117 117 118 121 124 127 129 130 131 131 130 128 127 128 128 127 124 120 116 113 110 109 110 112 114 115 115 116 116 115 112 110 108 108 107 107 109 111 111 110 109 108 107 107 108 109 109 111 114 118 122 124 125 127 129 131 131 131 131 130 130 131 131 131 132 134 135 136 138 139 140 142 143 143 143 141 140 140 139 139 138 139 139 140 139 139 139 138 136 135 133 131
110 110 111 112 113 114 114 113 113 112 112 113 115 116 117 116 116 116 117 116 116 115 115 115 116 117 118 118 117 118 120 123 126 128 130 131 131 131 130 128 128 128 128 127 125 122 119 116 113 112 113 115 118 119 119 120 119 117 116 115 115 114 115 116 117 119 120 119 117 114 113 113 113 113 114 115 119 122 125 127 129 130 132 133 133 133 133 133 133 133 133 132 132 133 135 136 137 137 138 139 141 141 141 140 139 139 138 137 137 138 138 138 138 138 137 137 135 134 133 131
109 110 111 112 113 113 113 113 112 111 112 113 114 115 115 115 115 116 116 116 115 115 114 114 114 115 116 116 116 118 121 124 127 129 130 131 131 131 130 128 127 126 126 125 123 122 120 118 116 115 116 118 120 122 123 123 121 118 117 116 117 117 117 119 122 125 125 125 123 120 119 119 117 117 118 120 123 125 128 130 132 134 135 135 135 135 135 134 134 134 134 133 132 133 135 135 136 136 136 137 138 138 138 138 137 137 136 135 136 136 136 136 136 136 136 136 135 134 133 132
108 109 110 111 112 112 112 112 111 110 111 112 113 114 114 114 114 115 115 115 115 114 114 113 114 115 115 115 116 117 120 123 126 128 129 130 131 131 130 128 126 124 122 121 121 120 119 118 118 118 119 120 120 121 123 123 122 120 117 115 115 115 116 119 123 127 128 128 126 124 122 122 121 121 121 122 125 127 129 132 134 136 136 137 136 135 135 134 133 133 133 132 132 133 134 134 135 135 136 136 137 136 135 135 135 135 134 134 135 135 135 135 135 135 135 135 134 133 133 131
107 108 109 110 111 112 112 111 111 110 110 111 112 112 112 113 113 114 114 114 114 114 113 113 114 114 115 115 116 117 119 122 124 126 127 129 130 131 130 128 125 122 120 120 120 119 118 118 118 119 119 120 120 121 122 122 122 121 117 115 113 113 114 117 122 127 128 129 128 125 123 123 124 124 124 125 126 128 129 131 133 135 136 136 135 134 134 133 133 133 133 132 132 133 133 133 134 134 135 136 135 134 133 133 133 133 133 133 134 134 134 133 133 134 134 134 133 133 132 131
106 108 109 111 111 112 112 111 111 110 110 110 110 111 111 111 112 113 113 112 112 112 112 112 113 114 115 116 117 118 120 122 123 125 125 126 128 129 129 127 123 120 119 119 119 119 119 118 118 118 118 118 119 120 120 120 120 119 116 113 111 111 112 115 120 124 127 128 128 126 124 124 125 126 126 126 127 127 128 129 131 132 133 134 133 132 132 132 132 133 132 132 132 132 131 132 133 133 134 134 134 133 132 132 132 132 133 133 133 133 133 133 133 133 133 133 133 132 131 130
105 107 109 110 111 111 111 110 110 109 109 110 110 110 110 111 112 112 111 110 109 109 110 112 113 114 114 115 116 117 119 121 123 123 123 123 123 124 124 123 121 119 118 118 118 119 119 119 118 117 117 118 119 120 120 119 117 115 113 111 110 109 111 114 118 122 125 126 126 125 124 123 125 126 125 124 125 125 125 127 129 130 131 131 130 129 129 130 131 131 131 132 132 131 130 130 131 132 132 133 133 132 131 131 131 132 132 133 133 133 133 132 132 132 132 132 132 131 129 128
105 107 109 110 110 110 109 108 108 108 109 109 110 110 110 111 112 112 110 108 107 107 109 111 112 112 111 112 113 115 117 120 121 120 119 117 117 118 119 120 119 118 117 117 117 117 118 118 118 117 117 118 120 122 122 120 116 112 109 108 108 108 111 113 117 122 125 125 125 123 123 123 124 124 124 124 124 124 124 125 128 128 128 128 127 125 126 127 128 129 130 130 130 129 129 129 131 131 131 132 133 132 131 130 131 131 132 133 133 133 132 131 131 130 130 131 130 129 128 127
104 106 107 108 108 108 107 106 106 106 108 109 110 110 110 110 111 110 109 106 105 105 107 108 109 109 109 109 110 113 116 118 118 116 113 112 112 114 116 117 117 116 116 116 116 116 117 117 118 117 117 118 121 124 124 122 117 111 107 106 107 108 110 113 117 122 125 125 124 123 122 123 124 124 125 125 126 125 125 125 126 126 125 125 122 120 120 123 125 126 128 128 128 128 128 128 130 131 131 132 133 132 131 130 130 130 131 132 132 131 130 129 129 129 129 129 129 128 126 126
103 104 105 106 107 106 105 104 104 105 107 108 108 108 109 109 110 109 108 106 104 104 105 107 108 108 107 107 108 111 113 114 113 111 108 107 108 110 111 112 112 112 112 114 115 115 116 116 117 116 117 119 122 124 124 121 116 111 106 104 105 108 111 113 117 121 123 123 123 123 124 126 126 127 127 128 129 128 127 127 126 124 123 121 118 115 115 117 120 123 125 126 126 127 127 127 128 129 130 131 131 131 131 130 130 130 130 130 130 129 129 128 128 128 128 128 128 127 125 126
102 103 104 105 105 105 105 104 104 105 106 107 107 107 108 108 109 108 107 106 104 104 105 107 107 107 106 105 107 109 110 109 107 104 102 102 103 104 105 106 107 107 108 110 112 114 115 117 117 116 117 118 119 120 119 117 114 110 105 103 104 107 111 113 115 116 117 116 117 119 122 125 126 127 128 129 130 129 128 127 125 123 121 119 115 112 110 111 114 118 122 124 125 126 127 126 127 128 129 129 129 130 131 131 130 129 129 129 128 128 127 127 127 127 127 127 127 125 123 126
101 102 103 104 105 105 105 104 104 104 105 106 106 107 107 108 108 108 107 106 104 104 105 106 106 105 104 104 105 106 106 104 102 99 97 97 98 100 101 103 104 105 106 108 110 112 114 115 115 113 111 110 108 106 105 107 108 106 104 101 101 103 105 105 104 102 100 98 98 102 108 114 118 122 125 126 127 127 125 124 123 121 119 115 112 109 107 107 110 116 120 122 124 125 126 126 126 128 129 129 129 130 130 130 129 129 128 128 127 127 126 126 126 126 126 126 125 123 123 126
101 101 102 104 105 105 105 104 103 104 104 105 106 106 106 107 107 107 106 105 104 104 105 105 104 103 102 102 102 101 100 99 97 94 93 94 95 97 99 101 102 102 104 106 108 110 110 108 106 101 96 92 87 83 83 86 90 91 92 92 91 91 89 86 82 79 76 74 74 78 83 91 97 104 110 115 118 118 118 118 116 114 112 108 105 104 102 103 107 114 118 120 122 123 125 125 126 127 128 128 129 129 130 129 129 128 128 127 127 126 125 125 125 125 124 124 122 121 123 127
102 100 100 102 103 103 103 103 103 103 104 104 104 105 105 106 106 106 105 105 104 104 105 105 104 103 102 101 99 97 97 95 93 91 90 91 92 94 96 97 98 100 101 103 104 102 98 91 86 80 73 68 64 61 61 63 65 66 69 72 73 72 68 65 63 60 59 58 58 59 62 65 70 77 84 91 96 100 103 105 105 102 100 97 95 93 91 94 101 109 115 118 120 122 123 125 126 126 126 127 128 128 128 128 128 127 127 127 126 125 125 124 124 123 122 121 120 120 123 127
102 101 99 99 100 101 101 102 102 102 102 102 102 103 104 105 105 105 105 104 104 104 105 105 104 103 102 100 98 97 97 94 91 88 87 88 89 90 91 92 93 95 96 95 92 86 79 70 63 58 54 51 49 48 47 48 49 50 53 56 58 56 54 53 52 51 51 51 51 50 50 50 51 54 59 65 71 76 81 86 88 86 84 81 79 78 78 82 90 101 109 114 117 119 122 125 126 126 126 126 127 127 127 127 126 126 126 126 125 124 124 124 123 121 120 119 118 120 122 126
101 100 98 97 98 99 100 100 101 100 100 100 101 102 103 103 104 104 104 104 104 104 105 105 104 103 101 100 99 99 97 94 89 85 84 84 84 84 84 84 85 85 84 80 74 67 59 52 47 44 42 41 41 40 41 41 42 43 45 48 50 49 47 46 46 45 45 46 46 45 44 44 44 44 46 49 52 57 61 65 68 67 65 61 61 64 68 74 83 94 104 110 115 118 121 124 125 125 125 126 126 126 126 126 126 125 125 125 124 124 123 123 121 120 118 117 116 119 121 126
98 98 96 95 96 97 98 99 99 99 99 99 100 101 101 102 102 103 103 103 104 105 105 105 104 102 101 101 100 100 97 92 87 82 79 77 74 73 72 71 71 70 66 61 55 49 44 39 36 34 34 35 35 36 37 38 38 40 42 44 45 44 44 44 44 43 41 40 39 39 41 42 43 44 44 45 45 47 49 50 49 48 46 45 49 56 65 73 82 92 101 109 114 116 120 122 123 124 125 125 126 126 126 125 124 124 123 123 123 123 122 121 120 119 117 116 115 118 119 125
93 93 93 92 93 95 96 97 98 98 98 98 99 99 100 101 101 101 102 103 104 105 105 105 103 102 101 101 100 98 95 89 83 77 71 66 62 59 57 56 54 51 47 44 40 37 34 33 32 31 31 33 35 37 39 39 39 40 40 42 42 42 43 43 43 42 39 38 39 41 46 50 51 52 52 52 51 52 51 48 46 45 45 48 53 60 69 76 84 92 100 107 112 115 118 120 121 122 123 124 125 125 125 124 123 122 122 121 121 121 120 120 118 117 115 114 114 116 116 120
84 88 88 88 90 93 94 95 96 97 97 97 97 98 99 99 100 100 101 103 104 105 105 105 103 102 100 99 97 95 91 85 78 71 63 56 51 47 44 42 41 38 37 37 37 37 39 40 41 41 40 40 41 43 45 46 46 47 47 49 50 49 49 49 49 50 49 50 52 56 62 66 67 68 67 67 67 67 66 62 60 60 63 68 72 75 78 83 88 94 101 107 112 115 118 120 121 121 122 122 123 124 123 123 121 121 120 119 119 119 118 117 116 115 113 112 113 114 114 117
79 85 85 85 88 91 93 94 95 95 95 95 96 97 98 98 99 100 102 103 105 106 106 105 103 101 99 97 95 92 87 80 73 66 59 52 46 42 40 41 43 44 47 51 53 55 57 59 60 60 60 59 57 58 59 59 60 63 66 68 70 69 67 68 69 69 70 70 71 72 76 79 82 83 83 82 81 79 77 74 74 77 81 86 89 89 89 91 94 98 103 108 113 116 119 120 121 120 120 121 122 122 122 121 120 119 118 118 117 117 116 114 113 111 109 109 111 110 110 116
75 81 83 85 86 88 90 91 92 93 93 93 94 95 96 97 98 100 102 103 105 106 106 105 102 100 97 95 93 90 84 78 72 67 61 57 54 52 53 54 57 59 63 68 71 73 74 74 74 75 75 74 74 75 75 76 78 81 83 86 88 87 85 87 88 87 85 85 84 84 86 89 91 93 93 90 86 83 81 81 85 92 97 101 101 100 99 99 101 103 106 110 113 116 118 119 119 118 118 118 119 119 119 118 118 117 116 115 115 114 113 112 110 107 104 103 103 102 109 117
67 74 82 84 85 86 87 88 89 90 91 91 92 93 94 95 96 98 100 101 103 104 104 103 101 98 96 94 92 89 84 78 74 71 68 68 69 69 70 68 67 67 70 74 79 81 81 80 81 82 82 82 84 86 89 92 95 96 96 98 100 99 98 99 101 99 96 96 96 95 95 96 98 97 95 91 87 84 85 89 97 105 110 111 110 109 107 107 107 107 109 111 113 115 116 116 116 115 116 116 117 117 117 116 116 115 113 113 112 111 110 109 107 103 97 92 91 94 106 115
59 72 81 82 82 83 83 84 86 87 88 89 90 90 91 92 94 95 97 99 101 101 101 100 99 97 96 94 92 89 85 81 78 77 76 78 81 82 82 78 74 72 72 74 77 79 80 81 83 84 86 89 92 95 99 103 106 105 103 103 103 103 103 104 106 104 101 100 101 100 98 98 98 96 93 90 89 89 92 99 107 113 115 116 115 115 115 114 113 112 112 113 113 113 113 113 113 113 113 114 115 114 114 114 114 113 112 111 110 109 108 107 103 97 87 78 80 85 99 110
58 69 75 76 77 77 78 80 83 85 86 87 88 88 89 90 92 93 95 96 98 99 99 98 97 96 95 93 91 89 86 84 82 82 83 86 88 88 87 83 79 74 72 71 73 75 76 78 80 82 85 89 93 96 101 105 106 105 102 100 100 99 100 101 101 100 98 97 98 98 97 95 95 93 91 91 92 96 101 107 113 116 117 118 119 120 119 118 117 115 114 114 113 112 111 110 111 111 112 112 112 112 112 112 112 111 110 109 108 107 106 103 96 88 75 64 71 79 92 102
59 61 63 67 70 70 72 75 79 82 83 85 86 87 88 89 90 91 92 93 95 95 95 95 95 94 93 91 90 88 86 86 85 86 87 89 91 91 89 86 82 77 73 71 70 71 72 73 75 78 81 84 87 91 95 98 98 97 93 92 91 90 91 91 91 90 89 89 90 91 91 90 89 89 90 92 96 101 106 110 114 117 118 120 122 123 122 121 119 117 115 115 113 112 110 109 109 109 110 111 110 110 110 110 110 109 108 107 106 104 102 96 86 75 62 58 64 70 84 90
57 55 54 59 63 65 67 71 76 79 81 82 84 85 86 87 87 88 89 90 91 92 92 92 92 92 91 90 89 88 87 88 88 89 90 91 92 91 90 87 84 80 76 73 71 70 70 70 71 73 75 76 78 81 84 86 87 85 81 79 78 77 78 78 78 78 79 80 81 83 84 84 86 88 91 94 99 104 108 111 114 116 118 121 123 123 121 120 119 117 115 114 112 111 109 108 108 108 108 108 108 108 108 108 108 107 107 105 103 101 96 87 73 59 52 55 59 62 75 76
55 52 48 52 58 62 64 69 74 77 79 80 81 82 83 84 84 85 86 87 88 88 89 89 89 88 88 88 88 88 89 89 90 90 91 91 91 91 90 88 86 83 80 77 73 71 69 69 68 68 68 67 68 70 71 73 73 71 69 67 66 65 66 67 67 68 69 71 74 77 80 82 85 89 93 97 101 105 108 110 112 115 118 121 121 120 119 118 117 115 113 111 110 109 109 108 107 106 105 105 105 105 106 106 106 106 105 103 100 96 87 73 59 50 44 49 55 58 67 64
55 49 45 48 55 59 62 67 72 76 77 78 79 80 80 81 81 82 82 83 84 85 86 86 85 85 86 87 89 89 90 90 90 90 90 90 90 90 89 88 86 85 82 79 76 73 71 69 67 65 63 61 61 60 60 61 61 60 59 58 57 56 56 57 57 58 60 63 67 72 76 80 85 90 94 97 100 103 106 108 111 115 118 119 118 117 116 115 114 113 112 110 109 109 109 107 106 104 103 103 103 103 104 104 104 104 102 99 95 87 72 57 49 45 39 44 52 58 61 51
53 47 43 47 54 59 62 67 73 75 75 75 76 77 77 78 78 78 79 80 81 82 82 83 83 85 86 88 89 89 89 89 88 88 88 88 88 88 88 86 85 83 81 80 78 75 72 69 67 64 61 59 56 55 54 52 51 49 48 47 47 46 45 45 46 48 51 55 60 66 71 76 81 86 89 93 96 100 103 105 108 112 115 116 116 115 114 113 112 111 111 110 110 109 108 107 105 104 102 101 101 101 101 102 102 101 99 95 87 73 57 46 40 37 34 40 50 57 54 41
48 43 41 47 55 59 62 68 73 74 73 73 74 74 74 75 75 75 76 77 77 78 79 80 83 85 86 88 88 88 87 87 87 86 86 86 86 86 86 84 83 81 80 78 77 74 71 68 64 61 58 55 53 51 49 47 44 41 39 38 38 37 36 36 38 40 43 47 53 58 64 69 73 78 83 87 92 96 100 103 105 108 110 112 113 113 111 110 110 109 109 109 108 108 107 107 105 103 102 100 100 100 100 101 101 99 95 87 73 53 44 39 33 29 30 35 47 55 47 39
45 41 40 48 55 58 64 71 74 74 73 72 72 72 72 72 73 73 73 74 75 76 77 79 82 83 84 85 86 85 85 85 85 85 85 86 86 86 85 84 82 80 79 77 75 72 69 64 61 57 54 51 50 48 47 45 43 41 39 38 38 38 37 37 38 39 41 44 48 53 58 63 68 74 79 85 91 95 99 101 104 105 107 108 109 109 107 107 107 107 107 106 106 106 106 106 105 103 101 99 99 99 99 100 99 96 88 75 55 38 35 34 28 25 28 32 41 49 41 40
44 40 41 49 53 57 67 74 76 75 72 71 71 71 71 71 71 72 72 72 73 74 76 78 79 81 82 82 83 83 83 83 84 84 84 85 85 85 84 83 81 80 79 77 74 71 67 64 60 57 54 52 50 49 49 48 47 47 46 45 45 46 46 47 47 48 49 50 53 56 60 64 69 75 80 86 92 96 99 102 104 106 106 107 107 106 105 104 105 106 105 105 104 104 105 105 104 103 101 99 98 97 98 97 95 89 78 60 41 31 28 29 25 22 27 31 36 38 36 43
45 41 42 47 50 58 70 76 78 77 73 71 71 71 70 70 70 70 71 71 72 73 74 75 76 77 79 80 81 81 81 81 81 81 81 82 82 82 82 81 80 79 78 76 74 71 68 65 63 60 58 57 56 55 55 55 54 54 54 54 54 55 56 57 58 59 60 61 63 65 68 71 75 80 85 90 95 98 100 102 105 106 106 106 106 105 104 104 104 105 104 104 103 103 104 104 103 102 100 98 96 95 95 93 88 81 68 49 34 27 24 25 23 21 25 29 33 28 34 47
46 40 42 44 50 61 73 78 80 79 75 72 72 71 71 70 70 70 70 71 71 72 72 73 75 76 77 78 79 79 79 78 78 78 79 79 79 79 79 78 78 77 76 74 73 71 69 67 66 65 64 63 62 62 62 62 62 62 63 63 62 63 64 65 67 68 70 72 73 75 77 80 83 86 89 93 97 100 102 103 104 104 104 105 105 104 104 104 104 104 103 103 102 102 102 103 103 101 100 97 95 93 91 87 81 75 62 43 31 25 22 21 20 22 22 27 27 22 35 48
44 39 41 43 52 65 76 80 82 81 77 75 73 72 71 70 69 69 69 70 70 71 71 72 73 75 76 77 78 78 78 77 77 77 77 77 77 77 76 76 75 74 73 72 71 70 70 69 68 68 67 67 68 68 69 69 70 70 70 69 69 69 71 72 75 77 79 81 82 83 86 88 90 92 94 97 100 102 103 104 104 104 104 105 105 105 105 104 104 103 102 101 101 101 101 101 101 100 98 95 93 89 86 82 78 72 60 42 31 25 22 19 19 22 22 25 22 20 35 47
40 38 41 44 54 67 77 80 83 82 79 77 76 74 72 70 70 69 69 69 69 70 70 71 73 74 75 76 77 77 76 76 76 76 76 76 76 75 75 74 73 72 71 70 70 70 69 69 69 70 70 70 70 71 72 73 74 75 74 73 73 74 76 78 81 84 87 89 90 91 93 94 96 97 99 100 103 104 105 106 106 105 105 106 105 105 105 104 103 102 101 101 100 99 99 99 99 97 95 93 89 85 83 81 77 72 58 41 30 24 21 18 17 19 22 23 18 22 35 47
37 37 41 46 56 68 77 81 83 82 80 79 78 76 74 72 70 69 69 68 68 68 69 70 72 73 74 75 75 76 75 76 76 76 76 75 75 74 74 73 73 72 71 70 69 69 69 70 70 70 71 71 72 73 74 76 77 78 77 76 76 77 79 82 85 88 91 94 96 98 99 100 101 101 102 102 104 106 107 108 108 107 107 106 105 104 103 103 103 102 101 100 99 98 97 97 96 94 91 89 86 84 84 83 78 72 58 41 31 24 20 17 15 16 20 20 15 24 36 45
32 36 42 47 57 69 77 81 84 83 81 81 80 79 77 75 72 70 69 68 67 67 68 69 71 72 72 73 74 74 75 75 75 75 75 75 75 75 74 74 73 72 71 71 71 71 71 71 71 71 72 72 73 75 76 78 79 79 79 79 79 80 82 84 87 91 94 97 99 102 104 104 104 104 103 103 104 106 108 109 110 109 108 107 106 104 103 102 102 102 101 99 98 96 95 94 92 90 87 85 85 86 87 84 79 72 58 42 32 24 20 16 13 13 17 16 15 26 37 48
28 34 43 49 58 70 77 80 84 85 82 82 82 82 80 78 75 72 70 68 67 66 67 68 69 69 70 71 72 73 74 74 75 75 75 75 75 75 75 75 74 73 73 73 73 73 73 74 74 73 73 74 75 76 77 78 78 78 78 79 80 81 83 85 88 92 95 98 101 104 105 107 107 106 105 104 105 107 109 110 111 110 109 108 107 105 103 103 102 101 99 98 96 94 92 90 88 86 84 84 86 89 88 84 80 73 57 41 32 24 19 15 12 12 14 13 16 25 36 49
26 34 45 51 60 71 77 80 84 84 83 83 83 83 82 81 78 74 71 69 67 66 65 66 66 67 68 70 71 72 72 74 75 75 76 77 77 77 77 77 76 76 76 76 76 76 75 75 75 75 76 76 76 76 76 77 77 76 77 78 80 81 82 84 87 90 94 97 101 103 105 107 108 108 107 107 107 108 110 111 111 110 109 108 107 105 104 103 102 100 98 96 93 91 89 87 84 83 84 86 88 90 89 85 81 73 57 41 32 24 19 14 11 12 12 12 16 23 34 47
27 36 47 53 62 72 77 81 83 83 83 84 84 85 84 83 81 77 74 71 68 66 64 64 64 64 65 67 69 70 72 73 74 75 76 78 78 79 79 78 79 79 80 80 80 79 78 78 78 78 78 78 77 77 76 75 75 75 75 77 78 78 80 81 83 86 89 93 97 101 103 105 107 108 108 108 109 110 111 111 111 110 109 108 106 105 104 103 101 99 96 93 90 88 85 83 82 83 86 89 90 91 89 86 82 73 57 41 33 25 19 13 11 11 10 12 16 22 34 46
28 38 48 54 64 73 77 81 83 83 84 85 85 86 85 84 83 80 77 74 70 67 65 63 62 62 63 64 66 68 70 72 74 75 77 78 79 80 80 80 81 82 83 83 83 83 82 82 81 81 80 80 79 78 76 74 73 73 73 73 74 75 76 77 78 81 84 87 91 96 99 102 105 106 107 108 109 109 110 110 110 109 107 106 105 104 104 103 100 97 93 89 86 84 82 81 82 85 88 90 91 92 90 87 82 73 57 41 33 25 18 13 11 10 9 12 16 22 32 44
31 40 48 57 67 74 78 81 82 83 84 85 86 86 86 86 84 83 80 77 73 70 66 64 62 61 61 62 63 65 68 70 73 74 76 78 79 80 81 82 83 84 85 85 85 85 84 84 83 82 82 81 80 78 76 74 73 72 71 71 71 72 73 73 74 76 78 80 84 89 93 97 101 103 105 106 107 108 109 109 109 108 106 104 104 103 102 101 98 94 90 85 82 81 80 81 84 87 90 92 93 93 91 87 81 73 58 42 33 25 18 13 10 8 9 12 16 21 30 42
34 41 49 60 70 75 78 81 82 83 84 86 86 86 86 86 86 84 83 80 77 73 69 66 64 62 61 61 61 63 65 68 71 73 75 77 79 81 82 83 84 85 85 85 85 85 85 85 83 82 81 80 78 77 75 74 73 72 71 71 71 72 72 72 72 73 74 75 78 82 88 93 97 100 103 104 106 106 107 108 108 107 104 103 102 101 101 99 96 91 86 81 79 78 80 83 86 89 92 94 94 94 92 87 81 74 60 43 33 26 18 12 10 8 9 12 16 21 29 39
38 44 52 62 71 74 78 81 82 83 85 86 87 87 87 87 87 86 85 83 80 77 73 70 67 65 63 61 61 62 63 65 68 71 73 76 78 80 81 82 83 84 85 85 85 85 85 84 83 81 80 78 76 74 72 71 71 71 71 71 71 72 73 73 73 73 73 74 76 79 84 89 93 97 100 102 103 104 105 106 106 105 103 102 101 100 98 96 91 86 81 77 77 78 81 85 89 92 95 96 96 95 93 87 81 76 64 45 35 27 19 14 10 8 9 11 15 20 28 34
42 47 54 63 71 74 77 81 82 83 85 86 87 88 88 88 88 87 87 86 84 80 77 74 71 68 66 63 62 61 62 63 65 67 70 73 76 77 79 80 81 82 83 84 84 84 83 83 82 80 78 76 74 71 69 68 68 68 69 69 70 70 71 72 73 72 72 72 74 76 79 84 89 93 96 98 99 100 102 104 104 103 102 101 100 98 96 91 86 80 76 76 77 80 83 87 91 94 97 98 98 96 94 88 83 78 68 50 37 29 21 16 11 9 9 10 13 19 25 29
47 52 58 64 71 75 77 80 82 84 85 86 88 89 89 89 89 88 88 88 86 84 81 78 75 73 70 66 64 62 61 61 62 64 66 70 72 74 76 77 79 81 81 82 82 82 81 81 81 79 77 75 72 69 67 66 65 65 65 66 67 67 68 69 70 70 69 69 72 73 76 80 84 88 90 93 94 96 98 100 101 101 100 98 97 95 91 85 80 76 75 76 79 82 85 90 94 97 99 99 99 97 94 90 84 80 72 54 40 31 22 17 12 10 10 10 13 18 24 26
50 58 63 65 71 76 78 81 83 85 86 87 88 89 90 90 90 89 89 89 89 87 85 82 80 77 74 71 68 65 63 61 61 62 63 66 69 71 73 75 77 78 79 79 79 79 80 79 79 77 76 73 71 68 66 64 63 61 61 61 62 62 63 65 66 67 66 67 69 71 73 76 80 83 86 88 90 92 94 96 97 97 96 95 93 89 84 79 75 74 75 78 81 85 88 93 96 99 100 101 100 98 94 90 85 82 74 59 43 33 24 18 13 11 10 9 13 17 21 24
55 62 67 66 70 76 79 82 84 86 87 88 89 90 91 91 91 91 91 91 90 89 88 85 83 81 78 75 72 69 66 63 61 61 61 63 65 68 70 72 74 76 77 77 78 78 78 77 76 75 73 71 69 68 66 64 62 60 58 58 58 59 60 61 62 63 63 64 67 68 69 72 75 78 81 83 85 87 89 91 92 92 92 89 86 81 77 74 73 74 77 80 84 88 92 96 99 101 102 102 101 99 96 92 87 84 77 63 48 36 27 20 15 13 10 10 14 16 19 21
60 65 69 67 69 76 80 83 85 87 88 88 90 91 92 92 92 92 92 92 92 91 90 88 86 84 81 79 76 73 70 67 64 62 61 61 62 64 66 68 70 72 74 75 75 76 75 75 74 72 71 69 68 67 65 64 62 59 57 56 57 58 59 60 60 61 62 63 65 66 66 67 70 72 75 77 79 81 83 86 87 87 86 83 79 75 73 73 74 76 79 83 87 91 95 99 101 103 104 104 102 100 97 93 88 85 78 67 52 39 30 23 18 15 10 11 13 14 16 18
64 69 69 68 70 76 82 84 86 88 89 89 90 91 93 93 93 93 93 93 93 92 91 90 88 86 84 82 79 76 74 71 68 65 62 61 60 60 62 64 66 67 69 70 72 72 72 71 70 69 68 67 66 65 63 62 61 58 56 56 57 58 59 59 60 60 60 61 63 64 63 62 63 66 69 70 73 75 77 79 80 80 79 76 74 73 73 74 77 79 82 87 91 95 98 102 104 105 105 104 103 100 97 94 90 85 79 69 56 43 33 26 22 17 11 12 13 12 14 17
65 70 71 69 70 76 83 85 87 88 90 91 92 92 93 94 94 94 94 94 93 93 92 91 90 88 86 84 82 80 77 74 72 69 66 63 61 59 59 60 61 62 64 66 67 68 68 67 67 66 65 64 63 62 60 59 58 56 56 56 58 59 60 60 59 58 57 58 59 60 59 57 56 59 62 64 67 70 72 73 74 73 72 72 72 72 74 77 79 82 86 90 94 98 102 104 106 106 106 105 103 101 98 95 91 87 81 71 59 49 36 28 25 19 14 14 13 11 11 15
65 69 72 72 70 75 83 86 88 89 91 92 93 93 94 95 95 95 95 94 94 94 93 92 91 90 88 87 85 83 81 79 76 73 69 66 64 61 59 58 58 58 59 60 62 63 63 63 63 63 62 61 60 58 57 55 54 54 54 56 57 58 59 59 58 57 57 57 58 58 56 53 52 53 56 59 62 65 67 68 69 69 70 71 72 74 76 79 82 85 89 93 98 101 104 106 107 107 107 106 104 102 100 96 92 88 83 72 62 53 40 31 28 22 17 15 12 10 10 14
64 67 72 73 72 75 83 88 89 90 92 93 94 94 95 95 96 96 96 96 95 95 94 93 92 91 90 89 87 86 84 82 79 76 73 70 67 64 61 59 57 56 56 56 57 58 58 58 58 58 58 57 56 54 53 51 51 51 53 54 55 55 56 56 56 57 58 58 58 58 55 53 52 53 55 57 60 63 65 66 68 69 70 72 74 76 78 82 85 89 93 97 100 104 106 107 107 108 108 106 104 103 101 97 92 89 83 73 63 55 42 32 30 25 21 17 11 10 9 12
63 67 71 74 74 76 82 88 91 92 93 94 95 95 95 96 97 97 97 97 96 96 95 94 93 92 91 90 89 88 86 84 81 78 76 73 70 67 64 62 59 57 55 54 54 54 54 54 54 54 54 53 52 51 50 49 49 50 51 52 52 52 53 54 55 56 57 58 58 57 55 54 54 55 57 58 61 63 66 68 69 71 72 73 76 78 82 85 89 93 96 100 103 106 107 108 108 109 108 106 105 103 101 97 93 89 83 74 64 55 41 32 31 27 25 18 11 9 8 11
62 65 70 75 77 77 81 89 92 93 94 95 96 96 97 97 98 98 98 98 98 97 96 95 94 93 93 92 91 90 88 86 84 81 78 76 73 70 67 65 62 59 57 55 53 52 51 50 50 50 50 49 49 48 48 48 48 48 49 49 50 50 51 52 53 54 55 55 55 55 55 55 56 58 60 62 64 67 69 70 72 73 74 76 78 82 86 89 93 97 100 103 105 107 108 108 109 109 108 107 105 103 102 99 94 89 82 74 65 53 38 34 34 29 27 18 11 9 9 11
62 64 70 76 78 77 81 88 92 94 95 96 97 97 98 99 99 99 99 99 99 98 97 97 96 95 95 94 93 91 90 88 86 83 81 79 76 74 71 68 65 63 60 58 55 53 51 50 48 47 47 46 46 46 45 45 46 46 47 47 47 48 49 50 51 52 53 53 53 54 55 57 59 61 63 66 68 70 71 72 73 75 76 78 82 85 90 94 96 99 102 105 107 108 109 109 110 109 109 108 106 104 102 99 94 89 83 75 65 52 36 37 38 34 31 18 11 10 9 10
65 64 69 75 79 79 82 88 93 95 96 97 98 98 99 100 100 100 100 100 100 100 99 99 98 98 97 96 94 92 91 89 87 86 84 82 79 77 74 71 69 66 64 61 59 56 53 51 49 47 46 45 44 44 44 44 44 44 45 45 46 46 47 48 49 50 52 53 54 56 57 60 62 65 67 69 71 72 73 74 75 77 79 82 86 89 93 97 99 102 104 107 108 109 110 110 110 109 109 107 106 105 102 99 94 89 83 75 64 50 36 40 42 39 34 19 14 13 11 10
69 65 69 74 79 81 81 87 93 96 98 99 99 100 100 101 101 100 101 101 102 102 101 101 100 99 98 97 95 93 92 90 89 88 86 84 82 80 77 75 72 70 67 65 62 60 57 54 52 50 48 46 45 44 43 42 42 43 43 44 45 45 46 48 49 50 52 54 56 58 60 63 65 68 70 71 72 74 75 76 77 79 82 85 89 93 96 99 102 104 106 108 109 109 110 110 109 109 108 106 106 105 102 98 94 88 82 74 63 47 38 43 44 44 37 23 18 17 14 10
73 68 68 73 79 82 82 87 94 98 99 100 100 101 102 102 102 101 102 103 104 104 104 103 102 101 100 98 96 95 93 92 91 90 88 87 85 83 80 78 76 74 71 68 66 63 61 59 56 54 52 50 48 46 45 44 43 44 44 45 46 47 48 49 51 53 55 57 59 61 64 66 68 70 72 73 74 75 77 78 80 83 85 88 92 95 98 101 103 105 107 109 109 110 110 110 109 108 107 107 106 104 101 97 92 88 82 72 61 44 41 45 45 46 38 28 25 21 17 12
77 71 67 72 79 83 84 87 94 99 101 101 101 102 103 103 103 103 103 104 105 106 106 105 104 103 102 100 98 96 95 94 93 92 91 89 87 85 83 81 79 76 74 71 69 67 65 62 60 58 56 54 52 50 49 48 47 47 47 48 49 50 51 53 54 56 58 60 62 65 67 69 71 73 74 75 76 77 79 80 83 86 89 92 95 97 100 102 104 106 107 109 110 110 110 110 109 108 108 107 106 104 101 97 91 87 81 71 59 43 44 47 46 46 38 32 31 26 21 16
