95 97 100 102 105 109 114 121 125 129 133 136 139 141 142 143 143 140 138 135 136 139 138 138 138 139 142 145 146 148 149 150 149 143 135 133 130 133 140 141 140 138 133 130 129 129 131 133 133 133 132 133 132 130 133 133 131 129 128 126 125 126 127 127 128 129 126 126 127 126 125 125 123 121 120 120 118 118 120 120 119 120 122 122 121 120 120 120 119 118 118 118 118 117 117 117 117 116 117 117 117 117 118 119 118 115 112 108 102 96 92 88 85 82 76 69 63 57 51 45
96 98 100 101 104 107 113 119 124 127 130 133 137 140 141 142 142 137 135 134 135 138 137 136 136 138 140 143 144 147 148 150 149 141 133 135 134 136 141 141 140 135 124 121 121 123 130 133 133 134 134 134 133 132 134 133 132 130 128 126 126 127 128 128 129 129 127 127 128 127 125 124 121 119 119 118 115 115 118 119 118 119 120 121 120 119 120 120 118 116 117 117 115 113 114 115 115 115 116 116 117 117 118 119 118 115 114 110 103 97 91 87 84 82 77 71 65 59 52 46
96 98 99 100 102 106 110 116 121 126 129 132 135 138 139 140 139 134 134 134 134 137 135 135 136 137 139 141 143 146 147 150 150 145 140 140 140 139 140 141 140 132 119 120 122 124 131 133 132 134 133 133 134 132 133 134 133 132 129 128 128 128 129 129 129 129 128 129 129 127 124 123 121 118 117 115 114 115 118 118 118 119 121 121 120 120 121 122 118 116 118 117 114 112 113 115 116 116 116 118 120 119 119 120 118 116 114 110 103 96 90 86 84 82 78 73 67 60 53 47
97 99 98 99 102 105 109 114 120 125 129 132 134 135 136 136 135 131 131 134 134 135 135 135 136 139 141 143 144 146 146 148 148 146 143 141 140 141 141 142 141 134 127 130 132 132 133 133 132 133 132 133 133 132 133 135 135 133 132 131 131 129 129 129 129 129 128 128 128 125 123 122 119 117 116 114 114 116 116 117 117 117 119 121 121 120 121 121 118 117 117 116 114 113 114 116 117 117 117 119 122 121 120 120 118 115 112 109 102 94 90 85 83 82 79 74 67 61 54 48
98 97 98 99 102 105 108 113 119 124 128 131 134 133 133 134 133 131 130 132 133 133 134 135 137 138 141 142 142 145 146 147 147 147 145 142 141 142 143 143 142 140 137 137 136 135 134 133 134 134 133 133 134 132 134 137 136 135 134 134 133 130 130 130 130 130 128 128 127 124 123 122 119 117 115 114 114 115 116 117 116 116 117 119 119 119 120 118 117 116 116 115 114 113 113 115 118 118 118 119 121 122 121 119 117 115 111 107 100 93 89 85 83 81 78 74 68 62 55 48
98 96 96 99 101 104 108 114 119 124 127 130 132 131 131 132 131 130 129 130 131 131 133 135 136 137 140 142 143 145 147 149 149 148 146 144 144 145 145 146 146 144 142 139 138 137 137 137 138 137 136 135 135 134 136 137 136 136 137 136 134 131 132 133 133 131 130 131 129 127 125 123 120 118 116 115 116 116 117 118 116 116 117 119 118 118 117 116 115 115 114 113 113 112 111 114 117 118 118 118 120 123 122 117 116 116 112 104 97 92 88 84 81 80 77 74 69 63 56 50
97 95 97 100 101 104 108 115 120 124 128 130 131 131 131 131 130 130 129 128 130 131 132 133 134 136 139 141 144 146 149 151 150 148 148 147 148 148 148 147 146 144 143 142 142 141 142 141 140 139 137 137 137 136 137 137 137 138 138 136 134 133 134 135 134 134 133 134 132 130 129 126 123 121 120 119 119 118 119 120 118 118 118 119 119 117 116 116 116 115 114 113 113 112 112 114 115 116 116 116 119 122 122 119 118 116 113 106 98 93 88 84 81 79 76 74 70 64 57 51
96 95 97 100 102 105 109 115 119 124 128 129 130 130 130 130 130 130 130 129 131 132 133 133 134 135 137 141 145 148 150 150 150 149 150 148 148 149 147 146 146 145 145 146 146 146 148 145 142 141 137 137 137 136 136 137 139 140 139 137 136 137 138 137 136 137 137 137 135 133 131 129 127 125 124 123 122 122 122 121 120 120 119 119 118 116 116 117 117 115 115 115 114 113 114 115 115 115 115 116 118 120 121 119 118 116 113 108 102 96 90 86 83 80 77 75 70 64 58 51
96 96 98 100 103 106 111 117 119 124 128 130 131 131 130 131 132 132 133 133 134 135 134 135 135 136 139 143 148 150 150 151 151 149 151 151 150 150 148 147 149 149 150 151 151 152 152 147 145 143 138 135 134 135 136 138 141 142 141 141 142 142 142 141 141 140 140 140 139 137 135 132 130 129 128 126 125 125 125 123 123 122 121 120 119 116 117 119 118 115 116 117 115 112 113 114 114 113 113 114 116 118 118 117 117 115 113 109 104 98 93 89 85 82 79 76 72 66 60 52
96 97 100 102 104 108 113 118 120 124 129 131 130 130 131 133 135 136 137 137 138 138 137 137 137 139 143 146 150 152 152 151 152 151 152 153 153 151 150 151 153 153 155 156 156 155 154 149 146 143 137 132 134 137 138 141 145 144 143 145 146 146 147 146 146 144 143 144 143 140 138 135 134 133 130 128 128 129 128 127 126 125 123 121 120 117 118 121 120 117 117 118 115 113 113 114 113 113 114 114 116 117 116 116 116 115 112 109 104 100 95 91 87 83 81 77 73 68 62 54
96 98 101 102 105 109 114 119 122 125 129 130 128 130 133 135 137 139 140 140 141 142 141 140 141 144 148 150 152 155 155 154 154 154 153 155 157 154 155 156 157 158 158 158 157 155 154 152 149 144 138 136 138 139 141 145 147 145 146 148 147 149 152 151 151 149 147 146 144 143 141 138 138 137 133 132 133 132 132 132 130 126 125 123 120 119 120 121 120 119 119 118 115 113 113 112 112 112 113 114 115 116 116 115 115 114 112 108 104 101 97 92 87 84 81 77 73 68 63 56
96 100 102 103 106 110 115 120 124 127 129 128 126 129 133 134 137 139 140 142 144 145 145 145 148 150 152 154 156 157 157 156 156 157 156 158 160 158 158 158 158 158 158 158 157 156 156 155 153 148 143 143 142 143 145 147 147 146 148 148 147 151 154 153 153 153 150 148 146 145 143 142 142 140 138 138 138 136 136 136 133 129 128 126 124 121 121 119 119 119 120 117 114 113 112 110 108 108 108 109 110 112 113 112 112 113 111 106 102 100 96 91 88 85 81 77 73 69 65 58
98 100 100 103 106 110 115 120 123 127 126 121 120 124 126 127 131 134 137 141 144 146 148 151 155 158 158 158 159 158 158 157 156 157 157 158 158 157 157 157 156 156 155 156 156 155 155 154 152 149 146 145 144 145 146 147 147 147 147 145 146 150 152 151 152 153 151 149 147 147 145 145 144 143 143 143 142 141 141 139 137 134 132 131 129 125 123 120 119 119 117 115 113 111 108 106 103 102 102 102 103 105 106 106 106 108 107 103 98 95 95 92 87 85 83 78 74 71 67 60
99 98 99 103 106 110 116 119 121 122 118 110 109 112 114 115 119 124 131 136 140 144 149 155 160 163 163 162 162 162 160 158 156 156 156 156 155 156 156 156 154 153 153 153 153 152 153 153 151 149 146 144 142 142 144 146 147 146 144 143 144 147 148 149 150 150 149 149 148 148 149 148 148 148 148 147 146 146 145 143 141 139 137 136 133 129 126 124 121 119 115 112 109 106 102 100 96 94 93 93 94 97 98 100 100 101 103 101 93 90 94 93 86 84 84 79 75 72 69 62
97 96 98 102 105 109 114 117 117 111 102 96 95 97 98 101 107 114 124 132 137 142 149 159 165 166 165 166 167 165 162 159 157 156 155 155 154 155 156 155 154 153 152 152 152 152 153 152 151 149 146 144 142 142 143 145 146 144 143 143 143 145 146 147 148 148 148 148 148 151 152 151 152 152 150 150 149 148 147 146 145 141 139 139 137 133 129 126 123 120 116 112 107 102 97 94 89 85 83 84 84 87 89 91 93 94 96 97 91 87 91 92 87 84 83 80 76 73 70 64
94 95 99 101 101 105 109 110 106 96 86 82 81 82 86 92 99 109 118 125 132 139 151 162 167 168 167 168 166 162 160 159 157 155 154 154 155 155 155 153 151 151 149 149 150 150 150 148 147 146 145 144 142 142 143 144 143 142 142 142 142 144 145 144 146 147 147 148 149 152 153 152 155 154 152 152 152 150 149 148 147 144 143 142 139 135 133 129 125 122 117 112 107 102 96 90 83 78 76 75 75 77 80 83 85 86 88 90 88 84 87 90 86 84 83 80 77 74 71 65
94 94 97 96 97 100 100 100 92 82 75 71 73 77 82 91 99 106 115 122 128 140 154 161 164 167 165 162 158 155 157 157 156 154 152 151 152 151 151 150 149 148 146 147 148 147 146 144 142 141 142 142 141 140 141 141 140 140 140 140 140 140 141 142 145 146 146 148 149 150 152 153 154 153 153 153 153 152 152 150 148 147 146 143 141 139 136 131 128 125 119 113 107 102 97 90 82 78 75 72 71 71 72 75 78 79 80 83 82 81 83 86 84 82 82 80 78 75 71 67
92 92 91 89 90 92 91 86 78 71 67 68 74 78 86 98 105 109 116 122 129 138 145 148 150 153 149 146 147 149 153 154 152 148 146 146 147 147 147 146 145 145 144 145 147 146 145 143 141 140 139 139 139 138 138 138 138 139 139 139 139 138 139 140 142 143 145 147 148 149 151 153 153 153 154 154 155 155 154 152 151 149 147 144 143 143 139 134 132 129 121 114 109 104 98 92 86 82 79 77 74 73 73 73 74 73 73 76 76 75 78 81 81 80 81 80 78 75 72 68
90 88 86 83 82 82 80 75 71 69 68 73 79 86 96 106 112 116 117 118 118 119 120 124 127 127 125 129 138 144 145 145 142 139 140 142 142 143 143 141 141 142 142 143 144 144 143 142 141 141 140 140 138 136 137 136 135 137 137 138 138 137 137 138 140 141 142 145 146 147 149 150 150 151 153 153 154 155 152 150 150 147 143 141 141 140 136 133 132 126 117 111 108 106 100 95 90 85 82 81 79 77 75 75 75 72 70 70 71 70 72 75 78 79 80 80 78 75 73 70
87 83 79 76 74 71 69 69 71 71 73 79 87 97 107 113 115 116 111 102 94 92 94 100 101 102 108 118 129 135 133 132 133 134 135 137 137 138 138 137 137 138 139 139 140 140 140 140 140 140 140 139 138 136 136 134 133 135 134 134 135 134 134 136 138 139 140 141 143 144 146 147 148 149 149 149 149 149 147 145 144 142 138 135 135 132 127 122 120 114 105 100 98 99 97 94 93 92 88 83 81 81 79 77 76 74 70 67 67 67 67 70 74 78 79 79 78 76 73 71
80 74 71 68 66 66 66 68 70 70 77 87 96 105 111 111 106 99 89 81 74 74 75 76 77 82 92 104 112 116 116 118 122 126 130 132 132 133 133 133 133 134 134 135 136 136 137 138 138 138 138 137 136 134 134 131 132 132 130 130 131 131 130 132 135 135 136 137 138 139 140 141 144 144 143 143 141 139 137 136 132 129 125 123 123 123 116 110 107 101 94 91 91 93 96 97 96 97 96 90 89 86 83 80 79 76 70 64 64 64 64 66 70 73 76 77 76 75 75 73
73 69 67 65 67 70 69 69 70 74 83 92 100 105 104 97 89 80 70 66 64 63 62 59 60 66 74 81 85 88 93 100 107 112 118 123 125 127 128 129 130 132 131 132 133 133 133 134 135 135 136 135 133 132 131 128 128 128 127 127 128 128 128 130 132 131 132 133 133 133 133 135 137 136 134 134 130 127 123 118 113 109 104 104 105 105 103 99 98 95 92 90 90 93 98 103 105 107 107 105 105 98 93 89 86 80 73 66 62 61 60 62 66 69 72 74 74 75 77 76
73 72 70 68 68 68 70 73 79 88 97 99 98 98 97 89 80 73 67 64 61 60 58 54 53 54 57 58 58 61 66 74 83 90 96 104 110 115 118 121 124 126 125 125 126 127 127 129 131 132 133 132 131 130 128 125 125 125 123 124 125 125 125 127 128 127 127 128 127 127 127 128 128 124 122 120 117 113 105 97 92 85 77 77 80 79 78 78 82 84 85 86 87 90 94 101 109 115 118 119 118 109 105 101 93 85 77 71 65 61 59 59 63 67 70 72 73 76 78 77
73 72 70 69 69 70 74 78 82 89 97 99 96 95 91 83 74 71 71 70 67 62 57 53 51 50 46 44 43 44 48 53 60 67 72 81 87 95 101 107 111 113 115 117 118 119 120 123 125 127 129 129 128 127 125 123 123 121 119 119 120 121 121 123 123 122 122 121 120 119 119 120 118 114 110 105 101 95 85 78 73 65 56 54 54 52 50 49 56 61 69 76 82 86 92 99 104 106 110 118 120 114 113 111 104 92 82 74 68 65 63 61 62 66 69 71 73 75 77 77
74 74 74 74 74 76 77 78 82 85 91 95 94 93 92 88 80 74 72 70 67 62 56 52 50 46 41 37 35 35 36 39 43 47 50 56 62 70 78 86 93 97 102 105 107 109 111 114 118 121 124 126 125 124 124 122 121 118 116 115 115 116 117 118 117 116 115 114 111 110 110 109 106 103 98 90 83 75 65 58 54 50 44 43 41 38 36 36 39 43 49 56 65 74 81 88 95 97 99 108 114 112 111 115 111 98 88 83 77 72 69 66 66 69 70 71 72 75 77 76
79 78 77 77 79 81 82 82 86 89 90 91 91 91 91 89 85 81 73 67 63 59 56 53 50 45 42 38 34 32 32 33 34 36 37 41 45 50 56 63 72 79 86 91 94 98 101 106 111 115 119 122 122 122 122 121 120 117 115 113 111 111 112 112 110 109 107 104 101 99 98 95 92 87 81 73 65 57 47 42 40 38 36 38 38 35 36 39 41 42 45 50 57 64 71 78 86 90 93 101 112 115 117 121 118 108 100 94 85 77 73 71 70 71 72 72 73 74 76 76
82 81 80 80 80 79 80 82 85 86 86 87 90 92 90 88 86 82 75 70 68 65 62 60 56 51 46 42 39 36 35 34 35 35 35 37 40 44 48 54 60 65 70 75 80 85 90 97 103 109 114 117 118 119 120 120 118 116 114 111 109 107 106 104 103 101 98 94 91 88 83 78 75 69 61 54 48 42 37 36 36 36 38 38 39 40 42 44 44 46 48 54 58 61 65 71 76 80 88 98 105 106 111 119 118 109 104 100 92 82 78 76 74 74 74 74 74 76 76 76
80 79 79 81 81 78 78 79 81 83 84 85 87 88 92 93 88 86 83 79 78 76 76 73 69 62 57 52 49 47 45 43 41 41 41 41 41 43 46 49 52 55 59 64 69 73 79 86 92 100 107 112 114 116 117 118 117 117 115 111 107 103 101 98 95 92 87 82 78 75 70 64 60 55 49 45 42 40 40 41 42 43 44 45 46 48 49 50 51 53 57 61 64 66 70 74 77 81 89 96 97 97 101 107 108 101 97 96 92 84 80 79 78 75 74 75 76 77 76 76
82 80 79 80 80 80 80 81 83 82 81 82 85 88 91 94 93 90 90 89 90 89 89 87 83 77 73 70 67 64 60 56 53 51 49 47 45 45 46 46 48 50 54 57 61 65 70 76 83 92 100 106 110 113 115 116 117 117 116 112 107 103 98 93 89 84 78 73 69 66 61 56 53 50 47 46 45 45 47 49 49 50 51 51 53 54 56 60 63 66 68 71 73 75 78 82 85 88 91 92 93 92 93 95 92 89 90 90 85 79 78 78 77 74 73 75 77 77 76 77
83 81 81 80 81 83 85 86 85 83 82 82 84 87 91 94 96 96 93 94 97 99 100 98 96 93 91 88 85 80 75 70 66 63 60 56 53 52 50 50 49 50 51 53 55 58 62 67 74 83 93 102 108 112 114 116 117 117 117 114 110 105 98 91 86 81 74 70 66 62 58 54 52 51 50 49 48 50 52 53 54 55 57 57 59 61 65 71 75 77 79 82 84 84 85 87 87 86 86 89 92 91 89 88 88 89 89 86 81 79 80 78 75 74 76 78 77 78 78 80
82 81 81 80 81 82 83 83 83 83 83 84 86 89 91 92 94 97 99 100 103 106 109 108 106 104 103 102 99 94 89 84 79 75 70 65 61 59 57 55 53 53 52 52 53 54 56 61 68 77 89 100 107 112 115 117 117 118 119 117 114 108 101 95 89 83 76 72 67 63 60 57 56 54 51 47 47 50 53 54 57 59 62 64 67 69 74 80 84 86 90 93 93 91 91 92 90 87 88 92 92 88 86 88 90 90 85 81 82 82 80 76 75 75 77 78 77 79 81 82
79 79 78 79 79 80 81 82 82 82 82 83 85 88 89 88 91 96 101 105 109 112 114 114 114 114 114 113 110 106 102 97 91 86 81 75 71 67 63 60 58 56 55 54 54 55 56 60 67 78 90 101 109 115 118 119 120 121 122 122 119 114 107 101 93 86 81 75 70 66 63 62 61 58 53 47 46 49 51 55 60 64 67 71 76 80 85 91 95 98 100 101 101 100 100 98 95 93 93 93 90 87 86 86 87 85 81 80 80 79 78 76 75 75 77 78 78 79 81 82
81 80 78 77 78 79 80 81 82 82 82 84 86 88 88 83 87 96 102 107 112 115 117 118 118 118 118 116 114 112 109 105 100 95 91 85 80 75 70 66 63 61 60 60 60 60 61 65 71 81 92 102 110 118 121 123 124 124 126 127 127 123 119 112 103 95 87 79 74 72 70 68 67 64 59 55 55 55 56 60 65 69 74 78 83 88 94 99 103 105 107 108 108 107 105 103 102 99 97 94 90 87 85 82 80 78 77 77 77 76 76 76 75 75 76 77 78 79 80 81
82 81 78 77 77 77 77 78 79 81 82 85 87 87 85 81 84 93 102 107 111 113 115 116 117 117 117 115 115 114 111 109 105 102 99 94 89 84 79 75 71 68 67 67 68 68 69 72 78 86 95 104 112 121 126 128 128 129 130 133 136 135 132 126 118 108 99 90 83 79 78 76 73 69 65 63 62 62 63 66 70 74 79 85 90 95 100 104 106 108 111 112 110 108 107 106 104 101 98 96 92 88 86 83 80 77 77 77 76 76 76 77 77 77 78 79 79 80 82 82
82 81 80 79 77 77 77 77 78 79 81 84 87 85 79 78 87 95 100 104 107 108 111 112 113 115 115 114 113 112 110 109 108 105 102 98 95 91 87 82 77 74 72 73 75 77 79 82 86 93 101 109 117 125 131 132 133 134 134 137 142 143 142 138 131 123 114 104 96 90 87 83 79 74 68 65 63 63 65 68 71 76 81 87 93 98 103 105 108 110 111 112 111 109 107 105 103 101 99 96 93 90 88 87 84 82 80 79 79 79 79 79 80 80 82 84 83 83 84 84
83 82 80 78 78 78 78 79 79 80 81 83 85 85 81 81 92 98 100 102 103 104 106 107 109 110 110 109 108 107 107 106 105 103 100 98 96 94 89 84 80 76 75 77 81 85 90 93 97 102 108 117 126 134 139 140 141 141 141 143 147 149 149 145 139 133 124 115 106 99 94 90 84 77 70 65 63 63 65 68 73 77 82 87 93 99 103 105 107 109 109 108 108 108 106 104 102 100 98 96 93 91 90 89 87 84 82 82 81 81 81 81 82 83 84 85 84 85 86 84
85 83 81 81 81 81 81 81 79 79 80 81 83 85 88 91 97 99 101 103 102 101 100 100 100 100 100 99 98 97 97 96 95 93 92 92 92 90 86 81 76 73 73 78 84 90 97 101 104 108 115 124 134 142 148 150 151 150 149 151 154 158 157 153 147 140 131 121 112 105 100 95 89 80 71 64 61 62 65 70 73 75 78 82 87 92 96 97 100 101 101 100 101 101 100 99 97 95 94 92 89 87 87 86 86 84 84 84 84 84 86 86 87 87 87 87 86 87 87 84
88 86 86 91 93 95 94 87 82 79 79 80 81 84 90 96 99 102 104 102 93 86 83 80 77 75 74 73 72 71 70 70 70 69 69 71 72 73 74 72 70 68 70 76 85 93 100 104 108 114 120 129 140 150 157 160 162 159 156 158 161 164 161 157 149 141 132 122 115 109 105 100 94 84 73 65 61 62 65 67 67 66 65 67 69 73 76 76 79 81 81 81 82 83 82 82 82 82 82 82 80 78 77 78 78 78 80 82 83 85 87 88 89 90 90 90 90 89 87 85
92 90 98 108 112 118 110 92 81 74 73 73 75 79 84 91 98 100 99 93 79 72 68 64 61 59 57 55 53 51 49 48 48 48 47 46 45 47 52 58 61 61 63 69 79 90 98 105 110 117 125 135 146 158 166 170 170 166 163 160 161 162 160 154 145 136 128 120 114 110 107 102 95 83 72 64 59 58 60 60 58 54 51 51 51 53 55 55 57 59 61 62 62 63 63 64 64 64 64 63 63 63 63 64 66 67 70 73 76 79 82 84 87 91 93 93 91 88 86 83
88 87 96 96 92 89 80 72 69 66 66 65 65 65 65 65 71 71 69 67 60 56 52 49 47 45 43 41 39 39 39 39 41 42 41 39 40 44 52 59 66 68 64 64 68 74 82 92 104 117 127 137 150 164 175 179 177 173 167 163 161 159 155 149 139 130 123 116 114 114 105 95 85 76 70 66 61 62 64 60 51 41 37 39 39 40 40 39 40 41 43 44 44 46 48 49 50 51 52 53 51 50 50 51 53 55 57 60 64 67 71 75 82 92 102 102 92 85 82 78
77 82 84 84 80 77 73 69 67 64 61 55 49 45 43 41 41 40 41 42 43 41 38 36 35 34 34 33 33 33 33 35 37 38 33 29 30 38 52 66 74 79 81 81 81 78 75 75 87 111 124 135 149 165 178 183 180 175 169 165 162 156 149 142 132 124 117 111 119 110 93 87 82 80 80 78 77 78 74 60 43 34 30 32 35 38 37 35 34 33 33 34 35 36 40 42 45 47 49 49 46 45 44 45 46 48 50 54 57 60 62 66 76 96 115 109 90 79 74 70
82 85 87 84 81 76 71 67 64 60 55 49 43 39 37 37 35 35 37 39 43 40 34 30 28 27 27 26 27 28 31 37 42 42 35 32 33 39 54 74 82 85 85 86 88 87 87 82 83 99 113 128 142 159 174 183 180 171 164 159 153 147 141 134 125 116 108 97 99 97 93 89 88 89 91 91 90 86 72 55 43 41 40 39 42 44 43 41 38 35 34 35 37 40 43 47 49 52 54 54 53 51 51 51 52 52 54 58 63 66 69 71 71 97 132 109 80 71 64 60
85 83 84 79 78 75 71 69 67 64 62 59 56 54 52 51 45 45 46 47 47 44 38 33 29 27 25 24 25 27 33 40 44 44 42 42 45 52 64 79 94 103 101 99 98 97 93 90 84 83 91 108 132 152 175 181 164 152 145 139 131 126 127 129 112 100 89 88 96 93 91 93 92 90 90 88 86 76 64 62 63 63 61 57 57 56 55 54 50 47 45 46 48 50 53 56 60 64 64 63 64 64 64 65 66 66 66 66 67 68 69 70 74 83 105 96 69 63 59 53
78 81 77 76 77 75 74 75 77 79 80 82 81 79 77 74 67 63 61 58 57 54 51 48 45 42 40 41 41 43 47 51 53 56 60 63 68 74 83 90 100 111 111 110 110 112 109 100 86 66 63 76 96 119 144 148 128 118 113 107 101 98 105 104 87 79 76 88 93 89 94 95 87 82 82 83 84 81 79 85 85 81 79 75 74 73 73 73 69 65 63 62 62 64 67 72 78 82 81 79 79 80 79 79 79 79 78 77 76 76 75 74 71 69 78 77 64 64 60 56
72 75 71 72 74 76 79 86 92 97 100 103 103 101 99 96 91 87 83 77 76 71 67 64 60 57 57 58 60 62 65 69 72 76 80 84 89 93 100 106 107 110 108 107 109 114 111 100 86 58 50 59 70 86 98 104 105 105 102 97 93 92 92 86 74 66 64 77 87 82 80 80 79 80 83 87 91 92 95 95 92 89 87 83 82 81 81 82 81 79 77 76 76 77 82 86 89 90 90 89 90 90 90 89 89 89 88 87 85 83 81 78 73 71 74 66 58 76 71 71
71 72 67 67 70 75 82 91 99 106 109 113 114 113 111 110 109 108 105 102 100 96 92 88 84 81 80 80 80 82 84 85 85 87 89 90 92 94 99 107 109 107 104 103 107 112 106 95 84 59 44 49 67 83 96 103 111 110 105 100 97 94 93 85 75 70 63 68 72 63 64 73 79 82 83 87 91 94 96 96 94 93 92 90 88 87 87 87 87 86 86 85 85 87 90 93 96 98 99 101 102 102 100 99 97 97 95 92 89 84 81 78 74 72 79 71 48 43 64 69
73 73 66 64 67 73 82 91 99 106 110 114 116 116 115 115 114 115 114 111 107 105 101 98 95 92 89 87 86 86 86 85 85 85 87 87 88 92 100 107 108 104 101 102 105 108 104 98 84 61 48 43 52 65 84 102 116 110 97 92 88 83 79 71 72 77 58 55 62 60 70 79 80 80 81 84 88 92 96 97 96 96 94 94 93 92 91 91 91 90 89 89 90 91 94 97 101 105 107 109 110 110 109 106 104 102 99 95 91 86 83 80 78 78 82 74 49 39 35 46
81 79 68 65 67 72 80 88 95 101 107 111 114 114 114 113 112 111 110 107 103 99 96 93 91 88 86 84 82 82 82 82 81 82 83 86 89 97 106 109 107 101 97 99 102 105 102 95 82 62 48 40 51 54 59 68 81 88 89 90 88 83 75 64 63 75 59 49 57 61 69 74 77 77 79 81 85 89 94 96 97 97 96 95 95 94 93 93 92 92 92 92 93 94 95 99 103 107 110 111 113 113 112 110 107 104 102 97 92 88 85 84 83 84 88 79 48 37 40 40
91 88 75 69 70 73 80 86 92 98 103 108 111 112 111 110 109 108 107 104 97 93 92 91 89 86 84 82 82 82 82 82 82 83 86 91 97 104 109 108 104 98 95 96 99 102 96 87 81 58 47 46 61 61 62 71 88 103 110 110 108 101 87 71 69 87 73 56 57 57 59 62 68 73 78 80 81 85 90 95 97 98 97 96 96 96 96 95 95 94 94 94 95 95 97 100 104 107 109 111 113 114 112 109 107 104 102 98 94 91 90 89 88 90 94 82 53 47 56 54
98 96 83 77 77 79 82 85 90 95 100 105 108 110 111 112 113 112 109 103 91 88 92 94 92 89 88 87 86 86 87 87 87 89 92 97 102 106 108 105 100 95 93 94 97 97 86 78 77 58 49 50 61 64 67 81 106 121 126 126 124 116 102 82 73 81 70 60 59 55 55 53 63 76 79 80 81 83 88 93 97 99 98 97 97 97 97 97 97 96 96 97 99 99 101 103 104 107 110 112 114 113 111 108 106 105 102 99 97 97 97 96 96 97 103 90 61 68 82 73
103 104 92 88 86 86 86 87 90 94 100 104 108 112 115 118 119 118 114 104 92 91 96 98 97 95 95 94 93 93 94 94 95 97 100 103 105 106 104 101 96 93 92 93 96 92 77 70 68 53 52 50 56 63 73 91 119 133 137 137 136 130 120 97 75 68 59 61 60 54 55 54 67 77 80 82 83 85 89 93 96 98 99 99 99 98 98 98 97 97 97 99 102 103 104 104 104 106 110 112 113 113 111 108 107 105 104 102 102 104 105 105 103 103 109 94 65 84 97 84
113 112 103 98 95 94 92 92 94 98 103 108 113 118 121 123 123 121 117 110 104 104 103 102 102 101 101 100 99 99 101 102 103 105 108 110 110 108 105 100 96 94 94 96 97 96 83 71 61 46 52 49 54 67 82 102 130 146 151 148 145 142 136 114 85 68 58 64 64 57 62 62 70 76 80 84 86 87 90 94 97 98 100 100 100 100 100 99 97 97 98 101 102 104 105 105 105 108 111 112 113 113 112 111 109 107 107 108 110 112 114 114 113 110 112 95 78 100 105 90
121 119 112 107 104 102 101 99 100 105 109 113 119 122 125 126 125 123 120 117 114 113 110 108 106 105 105 104 104 106 108 110 111 114 117 117 115 112 108 104 101 99 99 100 101 100 95 86 65 51 58 50 55 71 89 113 140 157 161 156 151 148 145 129 100 74 62 63 65 66 74 74 73 75 80 86 89 90 93 96 98 101 102 103 103 103 102 101 99 99 100 101 102 103 104 106 107 110 112 112 113 114 114 114 112 111 113 115 118 121 123 123 121 117 117 104 95 108 109 93
128 126 119 114 112 109 108 107 109 114 115 118 123 125 127 129 127 125 124 122 118 115 113 112 110 109 107 106 107 110 114 117 120 122 124 122 118 116 113 109 106 105 105 105 104 103 101 92 75 68 69 55 58 76 95 121 149 165 169 162 155 151 148 138 115 85 68 65 71 78 83 80 77 77 81 88 91 93 96 98 101 104 105 105 106 106 105 103 102 102 102 103 103 104 105 107 109 112 113 113 115 117 117 117 116 116 120 123 125 128 131 131 130 125 122 118 109 114 115 96
135 133 125 119 117 116 116 118 121 123 121 122 126 126 128 130 130 129 128 125 121 118 116 114 112 111 109 108 110 114 120 124 126 126 126 125 120 118 115 112 110 110 110 109 106 105 103 96 89 84 75 60 64 83 100 127 154 171 174 166 157 154 150 143 126 100 77 68 80 90 91 84 79 81 85 89 92 94 98 102 105 107 107 106 106 107 107 105 105 106 106 107 107 107 107 109 111 113 114 115 118 121 122 122 122 123 127 130 131 135 138 138 137 132 128 125 118 116 115 96
140 138 130 124 123 124 125 127 128 127 124 127 128 125 126 130 134 133 131 127 123 122 119 116 114 112 111 113 115 119 123 127 127 126 127 126 123 119 116 112 111 112 113 111 108 104 102 104 104 94 76 66 75 91 106 131 158 174 176 168 159 155 152 145 134 114 88 73 82 96 101 94 88 89 89 90 92 95 100 104 107 107 106 105 105 107 107 106 107 109 110 111 111 110 110 111 113 115 116 117 120 123 123 124 126 129 133 134 136 139 141 142 141 137 134 131 125 118 114 101
144 142 140 133 131 131 132 132 132 130 128 130 128 124 126 132 137 136 132 127 125 124 122 119 116 115 115 116 118 120 123 126 126 125 126 126 123 119 116 113 111 111 112 111 108 105 105 110 112 99 79 75 88 100 112 135 161 178 179 170 160 156 153 146 138 124 101 81 83 101 111 106 97 93 90 91 92 95 99 104 106 105 105 106 106 106 106 105 108 111 113 114 114 112 112 114 116 116 117 120 122 123 124 127 129 133 137 137 139 142 144 144 144 140 137 135 128 121 117 111
148 151 154 142 139 138 139 137 136 132 131 133 128 126 130 135 137 136 130 122 121 122 121 119 117 117 118 119 120 121 124 126 126 125 126 126 121 117 115 113 111 110 109 108 108 108 115 121 120 107 88 87 99 107 120 142 166 182 184 173 161 158 154 146 139 130 112 90 83 96 114 117 103 96 93 92 93 95 98 102 103 103 104 106 105 104 103 104 108 111 112 113 114 114 114 115 117 117 119 122 122 123 126 130 133 137 140 140 142 144 145 146 145 140 140 138 129 124 120 117
151 154 156 146 142 143 144 142 139 134 134 135 133 133 136 136 135 131 123 114 117 120 119 118 118 119 120 119 120 122 124 126 126 125 125 124 119 115 114 112 110 110 109 109 113 125 133 129 121 104 92 95 106 113 128 150 173 187 189 177 163 158 153 146 139 133 122 103 85 88 105 121 111 99 95 93 93 95 97 99 101 102 104 106 105 103 103 105 108 109 110 112 113 113 114 116 117 117 119 121 120 122 128 134 138 141 143 143 146 147 147 147 145 142 144 140 130 126 122 118
147 147 145 141 140 146 149 146 142 137 136 137 138 139 138 135 131 127 118 113 118 121 120 120 119 119 119 118 119 122 125 126 125 124 124 122 117 113 111 110 109 111 113 117 125 134 133 126 115 97 93 102 111 120 137 157 179 191 190 178 163 157 153 147 140 133 127 114 94 85 91 111 115 102 98 96 94 95 97 99 101 103 105 106 104 104 104 105 106 107 110 111 112 112 113 115 116 117 119 119 118 121 129 137 141 145 147 148 150 151 150 148 146 146 147 140 131 126 123 119
139 137 135 134 140 149 151 148 144 140 139 140 140 140 137 134 131 126 120 120 123 123 123 122 121 119 118 120 123 126 127 127 127 126 124 122 117 112 110 110 110 112 115 121 126 127 125 117 106 97 105 111 118 130 144 159 180 192 190 178 163 157 153 147 141 134 129 121 105 91 87 100 111 106 103 101 99 97 97 99 101 103 106 106 104 105 105 105 105 107 109 111 111 110 112 114 115 118 120 120 120 122 128 136 141 146 149 151 152 152 150 147 148 151 146 137 130 125 123 119
138 135 131 133 139 146 149 148 145 142 141 141 139 137 135 132 128 124 123 125 128 127 125 124 123 122 121 122 125 127 128 128 128 126 125 123 119 115 113 113 112 110 112 117 120 119 116 109 102 103 114 118 125 138 149 162 180 191 189 178 165 157 152 148 141 134 131 123 113 101 90 92 102 107 106 105 106 103 101 102 102 104 108 108 107 107 107 107 108 108 111 112 111 113 115 113 115 119 120 120 122 124 128 134 139 145 148 149 150 151 148 146 148 150 141 133 128 124 123 119
136 138 139 142 145 148 148 145 141 140 140 138 136 134 133 132 129 129 130 131 131 130 128 127 127 126 124 124 127 128 129 129 128 128 128 127 124 121 118 116 112 110 111 113 113 113 108 101 100 109 117 122 133 144 154 165 180 191 190 179 168 162 155 149 141 134 130 124 118 110 98 94 99 106 106 105 105 105 105 106 106 109 111 112 113 111 110 111 111 114 118 116 118 123 119 116 123 124 121 122 124 126 130 133 137 142 145 145 145 146 146 146 146 143 136 130 126 124 122 116
133 137 143 150 154 154 150 144 139 137 136 134 132 131 133 135 133 134 135 134 133 131 130 131 131 130 128 129 131 131 132 133 133 132 133 132 128 124 119 116 113 112 111 108 105 104 100 100 106 113 116 125 138 146 154 165 178 189 189 179 168 162 156 149 141 134 129 125 121 114 107 103 101 104 106 106 105 105 106 106 107 110 112 114 116 115 115 115 113 116 120 119 122 125 120 120 127 124 121 123 123 125 130 135 138 141 143 144 148 149 148 146 143 137 130 127 126 125 118 112
132 137 142 148 152 151 148 143 139 138 136 133 129 129 132 133 132 134 135 135 134 133 133 134 135 134 134 136 137 137 137 137 136 136 135 133 129 124 119 114 111 109 109 106 103 100 102 106 111 115 121 131 140 146 154 165 176 185 185 176 166 159 154 149 142 135 129 124 121 116 113 109 106 105 105 107 107 109 109 108 109 111 111 113 116 117 118 117 114 113 117 120 122 124 122 122 125 124 123 125 125 126 132 138 141 144 147 148 150 151 149 146 142 134 127 125 126 123 114 108
132 136 141 147 150 149 146 143 141 141 139 136 131 130 131 132 133 134 134 135 135 134 133 134 135 135 137 138 139 138 137 136 136 136 135 133 129 122 117 113 109 108 107 105 103 104 107 111 116 121 128 135 142 148 154 163 174 180 179 173 164 156 151 147 140 134 126 122 119 115 113 111 108 106 106 107 108 110 111 111 113 114 114 114 115 116 117 118 118 116 117 120 123 126 124 124 125 126 127 128 129 131 135 139 142 145 147 149 151 151 149 145 140 132 126 123 121 116 110 106
132 136 140 145 149 151 148 146 145 145 144 142 140 137 135 135 135 134 136 138 137 135 134 137 138 137 139 140 140 139 136 134 136 137 134 131 126 120 114 110 107 105 104 103 103 106 111 116 121 125 130 135 142 149 154 161 169 176 176 171 164 156 149 145 139 134 126 121 118 114 112 110 109 106 105 105 104 105 106 109 112 115 117 118 117 118 118 119 120 121 121 123 128 129 129 131 131 129 131 133 132 133 137 140 143 143 145 149 150 149 147 144 139 133 127 123 117 112 109 106
134 136 140 145 150 152 151 151 152 152 150 148 148 146 144 142 141 141 145 145 143 142 143 144 144 143 143 143 140 137 134 133 134 135 132 127 123 117 112 107 104 102 101 100 102 107 113 119 123 126 129 134 141 147 153 160 166 173 172 168 163 156 150 145 140 135 128 123 118 114 111 109 108 105 103 101 100 102 102 103 105 108 112 115 117 119 119 120 123 124 124 129 133 132 134 137 137 133 137 138 135 136 139 142 143 140 142 148 148 149 149 145 139 132 127 122 116 112 110 106
134 138 141 147 150 151 153 156 160 162 159 158 159 156 153 150 149 150 151 149 147 147 148 148 148 147 147 144 138 132 130 130 132 130 126 121 117 112 107 102 100 98 98 100 103 108 114 118 122 125 127 131 138 145 151 162 171 173 171 165 160 154 149 146 142 135 130 126 121 115 110 108 106 104 101 97 96 98 98 98 99 100 104 109 113 115 117 119 122 124 123 128 133 134 136 137 137 135 136 137 137 138 141 144 146 145 148 149 148 150 147 142 135 129 125 120 116 113 110 105
136 139 142 147 149 152 157 163 167 169 170 171 172 168 162 157 157 157 156 153 150 149 151 152 151 150 148 143 136 127 126 130 129 124 118 115 112 106 100 96 95 94 95 100 106 111 114 117 119 122 125 128 134 141 147 155 167 174 172 165 158 153 150 147 143 136 130 125 121 115 109 105 104 101 98 95 94 94 94 94 94 94 96 100 105 109 113 115 118 121 122 127 132 136 139 139 140 140 140 140 141 142 143 147 150 153 154 150 147 149 146 140 136 129 124 118 115 113 109 105
136 139 141 144 148 152 159 165 168 171 174 176 176 173 167 165 165 164 162 158 152 153 157 156 153 150 147 143 138 131 130 132 128 121 114 111 107 101 94 91 91 91 94 100 108 113 115 116 117 120 123 125 129 135 143 156 169 175 173 165 156 152 151 150 146 137 128 122 118 112 106 104 102 100 97 95 94 92 90 90 91 91 91 94 98 102 108 112 116 119 122 127 132 137 140 142 143 143 142 143 145 145 145 148 154 160 160 154 151 149 145 140 136 129 122 116 114 112 108 105
134 137 138 141 146 152 159 163 167 171 174 176 175 172 169 168 168 165 163 161 158 158 158 156 153 150 146 142 139 136 134 130 124 118 113 107 101 95 89 88 89 91 95 102 110 115 116 117 118 121 124 127 129 133 144 164 177 178 175 166 155 152 152 151 147 138 126 117 112 106 103 102 102 100 98 97 97 95 91 89 90 90 90 90 91 95 102 108 112 117 121 125 131 136 138 142 143 143 143 144 146 147 148 152 159 165 165 159 154 150 146 141 135 128 121 115 113 110 107 104
130 134 136 139 144 150 155 159 162 166 169 170 169 167 166 168 168 164 164 164 163 162 158 153 150 147 144 139 136 132 129 124 118 114 110 103 96 91 88 87 90 94 99 105 112 117 118 118 121 123 127 130 130 134 148 171 191 194 182 168 156 153 152 153 151 140 125 114 106 101 99 101 102 101 99 99 100 99 94 91 91 90 89 89 87 88 94 101 108 114 118 123 129 134 137 140 142 143 143 143 145 148 151 154 159 165 167 161 156 151 146 140 133 127 120 115 112 109 106 103
128 132 134 137 140 145 150 152 155 159 162 165 165 161 162 165 165 164 165 163 163 163 159 153 149 146 142 138 135 130 125 120 115 111 105 97 91 87 86 86 92 100 106 110 117 120 120 121 123 125 129 132 133 139 156 180 205 206 188 168 157 153 154 158 157 145 128 114 104 98 98 101 104 104 102 102 104 103 100 95 93 89 86 86 85 85 89 96 104 111 116 120 126 131 134 138 140 142 143 141 142 146 150 151 155 161 165 160 156 150 143 138 132 125 119 114 111 109 105 101
125 128 131 134 138 143 146 147 150 156 159 162 162 161 162 163 163 163 162 160 159 158 155 151 147 144 141 137 132 126 121 116 111 107 101 93 88 85 85 87 95 105 111 115 121 123 124 125 125 127 130 132 135 145 166 191 212 209 190 170 158 155 157 163 171 165 143 121 105 99 100 103 106 106 105 106 107 107 104 100 95 89 84 83 83 84 86 91 98 105 111 116 121 126 130 134 137 139 140 139 137 143 146 149 151 154 158 158 154 147 140 134 129 123 117 113 111 108 104 99
121 125 128 131 136 141 143 145 148 153 156 159 161 162 163 160 159 159 159 156 155 153 149 147 144 140 136 131 126 119 115 111 107 102 95 89 85 83 85 91 100 110 116 120 125 128 128 128 127 128 130 132 135 149 175 201 212 204 185 167 159 157 160 170 188 188 165 134 112 103 103 106 107 108 109 109 111 110 108 104 98 89 81 80 81 84 86 88 92 99 105 110 115 120 125 130 133 134 137 137 135 138 143 148 149 148 152 152 148 141 134 129 125 121 115 111 109 107 102 98
118 121 126 130 134 139 140 141 144 148 151 154 157 158 156 154 155 156 154 152 151 148 144 142 138 134 130 124 119 113 108 104 100 96 90 84 81 80 85 93 104 115 122 127 131 133 132 131 129 128 129 132 137 152 178 202 207 195 175 162 160 159 162 174 198 204 184 146 119 108 107 108 108 108 110 112 114 113 111 108 101 89 79 77 79 83 87 86 87 92 99 104 109 114 119 124 127 130 133 135 133 133 138 142 144 145 145 142 139 134 129 124 121 117 113 110 108 105 101 97
116 119 124 128 131 135 135 136 140 144 147 149 149 148 148 149 151 151 149 148 147 143 138 135 131 127 124 118 113 107 102 98 95 91 87 82 79 78 83 94 106 118 126 132 137 138 135 132 128 127 128 131 139 151 174 191 193 180 165 159 158 158 162 172 195 210 191 154 126 113 111 110 109 108 110 112 114 115 113 109 102 87 76 74 78 83 88 88 86 88 92 97 104 109 113 119 123 125 127 128 130 131 133 135 138 139 138 134 132 128 124 120 116 114 111 109 106 103 99 96
113 116 120 125 129 130 130 131 135 138 141 142 140 141 143 145 147 145 142 143 141 136 133 130 126 122 118 113 107 102 99 95 91 88 85 81 78 76 80 92 106 119 126 133 137 137 132 127 124 124 125 128 136 149 168 177 172 165 158 154 152 153 157 163 180 195 182 152 127 114 112 111 109 108 109 111 113 114 113 108 100 85 73 73 79 84 89 90 87 85 87 91 97 103 108 114 118 120 121 123 126 127 128 130 133 134 132 129 128 124 120 116 113 111 109 106 103 100 97 94
110 112 116 121 125 126 124 125 129 134 136 136 132 133 138 140 140 137 136 136 134 130 128 125 122 117 113 109 104 100 96 91 87 85 81 78 76 74 76 87 103 117 122 127 129 127 121 116 115 117 118 122 130 142 155 158 154 153 151 147 142 140 147 153 162 171 164 142 123 112 110 109 107 105 105 106 108 110 108 104 96 82 73 75 82 87 92 93 90 86 85 86 91 97 102 108 112 115 118 119 121 122 124 126 129 130 128 125 123 120 116 112 110 108 106 103 100 98 95 92
108 108 111 116 121 122 120 120 124 128 131 129 124 124 130 131 130 131 131 131 128 125 123 120 116 113 109 105 100 95 90 85 83 82 80 76 75 72 72 82 99 111 115 116 114 110 104 101 102 106 108 112 119 130 139 143 141 140 140 140 133 127 132 140 147 150 144 129 116 108 105 104 101 97 95 96 98 101 101 98 90 80 75 78 86 92 96 98 95 91 86 84 87 91 97 102 108 111 113 113 114 117 119 121 124 125 124 121 118 116 113 109 108 105 103 101 99 96 93 90
106 106 107 111 115 117 117 116 119 123 125 123 120 123 126 126 126 127 126 125 122 120 118 115 111 108 104 99 94 88 83 79 81 82 82 81 79 75 73 79 92 101 103 100 96 89 82 80 82 90 95 100 107 116 124 131 130 128 128 128 126 120 121 129 135 134 128 119 109 102 99 94 86 79 76 77 83 89 92 91 86 80 79 83 89 95 100 103 102 97 91 86 85 87 91 97 102 106 108 109 111 113 115 117 119 121 121 118 115 113 111 108 105 103 101 99 97 94 91 89
104 104 104 107 111 114 115 115 118 120 121 120 120 123 123 123 124 124 122 121 117 115 113 109 106 103 98 93 88 82 78 80 85 88 89 88 85 80 76 77 84 89 88 82 74 64 54 50 53 66 79 87 94 101 109 116 118 117 117 117 117 114 117 122 123 120 115 108 101 95 89 82 70 59 52 55 66 76 82 85 85 82 85 88 92 98 102 106 107 102 97 92 87 86 89 93 98 102 105 107 108 108 109 112 114 115 116 115 112 110 108 105 103 101 99 96 94 92 90 87
101 102 103 106 109 111 112 113 116 118 119 118 119 119 117 119 122 121 119 117 113 111 109 106 103 100 95 90 85 79 80 87 94 96 98 97 93 88 83 81 79 77 73 65 55 41 30 25 25 37 54 69 79 86 94 101 103 104 106 107 107 108 110 111 110 108 103 97 91 88 85 78 63 49 40 43 55 68 78 83 84 86 89 93 96 102 106 109 110 108 104 98 91 88 88 90 94 99 102 103 104 104 105 107 110 111 111 110 108 107 105 103 101 99 96 94 92 90 88 86
99 99 101 103 105 107 108 110 112 115 116 117 116 113 112 115 118 117 114 111 108 106 104 101 100 98 93 88 84 83 89 98 104 105 106 105 101 96 93 89 84 76 67 57 44 30 21 17 18 23 35 48 62 71 79 85 88 91 94 94 94 96 97 97 96 94 91 87 85 84 83 76 63 51 46 49 59 70 80 85 85 88 91 95 100 104 108 112 114 113 110 105 97 91 89 88 91 95 97 99 101 102 102 103 105 107 106 105 103 103 102 100 98 96 94 92 90 88 86 85
95 96 97 99 101 103 105 107 109 112 113 113 111 108 109 111 113 112 109 107 105 103 99 98 98 96 93 90 89 93 100 107 110 112 113 112 107 104 103 100 93 86 76 63 48 34 25 23 24 26 31 40 49 58 65 71 73 75 78 79 79 79 80 81 82 81 80 79 81 83 83 79 72 65 61 63 69 77 85 90 90 90 92 97 101 106 111 115 118 117 115 110 103 97 93 91 90 93 95 97 99 100 99 99 101 102 102 100 100 100 99 97 96 94 92 90 88 87 84 83
93 93 94 95 97 99 101 102 105 107 108 108 105 104 106 107 108 106 104 102 101 99 98 97 97 96 94 94 96 102 109 114 116 117 118 116 113 111 111 108 104 99 93 81 68 55 44 38 36 37 41 45 48 50 54 58 61 61 63 64 63 63 65 67 70 72 74 78 84 89 90 89 84 79 77 77 80 85 92 95 94 92 95 100 105 109 114 118 121 121 119 115 109 104 99 95 92 92 94 95 97 98 97 97 99 100 100 99 98 97 96 94 93 92 91 90 88 85 83 82
91 91 92 93 95 96 97 99 101 102 103 102 100 102 103 103 103 101 100 99 98 97 98 99 98 96 97 100 105 110 116 120 121 122 122 120 117 116 116 114 112 110 106 98 89 78 66 59 56 52 54 55 55 51 50 52 53 53 54 53 52 52 55 59 65 69 74 82 91 96 95 92 88 85 85 87 89 92 97 98 95 95 97 102 107 111 115 120 123 125 124 119 114 109 104 100 96 94 93 94 95 97 97 98 99 99 99 97 96 94 93 92 91 90 90 89 86 83 81 81
89 90 91 91 93 94 95 96 98 99 100 99 98 100 101 100 99 98 98 99 99 100 101 101 98 99 103 108 113 118 121 124 125 126 125 124 122 121 121 119 118 117 113 109 104 98 91 84 78 71 70 70 67 61 57 54 54 54 54 53 51 51 55 61 67 73 78 86 96 99 97 94 91 89 90 93 94 96 100 101 98 97 99 103 108 112 115 120 124 126 125 122 119 114 109 104 100 97 94 93 93 95 96 97 97 97 96 95 94 93 92 91 90 89 89 88 85 82 80 80
87 88 89 89 90 92 93 94 95 95 96 97 98 99 98 97 97 97 98 99 102 104 104 105 105 107 110 113 118 122 125 127 128 127 126 125 126 126 125 123 123 122 117 115 112 111 108 103 99 92 88 88 84 77 71 67 65 64 62 61 60 60 64 69 73 77 82 90 99 102 100 97 96 94 94 95 95 97 101 102 100 99 100 105 110 112 115 120 123 125 124 122 120 117 112 108 105 102 98 94 92 91 92 95 95 95 95 94 93 92 90 89 88 88 88 86 83 81 80 78
84 86 86 87 88 89 90 90 92 93 94 95 96 96 96 97 98 98 98 99 103 106 108 111 110 109 112 116 121 125 127 130 130 128 127 127 128 129 127 126 126 125 121 119 116 115 114 111 110 106 103 103 99 94 89 85 83 81 78 76 75 74 77 78 77 78 85 94 103 106 103 99 97 96 95 95 95 98 102 103 101 100 101 106 109 111 114 118 121 123 122 121 120 118 113 110 107 105 101 96 92 89 90 93 93 94 93 93 92 91 89 88 88 87 86 85 83 81 80 77
82 83 84 85 86 86 87 87 89 91 93 94 94 95 95 96 97 96 96 100 104 107 109 108 101 103 112 120 124 127 130 132 131 130 130 128 128 129 129 129 130 128 125 122 119 118 119 119 116 113 113 113 111 108 105 103 101 99 95 91 90 90 92 90 85 82 89 98 106 108 104 100 98 96 96 96 96 98 102 103 101 101 101 104 106 108 112 116 119 120 120 119 118 117 113 109 107 105 102 98 93 90 89 90 90 91 92 91 91 89 88 87 87 86 85 84 83 81 79 77
79 80 81 82 84 84 84 85 87 89 91 92 93 94 93 93 94 94 95 100 102 104 109 106 98 105 117 122 125 127 130 132 132 132 131 130 129 129 129 130 131 129 127 124 121 119 120 123 122 118 119 121 120 119 117 117 116 114 108 103 100 101 103 103 98 94 98 104 108 109 106 103 101 100 98 98 98 100 102 102 101 101 101 101 103 106 109 112 115 116 116 115 114 114 111 108 105 104 101 98 95 90 88 88 89 90 90 90 89 88 87 86 86 85 84 83 82 80 78 76
77 78 79 80 81 82 82 82 84 86 87 89 91 92 91 89 89 92 96 99 101 106 112 110 107 113 119 121 123 123 127 130 131 131 130 129 128 128 127 128 130 129 128 126 122 120 121 126 127 124 125 126 126 127 127 127 126 122 116 112 110 110 111 109 103 102 108 111 112 111 108 105 104 102 101 101 102 103 104 103 102 101 102 103 104 106 108 110 112 112 112 111 110 110 108 105 103 101 99 97 94 90 88 89 89 90 89 89 88 87 86 85 85 85 84 82 81 79 77 75
75 76 77 79 80 80 80 81 82 83 85 87 89 90 90 88 89 93 98 102 107 113 116 113 113 116 118 118 118 119 122 125 129 130 128 127 128 128 125 125 129 129 127 127 125 124 124 127 129 127 125 125 128 131 132 133 130 124 118 117 116 118 118 115 111 112 117 118 116 113 110 107 106 103 103 104 106 107 107 107 104 103 104 106 107 107 109 111 111 109 109 108 107 106 104 101 99 98 97 95 94 91 90 90 88 88 88 87 86 85 84 84 85 84 83 81 80 79 76 74
74 75 77 78 79 79 79 79 80 82 84 86 88 88 89 91 94 98 102 106 112 116 114 113 112 114 115 116 116 115 115 118 123 126 124 124 127 127 121 122 126 125 125 128 128 127 126 127 129 126 122 122 124 128 133 134 131 124 120 118 118 122 121 121 121 121 121 120 119 116 113 111 110 107 106 108 109 110 109 108 106 105 106 106 107 108 110 110 108 107 106 105 104 103 101 98 96 94 93 92 91 90 90 89 87 87 87 85 83 84 84 84 84 83 82 80 79 78 76 73
74 75 77 78 78 78 79 79 80 82 84 86 87 87 88 92 97 101 104 108 111 110 109 109 109 110 112 113 113 112 112 113 118 121 121 123 126 122 118 122 124 122 124 127 127 127 126 127 127 123 119 116 117 124 131 133 129 123 122 121 122 124 122 123 124 124 123 121 118 116 114 113 112 110 110 111 112 112 110 108 106 107 107 106 106 108 108 107 105 105 104 102 100 100 99 95 92 91 90 88 87 87 87 87 87 87 86 85 83 84 85 85 84 83 81 79 78 77 74 72
73 74 76 78 78 78 78 79 80 82 85 87 88 88 90 93 97 101 104 106 106 103 102 102 103 106 109 110 110 109 109 112 116 119 120 122 123 120 118 120 119 119 123 127 128 127 128 128 125 121 115 110 110 119 127 128 125 123 123 124 125 124 123 123 124 123 121 117 115 113 111 111 110 109 111 113 113 114 112 110 108 108 108 107 107 107 106 103 101 101 100 97 95 96 95 91 88 87 87 86 85 85 86 87 87 87 87 87 85 84 84 84 83 82 80 78 77 75 73 71
71 73 75 77 78 78 79 79 81 83 86 87 88 89 90 94 97 99 102 102 99 97 96 97 98 101 103 105 107 108 109 111 116 119 119 119 119 118 117 115 113 117 122 124 125 126 128 125 120 114 108 102 103 111 118 121 122 122 123 125 125 123 121 120 119 116 112 108 106 105 105 106 107 107 108 111 112 112 112 110 109 109 109 109 109 107 104 100 98 97 96 92 89 89 89 86 84 83 84 84 84 84 85 87 88 87 87 87 86 84 84 84 82 80 79 78 76 73 71 69
71 72 74 76 78 78 78 79 81 83 85 87 87 88 91 94 97 99 100 97 93 91 91 91 92 93 96 99 103 106 107 110 115 116 115 116 116 115 113 111 112 117 121 120 121 123 123 118 110 103 96 91 94 100 105 108 111 115 119 122 122 119 115 111 108 104 99 95 94 94 95 97 99 100 102 104 105 105 105 103 105 106 107 107 106 104 101 97 95 93 90 86 85 84 83 80 79 79 80 81 82 83 85 86 88 88 88 88 87 86 85 84 82 80 78 77 74 72 70 68
70 71 73 75 77 78 79 80 81 83 85 86 86 88 91 94 96 98 97 94 88 85 85 85 85 86 89 93 98 101 103 105 109 109 111 113 112 110 109 108 112 116 116 115 115 114 113 105 95 91 87 82 83 88 93 95 97 101 108 113 113 109 105 102 97 91 86 83 84 86 88 89 89 90 91 93 92 92 92 90 92 96 97 97 97 96 93 90 88 86 82 80 80 79 76 73 73 74 76 78 80 81 83 85 88 88 88 88 88 87 86 84 82 79 76 74 73 70 68 66
69 70 73 74 75 77 78 80 81 83 85 85 86 88 90 93 94 96 94 89 84 81 82 83 82 82 85 88 93 95 97 98 101 103 105 106 106 104 103 104 107 108 104 103 103 101 96 86 79 78 78 76 76 80 84 86 88 89 94 99 99 97 93 90 85 81 78 78 80 82 82 82 83 84 83 83 81 80 79 77 78 80 81 81 82 82 79 77 77 76 73 71 70 69 66 64 65 67 71 74 77 78 81 84 87 88 88 88 88 86 86 84 83 79 75 73 72 69 67 64
67 69 71 73 74 75 77 79 81 83 85 86 87 88 90 92 93 94 92 87 82 82 82 82 79 78 80 83 86 87 89 90 94 97 97 97 97 96 96 96 96 93 87 84 84 82 77 72 70 71 70 70 71 74 77 79 81 82 85 87 88 85 82 78 74 73 73 75 77 76 74 73 75 77 77 76 75 73 73 71 70 69 69 69 68 67 64 63 63 62 60 59 58 58 57 57 58 60 64 69 73 75 78 81 85 87 88 88 87 86 86 84 82 79 75 73 71 68 65 62
64 67 70 72 73 74 76 78 80 82 84 87 88 90 91 93 94 94 91 87 83 81 80 77 74 73 74 76 78 78 79 81 84 87 86 84 82 80 79 78 76 72 69 67 68 67 65 65 67 69 67 67 69 71 72 73 73 73 75 77 77 76 75 72 70 69 69 70 70 68 67 66 68 69 69 68 67 66 66 64 63 63 63 62 60 57 56 54 51 50 50 52 53 52 52 53 54 55 58 64 68 72 76 80 84 86 87 88 87 86 85 83 81 78 75 71 69 66 63 60
61 65 68 70 72 73 74 75 77 80 83 86 88 90 92 93 94 93 90 86 82 79 75 71 68 67 67 67 68 68 68 69 71 73 71 68 63 61 60 59 57 54 55 56 57 58 59 60 63 64 62 62 64 65 67 67 65 64 66 67 67 68 68 68 67 66 65 64 62 60 60 61 61 61 60 59 58 57 56 55 55 55 57 57 54 51 51 50 48 48 51 55 55 53 52 52 53 54 56 61 65 70 75 79 83 85 86 86 86 85 84 82 79 76 73 69 66 64 60 58
57 61 65 67 69 71 72 73 75 78 81 84 87 89 91 93 94 93 89 85 80 75 70 67 63 60 58 56 55 55 55 56 57 58 53 48 45 44 44 45 45 45 47 49 50 53 55 56 56 57 57 58 59 59 59 60 60 60 60 61 62 62 62 62 62 61 60 59 56 53 54 56 56 55 54 53 52 50 49 47 47 47 49 50 48 49 50 51 52 54 57 58 57 56 56 55 55 56 58 61 65 69 74 78 82 84 85 85 85 84 82 80 77 74 72 68 65 62 59 56
54 58 62 64 67 69 70 72 74 76 79 82 84 86 89 91 93 91 88 84 79 73 67 62 57 53 49 46 43 43 43 43 43 40 34 32 32 33 35 37 39 40 41 43 44 46 48 48 48 49 50 52 53 53 53 54 55 55 55 56 57 57 56 54 53 53 53 52 50 48 48 49 50 49 47 47 47 46 45 43 43 42 45 46 47 49 49 52 56 60 59 58 58 59 59 58 58 58 59 62 64 68 73 77 81 83 84 84 84 83 81 78 75 72 70 67 63 60 57 55
50 54 58 61 64 67 68 70 73 75 77 80 81 83 86 89 90 90 88 84 78 71 64 58 52 46 42 38 35 35 35 33 29 26 24 24 26 28 30 32 33 34 35 36 37 37 38 38 40 41 41 42 42 43 45 48 49 48 47 48 49 49 48 47 46 46 45 43 41 41 42 42 42 42 41 41 42 44 45 46 46 47 49 48 48 47 49 54 58 59 57 58 60 61 60 60 59 58 59 61 63 68 72 77 81 83 83 82 82 80 78 76 73 70 67 64 60 58 56 54
45 50 54 58 62 64 65 68 71 73 75 77 79 81 84 86 88 89 88 84 79 71 63 56 50 43 38 35 34 34 32 29 26 26 27 27 26 27 28 27 27 27 28 28 27 27 28 30 32 33 33 32 32 34 36 39 40 38 38 39 39 38 38 38 38 39 37 35 34 35 37 39 40 41 42 44 47 50 53 58 54 50 50 47 46 46 50 56 57 58 59 62 63 63 62 61 60 60 60 62 64 68 72 76 81 82 82 81 80 78 76 74 71 68 64 61 59 57 54 52
39 45 50 54 58 61 63 65 68 70 72 75 76 79 82 85 87 89 88 85 79 72 64 57 50 44 39 37 38 37 34 32 32 35 40 40 36 34 32 29 26 26 26 24 22 23 27 29 29 30 30 29 29 30 31 33 33 32 32 32 33 33 32 33 36 37 37 37 38 40 42 45 48 51 55 57 59 61 61 60 52 46 45 45 46 49 54 59 62 64 66 67 68 67 66 64 63 62 63 65 67 71 74 77 80 81 81 80 79 77 75 72 69 65 62 59 57 55 53 51
34 41 46 50 54 57 60 63 65 67 70 72 74 77 80 82 85 87 87 85 80 73 66 60 53 47 44 43 44 43 42 42 44 47 51 53 50 45 41 36 34 32 32 30 29 34 39 41 41 40 40 41 41 40 40 40 40 39 38 39 43 43 41 42 44 45 45 47 50 53 56 62 66 71 75 73 69 66 61 54 47 45 44 46 50 56 61 66 71 74 73 72 72 72 70 69 66 66 67 68 70 73 75 78 81 82 81 80 77 75 72 69 66 63 60 58 56 54 52 50
28 36 41 45 50 54 57 60 62 64 67 70 72 74 77 80 83 85 86 84 80 75 69 64 58 53 51 51 51 52 53 54 56 59 61 62 60 56 50 45 42 39 38 38 40 46 52 56 56 57 62 64 64 59 58 59 59 58 56 56 59 59 56 55 55 56 58 62 67 71 77 88 92 94 91 83 73 66 59 52 47 47 48 52 58 64 68 73 77 78 76 76 76 76 74 72 69 69 69 70 71 74 77 79 82 81 80 78 75 72 69 66 64 61 59 56 54 53 50 47
22 30 37 41 46 50 53 56 59 62 65 68 69 71 74 77 80 82 84 84 81 78 73 68 64 61 59 58 59 60 61 61 63 66 68 69 66 62 57 53 49 46 45 45 47 53 58 63 66 67 75 79 80 76 74 74 75 76 76 76 75 75 74 73 71 71 75 81 87 91 96 103 104 100 91 79 70 63 58 52 48 49 54 59 65 70 74 76 79 79 79 79 80 79 77 74 72 72 71 71 73 76 79 80 81 80 78 75 72 69 67 64 62 60 57 55 53 51 48 43
17 23 32 37 43 47 50 53 55 58 61 64 66 68 70 73 77 80 82 83 82 80 77 73 70 68 67 65 66 67 68 68 69 70 71 71 69 66 62 58 54 50 48 48 50 54 58 63 68 70 75 79 83 86 85 84 85 87 89 90 88 86 85 83 82 82 85 89 94 98 100 101 96 91 81 73 66 61 56 51 51 54 59 65 70 73 76 78 79 81 82 83 83 82 79 76 74 74 74 74 76 79 81 81 80 78 76 72 70 67 64 62 61 58 55 53 52 49 43 37
12 17 26 32 39 43 47 50 52 54 57 59 61 63 66 69 73 76 79 81 82 81 80 77 75 73 72 71 72 72 72 73 73 73 73 73 71 68 65 62 57 53 49 48 50 51 53 58 65 70 71 73 79 85 87 87 88 89 91 93 91 89 86 83 83 84 85 87 91 95 93 90 88 85 77 67 59 56 53 52 56 60 65 69 73 75 77 80 81 83 84 85 84 84 81 78 77 77 78 78 79 81 82 81 80 77 74 71 68 65 63 61 59 57 54 52 50 45 38 31
7 11 19 26 33 38 43 47 49 51 54 55 57 59 61 65 68 72 75 78 81 81 81 80 79 78 77 76 76 76 76 76 76 75 75 75 73 70 68 65 61 56 51 49 48 48 48 51 57 63 63 65 70 77 80 81 82 84 88 89 87 87 83 81 81 81 83 84 85 83 83 84 83 79 70 60 55 53 53 57 61 65 69 72 76 78 80 82 84 85 85 85 85 85 83 81 80 81 82 82 82 83 83 82 80 77 74 70 66 63 61 60 58 55 53 51 47 40 32 25
4 7 12 18 26 32 38 43 46 48 50 52 53 55 57 60 63 67 71 75 78 81 82 83 84 82 80 79 79 79 79 79 78 77 77 76 75 73 70 67 65 61 56 52 50 48 46 46 49 52 53 57 63 68 70 71 73 77 80 80 79 80 77 75 75 75 76 77 76 72 74 77 73 64 58 55 54 56 58 64 68 71 73 76 79 81 83 85 86 86 86 86 86 86 85 84 83 84 85 86 86 85 84 82 80 76 71 67 64 61 60 58 56 53 50 47 41 32 25 19
4 5 7 12 18 25 32 38 43 46 48 49 50 51 53 56 59 63 67 71 75 79 82 84 85 84 82 80 80 81 80 80 80 80 79 78 77 75 72 70 68 64 60 57 53 50 48 47 47 46 47 50 54 57 60 62 65 67 68 68 68 69 67 66 65 65 64 65 65 63 62 61 58 54 54 55 58 61 65 69 73 75 77 79 81 83 85 87 87 87 87 88 88 87 87 86 86 87 89 88 88 87 85 82 78 74 69 65 62 60 59 57 54 51 48 41 33 24 19 17
4 3 4 8 12 18 26 32 38 43 45 47 48 49 51 53 56 59 63 67 72 77 81 84 85 85 84 83 83 82 80 79 80 81 81 81 79 77 75 73 70 66 63 61 58 54 51 49 48 44 43 45 47 49 51 53 54 55 56 57 57 57 56 56 55 55 54 53 55 53 52 51 52 53 56 59 62 66 69 74 77 79 80 82 84 85 87 88 88 88 88 89 90 90 90 90 90 91 90 88 88 88 85 81 76 71 66 63 61 59 57 55 52 48 42 33 25 19 16 15
5 3 3 5 7 12 19 25 32 39 43 46 46 47 49 50 53 55 59 64 69 75 79 83 85 85 85 86 86 83 78 75 78 81 82 82 81 80 77 75 72 68 65 62 59 56 53 50 48 44 43 44 44 44 45 46 47 47 47 48 47 48 48 48 48 48 47 47 48 48 48 50 52 55 59 62 66 70 74 78 81 82 83 85 86 88 88 89 89 89 90 91 91 91 92 93 93 93 91 88 89 89 84 80 75 70 64 61 59 57 55 53 49 43 35 25 18 16 15 13
7 4 2 3 5 8 13 18 25 32 39 44 45 46 47 49 51 53 56 61 66 72 77 82 85 86 88 89 87 82 76 72 76 80 83 83 83 82 80 76 74 72 68 65 62 59 56 53 50 46 44 43 42 41 41 41 41 41 41 41 42 42 42 41 42 43 44 45 45 46 48 51 54 58 63 67 71 76 79 82 84 85 86 86 88 89 90 90 91 92 92 93 92 93 94 94 94 93 91 90 91 90 84 78 73 67 62 59 57 55 53 49 44 36 28 20 16 15 13 11
11 5 3 3 3 5 8 13 19 25 33 40 44 46 47 48 50 51 55 58 63 69 75 81 85 88 91 91 87 82 76 73 75 80 83 85 85 84 82 79 77 75 72 69 66 63 60 57 55 52 48 45 42 41 40 39 40 40 39 40 40 40 39 39 40 42 44 46 47 49 52 56 60 64 69 73 78 81 83 85 86 88 88 89 91 92 91 92 93 94 94 94 95 95 96 96 92 90 92 93 92 89 82 76 70 65 60 57 56 53 50 45 38 31 24 18 15 14 11 7
13 8 4 3 2 3 5 9 13 18 25 34 40 45 47 48 50 51 54 57 61 67 72 79 84 89 91 91 86 82 80 77 78 81 84 86 87 86 85 83 80 78 76 73 71 68 65 63 61 57 54 51 47 45 44 43 44 43 43 44 44 43 43 43 43 46 48 50 52 55 59 62 67 71 75 79 82 85 86 88 89 90 91 93 94 93 92 94 95 96 96 96 97 97 98 97 92 92 95 94 91 86 80 74 67 62 59 56 54 50 45 39 34 29 22 16 14 11 8 5
13 11 6 3 2 2 3 5 9 13 19 26 33 41 46 48 50 51 53 56 60 65 71 78 83 88 91 91 87 85 84 83 82 84 85 87 87 87 87 86 84 82 79 78 76 73 70 69 67 64 61 58 55 53 52 51 51 50 51 51 51 51 50 51 52 54 57 59 61 64 67 70 74 79 82 84 86 88 90 91 92 94 95 96 96 94 94 96 97 98 98 99 100 100 100 100 96 96 96 93 89 83 77 71 65 60 57 54 50 45 41 36 32 27 19 13 11 8 5 3
12 13 8 4 3 2 2 3 5 9 14 19 25 34 42 46 49 50 52 54 58 64 70 76 81 86 89 91 90 89 89 88 87 87 87 88 88 89 90 90 87 85 84 82 81 78 77 76 75 71 69 67 64 62 62 61 61 61 60 60 60 60 61 62 64 67 69 71 73 74 76 79 82 85 87 89 90 91 92 93 95 97 98 98 98 97 96 97 99 100 101 102 101 102 102 100 98 96 93 91 86 80 74 68 62 58 54 50 46 41 37 34 31 24 15 11 9 6 3 3
9 13 12 7 3 2 2 2 3 5 10 14 18 26 35 41 46 49 51 53 57 62 67 73 78 83 87 91 92 93 94 94 92 90 90 90 90 91 92 92 89 87 87 86 84 83 83 83 82 80 79 77 74 74 74 74 72 72 72 73 72 71 72 73 76 78 81 83 84 84 85 87 89 91 93 94 93 93 95 96 98 100 100 100 100 100 99 99 101 102 102 102 102 102 101 99 96 91 87 86 82 77 70 65 59 55 50 46 42 39 36 32 28 20 12 9 7 4 3 3
8 11 14 9 4 3 2 2 2 3 6 10 13 18 26 34 42 47 49 52 55 59 64 69 75 81 86 90 93 95 97 98 96 94 93 92 92 93 94 93 90 88 89 88 86 86 88 89 88 86 87 87 85 85 85 84 79 77 80 82 82 83 84 86 88 89 90 92 92 91 92 94 95 98 99 97 96 96 98 100 102 103 103 103 102 102 100 101 102 103 102 102 102 101 99 97 92 86 81 82 78 72 66 61 55 51 46 42 40 38 35 30 23 15 10 7 5 4 2 3
7 8 13 12 8 3 2 2 2 2 3 7 10 13 19 26 35 42 47 50 53 57 61 66 72 77 82 88 92 95 98 99 99 97 95 94 94 95 95 94 92 91 89 87 87 88 91 93 92 91 92 93 93 93 93 90 82 79 84 88 91 93 96 97 98 98 100 99 99 98 98 100 102 103 103 101 100 100 102 104 106 106 106 106 104 103 102 103 103 102 102 101 101 100 97 94 90 85 81 79 74 68 62 56 51 46 43 41 39 36 32 26 19 12 9 7 5 3 2 3
8 7 10 14 11 5 2 2 2 2 2 3 6 10 14 19 27 35 43 47 51 54 58 63 68 73 78 84 90 95 97 100 100 99 97 96 96 97 97 96 94 92 90 88 88 91 94 96 97 96 98 98 98 100 101 97 91 88 91 96 100 101 104 105 103 102 104 104 103 102 103 105 107 107 105 105 104 104 106 108 108 108 108 106 105 104 104 104 104 102 101 100 100 98 96 92 88 85 81 76 70 64 58 52 47 43 42 41 38 33 27 21 15 10 8 6 4 2 2 4
9 8 7 12 14 9 3 2 2 2 2 2 4 8 11 14 20 27 36 43 47 51 55 59 64 69 74 80 87 92 96 100 101 101 100 98 98 98 98 96 94 92 92 92 92 95 98 100 101 101 102 102 103 105 106 103 99 98 100 103 105 106 108 108 105 103 103 105 105 105 106 108 110 110 108 108 108 108 110 112 111 109 108 106 106 105 105 105 103 101 99 100 99 97 94 89 86 82 76 71 65 59 53 47 43 42 41 39 34 29 23 18 12 9 8 5 3 2 3 5
8 9 8 8 14 12 6 3 2 2 2 2 3 7 10 12 15 20 28 37 42 46 51 55 60 65 70 76 82 88 93 98 100 101 100 99 99 98 98 97 95 92 94 96 97 100 103 104 103 103 104 105 107 108 107 103 99 101 104 106 108 109 110 109 106 103 104 106 106 108 110 112 113 113 113 112 112 113 114 114 112 110 108 107 106 105 105 104 102 99 98 98 98 95 91 86 82 77 72 66 61 54 47 44 42 41 39 35 30 25 20 16 11 8 6 3 3 3 4 7
6 8 8 7 10 14 10 5 3 2 2 1 3 7 9 11 12 15 21 29 36 40 46 51 55 60 65 71 78 84 89 94 97 98 99 99 100 99 98 97 94 93 95 98 101 104 108 109 107 104 105 107 109 110 109 103 100 104 108 111 112 112 112 110 106 104 106 107 107 109 113 115 117 116 116 116 117 117 116 115 113 110 108 107 106 106 105 103 100 99 97 95 94 90 86 81 76 71 66 60 54 48 44 43 41 39 36 31 26 21 18 13 9 7 5 3 3 3 6 9
6 7 9 7 7 13 13 8 4 3 2 2 3 7 9 10 11 13 17 24 30 35 41 46 51 56 61 66 73 80 84 89 92 95 96 99 100 98 96 94 94 93 96 102 106 108 111 113 110 106 106 109 112 113 112 108 107 109 111 113 114 113 111 108 105 105 106 106 107 109 113 116 117 118 117 117 118 118 116 115 113 110 107 106 106 106 104 102 99 97 95 92 90 86 81 75 70 65 60 54 48 45 43 42 39 36 32 27 23 19 15 11 8 6 4 3 3 4 8 9
6 6 9 8 6 9 14 11 6 3 3 2 4 7 10 10 11 12 14 20 26 31 36 41 46 52 57 62 68 74 79 83 87 91 93 96 98 96 94 94 94 93 97 105 109 111 113 114 113 110 110 114 116 116 114 113 113 113 113 113 112 110 108 105 103 103 105 106 107 110 113 116 118 118 118 119 118 116 115 113 111 108 106 105 105 105 103 100 97 94 91 88 85 80 75 69 64 59 52 47 44 42 40 39 35 32 27 23 20 17 12 8 6 4 3 3 3 6 10 8
7 6 8 10 7 7 12 14 10 4 3 2 4 7 9 11 11 11 13 17 22 27 32 36 41 47 52 56 61 67 72 77 82 86 89 91 94 95 93 94 95 95 99 104 109 112 114 114 114 112 113 116 118 117 116 116 116 116 115 114 112 110 107 104 101 101 103 105 107 111 114 117 118 118 119 119 118 115 113 112 109 106 105 104 104 103 101 97 93 90 87 84 80 75 69 63 57 51 47 43 42 40 38 35 32 28 24 21 18 14 10 6 4 3 2 3 5 10 9 8
7 6 7 10 10 6 8 15 13 7 3 3 4 7 8 10 12 12 12 15 20 25 30 33 37 42 46 50 55 60 65 71 76 81 84 86 89 91 90 91 94 97 99 103 108 112 114 114 115 114 113 114 116 116 116 116 116 117 116 114 111 109 106 103 100 101 103 104 106 110 114 116 116 116 118 117 116 114 111 109 107 104 103 102 102 100 97 93 89 86 83 80 75 69 63 56 50 46 43 41 40 37 34 32 28 25 21 19 15 11 8 5 4 2 2 4 8 11 8 7
9 8 8 9 12 8 7 12 15 11 5 3 3 6 7 9 11 13 13 14 18 23 28 31 34 38 41 45 49 54 59 65 70 76 79 81 84 87 87 87 91 95 97 101 105 109 111 112 114 114 114 114 115 115 114 114 115 114 113 111 108 107 105 102 100 101 102 102 105 109 112 114 112 112 114 113 112 111 110 108 104 101 100 99 98 97 94 89 85 82 79 74 68 61 54 48 45 43 41 39 37 33 31 28 25 22 19 16 12 8 6 4 3 2 3 6 11 11 8 7
9 9 8 9 12 11 7 8 14 15 8 4 3 5 7 9 11 12 14 15 18 21 25 29 32 35 38 41 44 48 53 58 63 69 73 76 79 83 85 85 87 90 93 96 101 104 108 111 112 112 113 113 113 114 114 115 114 111 110 108 106 105 103 99 98 99 99 101 104 107 110 109 105 106 105 105 107 107 106 105 101 97 96 96 95 93 89 85 81 78 73 67 60 53 48 44 43 41 38 35 33 30 27 25 23 20 17 13 10 7 4 3 3 3 4 8 12 9 7 7
10 10 9 9 11 13 9 7 10 15 12 6 4 5 7 8 10 12 13 15 17 20 23 26 30 33 35 38 41 44 47 51 56 62 66 70 74 77 80 82 83 84 87 90 94 98 103 107 109 108 108 108 109 111 112 114 113 111 110 107 104 102 101 98 98 99 99 101 102 103 105 101 98 101 97 97 102 104 102 100 96 93 93 92 90 87 84 80 76 71 65 59 52 47 45 43 41 37 34 32 30 27 25 23 20 18 15 11 7 5 4 3 3 4 6 11 12 9 7 7
12 11 10 9 10 13 13 9 7 13 16 11 6 5 6 8 9 11 12 14 16 19 22 24 27 30 33 36 38 40 42 45 48 54 58 63 67 71 74 77 78 79 82 84 88 92 97 100 102 103 102 102 104 105 107 109 109 109 109 106 104 102 99 97 98 97 98 100 101 101 101 95 93 97 94 94 98 99 96 94 91 88 88 87 84 81 78 74 69 64 56 50 45 43 42 40 36 32 30 28 27 25 22 20 17 15 11 8 5 4 3 2 3 4 9 14 10 8 7 9
13 12 11 10 9 12 14 12 8 10 15 14 9 6 6 8 9 10 12 13 15 18 22 24 27 29 32 35 37 39 39 41 43 47 51 56 60 63 67 70 73 74 76 78 81 85 89 92 95 96 97 98 99 99 101 102 103 104 105 104 102 100 97 95 96 96 97 98 98 98 98 94 91 93 92 93 94 92 90 88 85 83 82 81 79 76 72 67 61 55 49 45 43 41 39 35 31 28 27 26 24 22 19 17 15 11 8 6 4 3 2 3 4 6 13 13 9 7 9 12
14 13 12 11 10 11 13 15 11 9 13 16 12 7 6 8 9 10 11 12 13 16 20 25 27 29 30 33 35 37 38 39 39 41 44 48 52 56 59 62 65 67 69 71 74 78 81 83 86 89 91 93 94 95 97 97 98 99 100 100 99 97 95 94 94 94 94 93 92 92 91 86 85 87 89 90 89 86 84 81 78 77 76 74 72 69 65 58 53 48 45 42 40 37 34 30 27 26 25 23 21 19 17 14 12 9 6 4 4 3 3 4 4 11 16 10 8 8 11 13
13 13 13 13 13 12 13 15 13 9 10 15 14 9 7 7 9 10 11 12 12 15 18 23 27 29 29 31 33 35 36 37 38 38 39 41 44 48 51 54 57 60 62 65 68 71 74 75 77 80 83 85 87 89 93 93 93 94 95 96 95 93 92 91 90 89 89 88 86 86 81 76 78 82 84 84 82 79 77 74 71 71 70 68 65 61 56 51 48 45 42 39 36 32 29 26 25 24 22 21 19 16 14 11 9 7 5 4 3 3 3 5 8 16 14 8 8 9 12 14
11 11 12 13 13 12 12 13 15 10 8 12 15 12 8 8 9 10 11 12 12 14 16 21 25 28 29 31 32 33 34 35 37 37 37 37 38 41 44 47 49 52 54 57 60 63 66 67 68 71 74 76 77 81 85 86 87 87 89 89 88 87 86 85 83 83 83 82 80 79 75 72 73 76 76 75 74 71 69 67 65 65 64 62 58 52 49 47 44 42 38 35 31 27 25 24 23 22 20 18 16 14 11 9 7 5 4 3 3 3 3 5 14 17 9 8 9 11 13 15
11 11 12 13 14 13 12 12 14 12 9 10 14 14 11 8 9 10 11 12 12 13 15 18 23 26 29 31 32 33 33 34 34 35 35 36 35 36 38 40 42 45 47 50 52 55 57 58 59 62 65 66 68 71 74 76 78 79 79 80 79 79 79 77 76 76 75 73 71 70 70 69 69 68 68 67 66 63 62 61 60 59 56 53 49 47 46 44 40 37 34 30 26 24 23 22 21 19 17 15 13 11 9 7 5 4 3 3 3 3 4 11 18 13 8 9 10 12 15 17
12 12 14 14 14 13 12 12 14 15 11 8 13 14 13 10 9 10 11 12 13 13 14 16 19 23 27 30 32 33 34 34 33 32 32 33 34 34 34 34 35 38 40 43 45 47 49 49 50 53 55 57 58 61 63 65 67 68 69 70 70 70 70 69 68 67 67 65 63 62 62 63 62 61 60 59 58 56 56 55 53 51 48 47 46 46 43 40 36 33 29 26 24 22 21 20 18 16 14 12 11 9 7 6 4 3 3 2 3 3 7 17 16 9 8 10 12 14 16 17
13 14 15 15 15 14 13 13 15 17 14 9 9 14 14 12 10 9 11 12 13 13 14 15 17 21 24 28 30 32 33 34 33 31 30 30 31 32 33 33 33 33 34 35 37 39 40 41 42 45 46 47 48 50 52 54 56 57 60 61 60 61 60 60 59 58 58 57 56 56 56 56 56 55 54 53 51 50 49 47 45 45 46 47 45 43 39 35 31 29 26 24 22 21 19 18 16 14 12 10 8 7 5 4 4 3 3 2 3 5 13 18 12 8 9 10 13 16 17 18
14 15 16 16 15 13 13 13 14 17 17 13 8 11 14 13 11 10 10 12 12 13 14 15 16 19 22 26 29 30 31 33 33 33 30 28 28 29 30 32 32 32 32 31 31 32 33 33 35 37 39 39 40 41 42 44 46 47 49 50 50 50 50 50 50 50 50 50 50 50 50 50 49 48 47 45 43 42 42 43 44 45 46 45 41 37 34 31 29 26 24 22 20 19 17 15 13 11 10 8 7 5 4 4 3 3 2 3 3 9 19 15 8 9 10 12 14 16 17 18
15 16 16 16 15 13 12 12 12 15 18 16 11 9 13 14 12 10 10 11 12 13 14 14 15 17 20 23 26 28 30 31 32 33 32 29 27 26 26 28 29 30 30 30 29 29 28 28 29 30 31 32 32 33 34 35 36 37 38 40 40 41 41 41 41 42 42 42 42 42 42 42 40 40 39 39 40 41 43 44 45 43 42 39 36 33 30 29 27 24 21 20 18 17 15 13 11 9 8 7 5 4 3 3 3 2 2 4 6 15 18 10 8 10 11 13 15 16 17 17
15 16 16 16 15 14 13 12 12 13 15 17 12 9 11 13 13 11 10 11 12 13 13 13 15 17 18 21 24 25 27 28 30 31 32 31 29 26 25 25 26 27 28 28 29 28 27 26 26 26 26 26 26 27 27 29 30 30 31 32 33 33 33 33 33 34 35 35 35 35 36 37 37 38 39 40 42 43 44 43 41 38 37 35 32 30 29 27 24 22 20 18 16 15 13 11 9 7 6 5 4 4 3 3 3 2 3 4 11 19 13 8 10 10 12 14 16 16 16 16
