71 71 70 72 77 78 71 67 69 72 75 76 75 77 82 85 89 94 100 104 106 108 111 113 114 116 119 123 125 126 129 130 130 129 132 135 136 135 135 135 136 136 135 136 137 135 134 134 130 128 130 133 136 136 136 136 137 138 139 141 141 143 142 142 140 142 144 147 149 149 145 143 147 148 149 150 151 152 153 151 150 151 149 144 143 141 140 140 139 136 133 131 128 125 122 120 118 117 117 116 114 112 108 104 101 101 101 100 95 89 82 75 68 58 50 44 39 35 34 32
72 72 73 76 76 69 66 71 76 76 76 75 77 83 88 89 93 98 103 107 109 110 113 115 115 117 120 123 127 128 131 130 130 132 134 136 136 136 137 137 137 136 136 136 136 135 135 133 129 130 133 136 136 135 135 135 136 139 140 140 141 143 142 138 136 140 144 147 148 147 144 143 146 148 149 149 149 149 150 150 151 149 145 142 143 141 140 141 139 136 134 131 129 126 123 121 119 119 117 117 115 114 111 107 103 102 103 103 100 94 89 83 77 67 57 50 45 40 36 35
72 73 74 74 71 68 74 78 77 75 75 79 86 90 92 93 97 101 105 108 109 110 112 114 116 118 120 125 129 127 129 132 134 135 138 138 138 139 139 138 137 134 134 134 134 136 136 132 131 134 137 136 134 134 135 136 137 138 139 140 141 142 140 135 135 140 143 145 146 146 144 144 146 147 147 146 145 145 146 150 149 144 142 142 143 142 142 142 139 136 135 133 130 127 124 122 120 119 117 117 117 116 114 110 105 103 104 105 104 100 96 92 86 76 66 57 50 45 41 38
75 75 73 73 74 78 81 78 75 77 83 89 93 94 96 98 101 103 106 108 109 111 113 115 117 121 126 128 125 126 131 136 136 137 139 140 142 142 140 141 139 134 131 132 134 137 136 132 135 138 136 135 136 136 136 137 137 138 138 140 141 142 141 135 134 138 142 145 146 145 144 146 148 148 146 143 142 144 147 149 146 143 144 145 145 144 143 143 140 137 135 134 132 128 125 123 121 120 118 118 117 116 115 114 110 106 105 106 108 107 105 100 93 84 76 67 57 49 44 42
75 73 73 77 81 84 80 77 81 86 92 95 97 98 100 101 102 103 106 109 111 113 115 117 122 126 129 127 125 129 136 137 137 138 139 140 142 142 141 141 138 132 129 129 134 136 134 134 138 138 135 137 139 138 137 137 137 138 139 139 140 140 140 136 134 137 142 145 145 144 144 146 147 146 145 143 142 145 150 148 145 146 147 146 146 145 145 144 141 139 137 135 132 130 127 124 122 121 119 118 117 116 117 117 114 109 108 108 109 111 110 106 99 92 83 75 66 55 50 46
74 75 78 82 84 81 80 84 89 94 96 97 100 102 102 103 103 103 107 110 113 115 117 121 126 128 127 125 127 135 139 137 138 139 140 142 143 142 140 141 137 131 129 129 132 134 134 137 138 136 138 141 140 138 136 136 137 138 139 139 140 140 140 138 138 140 143 144 144 143 144 146 146 145 144 144 144 148 150 148 147 147 148 148 148 147 147 145 141 140 139 137 135 133 130 127 124 122 120 118 117 117 117 117 116 112 111 111 110 110 111 110 105 98 89 80 73 66 58 52
76 79 82 83 81 81 86 90 94 97 97 99 101 102 101 102 103 105 109 111 115 118 120 124 126 126 126 128 132 138 139 138 140 142 144 145 143 141 140 140 137 135 133 130 131 134 136 138 137 137 140 141 139 137 136 136 137 138 138 139 139 139 140 139 138 140 142 144 145 143 144 147 147 148 147 145 147 151 149 151 151 150 151 152 150 149 149 146 143 142 140 138 137 135 133 130 127 124 121 119 118 117 118 118 116 115 113 112 111 111 111 111 107 101 95 85 78 72 67 60
79 81 80 79 80 86 90 93 96 97 98 100 101 102 102 103 106 109 110 113 117 121 123 123 124 128 129 133 138 139 137 139 142 145 146 146 144 142 141 139 137 137 135 129 131 138 138 137 137 139 141 141 139 138 137 137 138 138 137 138 138 138 139 136 135 139 142 144 144 143 146 147 148 148 149 149 151 152 152 155 155 153 153 153 151 150 150 147 145 144 141 140 140 137 135 132 128 125 121 120 119 118 118 119 118 118 117 113 113 112 111 110 107 102 99 93 84 76 71 67
79 78 77 79 84 87 90 94 96 97 97 97 99 102 105 107 108 109 110 113 118 120 122 124 128 132 130 134 139 138 136 139 144 147 147 144 143 143 142 139 137 135 130 125 129 135 135 137 138 138 140 141 140 139 138 137 137 137 137 137 138 139 139 136 136 139 142 143 142 144 147 147 147 147 149 152 151 150 154 155 154 154 155 154 153 152 150 148 146 144 142 141 141 139 137 134 130 125 122 121 120 119 119 121 121 120 120 117 114 113 111 108 105 102 100 97 90 81 75 72
77 76 79 82 84 87 90 92 92 93 94 96 99 103 106 107 107 108 109 113 116 118 121 127 130 130 130 135 138 136 137 141 144 146 145 141 141 141 140 136 136 134 130 127 130 132 133 136 138 138 140 141 140 139 137 136 136 137 137 137 138 139 140 139 139 141 142 141 142 144 145 146 147 148 151 150 148 148 152 152 152 154 155 155 153 153 150 149 148 146 143 142 142 140 139 136 132 128 124 122 121 121 121 122 123 122 122 121 116 111 109 108 106 102 99 97 94 87 82 76
75 77 80 81 82 85 87 86 87 89 92 95 97 99 101 103 105 107 110 112 115 118 123 127 128 126 129 135 135 133 136 139 140 140 139 138 139 138 136 133 133 132 130 128 129 131 132 136 138 137 139 140 139 138 137 136 136 137 138 137 138 140 141 140 140 141 142 141 141 142 143 144 145 147 150 147 143 146 149 149 149 152 153 153 152 151 150 149 149 147 144 143 142 140 139 138 135 131 126 123 122 123 123 123 124 124 122 122 118 111 108 108 106 102 99 98 96 91 86 82
76 78 79 79 81 81 81 82 84 86 89 91 91 92 94 99 103 107 109 110 112 115 121 124 124 123 126 130 130 129 131 133 133 132 133 134 134 133 131 129 129 128 128 127 126 130 131 133 136 135 137 138 138 137 137 136 136 136 137 138 139 141 140 139 140 140 140 140 139 139 140 140 140 141 143 140 138 141 145 146 144 146 149 149 149 149 148 147 146 144 143 142 141 140 140 140 137 132 127 124 122 122 122 121 122 123 120 119 119 113 107 107 104 102 100 99 98 95 90 87
75 77 78 79 78 77 77 79 82 83 84 85 85 87 91 98 102 105 105 106 108 111 115 117 117 117 121 124 123 123 124 124 125 125 126 128 128 127 125 123 124 125 126 124 123 126 128 130 133 133 134 136 137 136 136 135 135 134 135 137 139 139 139 138 138 139 139 138 137 137 136 135 135 137 136 133 134 138 141 141 137 138 143 144 145 145 144 142 140 138 139 138 137 138 138 139 137 132 127 126 123 120 119 118 119 120 118 117 118 116 109 106 104 102 100 99 99 97 92 90
75 75 75 75 74 74 74 76 77 76 77 79 82 84 89 95 97 98 97 98 101 104 107 109 109 110 112 115 114 115 115 116 118 119 120 121 122 122 120 118 119 122 122 121 122 124 124 127 130 131 132 133 133 133 132 132 131 131 134 135 136 137 137 137 138 137 136 135 133 133 131 130 132 131 129 129 132 134 136 135 132 132 137 139 139 137 135 135 133 132 134 134 134 134 135 134 132 128 125 125 122 118 115 113 114 114 114 114 115 115 109 105 104 102 101 100 100 98 93 92
74 73 71 71 71 71 72 71 70 70 72 76 78 79 82 88 89 89 90 91 93 95 96 97 99 100 103 104 105 106 107 108 110 112 113 115 116 116 115 114 116 118 118 119 121 123 122 124 126 127 128 129 130 129 129 129 129 130 131 132 133 134 135 136 136 134 132 130 129 128 127 126 125 123 124 126 127 128 129 127 124 126 130 130 128 126 126 125 124 125 128 130 130 129 129 126 123 123 121 119 116 113 109 106 107 107 106 105 107 109 107 104 103 103 102 100 100 98 94 94
70 69 69 70 70 71 69 66 65 66 69 71 72 73 75 77 79 79 80 81 82 82 83 84 85 88 91 91 93 95 97 100 101 103 105 107 109 110 109 111 112 112 115 118 119 120 120 121 123 124 124 125 126 126 126 126 127 128 128 129 130 131 131 131 131 129 127 125 123 122 121 120 119 117 117 118 117 118 119 116 113 114 119 119 116 113 113 113 113 114 117 119 118 116 116 114 113 114 114 110 108 107 104 101 100 100 98 97 98 101 102 100 100 102 102 100 100 97 95 95
67 68 70 69 69 66 64 63 62 63 65 66 67 67 67 67 68 70 71 71 71 70 71 74 75 78 79 78 81 83 85 88 89 92 95 98 100 104 104 107 108 108 112 115 116 117 117 119 121 121 121 121 122 123 123 124 125 125 126 127 127 128 127 126 125 124 122 119 118 118 116 114 112 109 109 109 108 108 107 105 102 101 106 106 104 102 100 99 100 102 104 104 103 102 101 100 99 100 101 99 99 98 97 94 92 91 92 92 93 95 97 95 95 97 99 99 100 98 97 96
68 68 68 65 62 59 59 59 58 60 62 62 63 61 59 60 61 63 63 62 62 62 64 66 68 71 72 71 72 72 74 76 79 82 85 87 90 96 98 100 102 104 108 110 112 113 114 116 118 119 118 118 119 120 121 122 124 124 124 125 124 125 125 123 122 120 118 116 115 113 111 108 105 103 103 101 100 98 97 94 92 93 95 93 91 90 88 86 87 89 92 90 89 89 88 88 87 87 89 88 88 88 90 89 86 84 85 87 89 90 91 92 91 93 95 97 99 98 97 97
67 64 62 60 58 58 58 56 56 58 57 56 57 57 57 57 57 57 58 58 60 62 62 62 64 66 66 65 65 66 67 70 73 75 78 80 83 89 91 93 96 99 102 105 108 109 111 112 115 116 116 116 116 118 120 121 122 123 123 123 122 122 122 120 118 117 114 113 111 109 107 104 101 100 97 94 91 90 88 85 83 85 85 81 80 79 77 75 75 77 79 78 77 77 76 76 78 79 80 80 80 81 82 83 83 82 82 82 84 84 85 87 88 91 92 94 97 97 97 97
63 60 58 57 56 57 57 57 55 54 54 55 57 59 62 60 59 62 63 64 65 66 64 63 65 65 64 64 63 64 63 66 68 69 71 73 77 82 84 88 92 95 98 101 104 106 108 109 112 114 114 114 114 116 118 120 121 121 121 121 120 120 118 116 115 113 111 109 107 104 102 100 98 96 92 87 84 83 81 79 78 79 77 74 72 69 67 66 67 68 68 67 66 65 64 65 67 68 72 73 73 74 74 75 77 79 80 80 81 82 82 82 83 87 89 92 94 96 97 98
62 58 56 55 55 56 57 55 54 55 56 58 61 64 68 66 67 70 71 70 70 70 67 66 67 66 65 65 64 63 62 64 65 65 67 69 71 73 77 82 87 90 92 96 99 101 103 105 108 112 112 112 113 115 116 118 119 119 119 119 119 117 115 113 112 111 108 105 102 99 97 95 93 90 86 82 81 80 79 77 76 76 72 70 69 67 64 64 65 65 65 64 63 62 61 61 62 63 65 67 68 70 71 72 73 75 75 75 76 78 79 80 80 83 86 90 92 94 96 98
61 58 56 55 55 56 55 54 56 59 61 63 66 68 70 70 70 72 70 70 72 71 68 68 70 68 68 67 66 64 63 63 63 64 65 66 67 67 70 75 79 83 86 89 93 95 98 101 105 109 109 110 111 112 114 116 118 118 118 118 117 116 114 112 110 109 106 103 100 98 95 92 89 87 84 82 80 79 77 76 76 76 72 69 69 69 68 67 68 67 67 66 65 65 64 64 64 63 63 63 65 68 68 69 71 72 71 72 72 72 74 77 79 81 84 89 91 93 95 97
60 58 56 55 55 55 56 56 59 62 64 67 69 69 71 71 70 70 70 71 74 74 72 73 74 72 71 70 69 67 65 64 63 65 65 65 65 65 67 71 74 77 81 84 87 90 93 97 101 105 106 108 109 110 112 114 116 117 118 117 116 115 113 110 108 106 103 100 98 96 93 91 88 85 82 80 77 74 73 72 73 74 71 69 69 69 69 70 71 70 70 69 69 70 70 71 72 70 68 68 67 67 67 68 69 69 70 71 70 70 72 73 75 79 83 87 90 93 95 96
60 58 57 57 58 59 61 62 63 64 65 67 68 70 71 72 72 74 77 81 83 81 80 82 82 80 79 77 75 72 70 67 65 65 65 65 65 65 67 69 72 74 78 81 84 87 90 94 98 102 105 106 107 109 111 113 115 116 116 116 116 114 112 108 106 104 101 99 96 94 91 90 88 85 81 77 75 73 72 71 72 71 69 69 69 71 72 73 75 75 76 76 76 76 75 77 79 78 78 78 76 74 73 72 69 68 68 68 69 71 72 71 73 77 81 86 89 93 95 96
59 59 59 61 62 62 63 66 67 66 66 68 71 73 74 76 80 83 89 93 93 89 89 91 89 88 87 85 82 79 77 74 71 70 68 67 66 66 67 69 70 72 75 78 81 84 87 91 95 99 103 105 106 107 109 111 113 114 115 116 116 114 111 108 104 102 100 97 94 91 88 87 85 83 80 78 77 77 76 75 75 73 73 74 75 77 79 82 83 85 86 86 86 86 86 85 86 85 84 84 84 82 80 78 73 70 70 70 69 70 71 71 73 76 80 82 86 91 94 96
62 61 61 62 63 63 63 65 66 67 70 73 77 81 83 84 89 92 97 99 97 94 96 97 94 94 93 90 88 88 86 81 78 75 72 71 70 69 69 71 72 73 75 76 79 81 84 87 92 97 100 103 104 106 107 109 111 113 115 116 116 115 112 108 104 102 100 97 93 90 87 86 84 82 81 80 79 78 78 78 78 77 77 78 80 83 86 88 90 93 95 96 97 100 101 101 100 97 92 91 89 88 88 85 79 76 75 75 73 71 70 72 74 77 79 80 83 88 92 95
65 63 62 63 64 64 65 66 69 71 75 78 83 87 90 92 97 99 101 101 98 100 102 101 99 100 98 96 97 96 93 88 84 81 78 76 74 73 72 73 74 74 75 77 79 81 83 84 89 94 98 101 103 105 107 109 111 112 114 115 116 115 112 108 105 101 99 97 93 90 87 86 85 83 81 79 78 78 78 79 80 80 81 82 85 88 92 94 97 101 104 105 107 108 108 109 110 110 107 106 103 99 96 92 87 83 82 81 79 77 77 77 78 79 81 82 85 88 90 92
65 64 64 65 66 68 69 71 73 76 79 82 85 90 93 96 100 102 105 106 103 106 108 103 104 104 102 103 105 103 100 96 93 90 87 83 80 77 76 76 76 76 77 78 80 82 83 84 87 92 96 99 102 104 106 108 110 111 113 114 116 115 113 109 106 102 99 96 92 89 88 87 85 83 81 80 79 79 80 81 83 84 85 88 91 94 98 101 104 107 108 110 112 113 114 115 117 118 117 117 114 109 103 98 93 92 89 84 81 80 79 78 78 79 81 83 87 89 90 92
66 65 66 68 69 71 73 75 77 79 82 84 87 92 95 99 102 107 110 109 110 113 112 109 110 108 110 110 109 108 110 108 105 101 97 92 87 83 81 80 79 78 78 79 80 82 83 84 86 89 94 97 100 102 105 107 109 111 113 114 115 115 114 111 107 103 99 96 91 88 86 86 85 83 82 82 82 82 83 85 87 89 91 93 98 102 106 109 111 113 114 115 116 118 121 123 124 124 123 122 120 117 113 107 101 99 96 92 89 88 85 82 81 81 81 82 86 89 90 92
66 66 68 69 70 71 73 74 77 79 82 85 89 93 97 103 106 111 112 113 116 117 114 114 114 114 115 114 112 115 117 116 114 111 106 100 94 88 85 83 82 80 80 80 81 83 83 84 85 88 93 96 99 102 106 109 110 112 113 115 116 117 116 113 109 104 100 97 92 89 87 87 86 85 85 85 85 85 87 89 91 94 96 100 105 110 113 116 118 119 120 121 122 125 127 128 129 130 130 129 128 123 117 111 108 105 101 96 93 91 89 87 86 87 87 87 87 89 91 93
60 61 64 66 67 69 70 73 75 76 80 83 88 92 97 104 108 111 111 113 116 113 113 115 116 116 115 116 116 117 118 118 117 114 110 105 99 93 89 87 84 83 82 82 84 85 85 85 86 89 92 96 99 103 107 110 112 113 115 116 117 118 118 114 110 105 101 97 94 91 89 89 88 87 87 88 88 88 90 92 95 98 101 105 110 113 115 118 119 121 122 123 125 128 130 132 134 135 135 133 129 122 115 112 111 108 103 99 96 94 91 89 88 86 85 85 85 87 91 94
48 49 51 53 54 54 56 59 62 65 68 72 76 79 86 95 98 101 103 106 105 105 108 110 109 109 111 113 113 114 115 116 115 113 110 106 101 96 94 91 88 85 84 84 85 87 86 86 87 89 93 96 100 104 108 111 113 116 118 118 119 119 118 115 110 105 101 98 95 93 92 92 91 90 90 90 89 89 91 93 95 99 102 105 107 109 111 113 115 117 119 121 123 125 128 130 132 131 132 129 123 116 109 107 107 102 98 95 92 89 87 84 81 80 79 78 78 80 83 85
45 45 45 45 45 45 45 46 47 48 50 52 55 57 66 76 79 84 88 91 91 95 98 96 94 96 99 100 101 105 108 109 109 108 105 102 99 96 95 92 90 88 86 86 87 88 87 87 88 89 93 97 100 104 110 114 116 119 120 120 120 121 120 117 111 107 104 100 98 96 95 95 93 91 91 91 90 89 90 91 92 95 97 99 100 101 103 106 108 110 111 112 113 115 116 116 114 113 111 105 99 88 81 80 85 79 73 68 63 60 58 55 53 52 55 56 56 57 59 60
36 36 35 35 34 34 34 34 34 35 36 36 37 37 43 49 51 54 57 59 61 65 68 67 70 74 77 78 82 86 90 96 97 98 96 94 92 91 90 89 88 86 85 84 85 87 87 87 88 89 93 97 101 106 112 116 119 121 123 124 123 123 123 119 114 109 105 102 100 98 98 97 95 92 90 89 87 87 87 87 87 88 90 92 92 92 92 92 91 88 86 85 83 80 76 72 66 67 66 59 53 45 40 39 40 36 34 31 29 28 28 27 27 29 33 34 35 36 36 36
34 34 34 34 34 35 38 39 36 34 34 35 36 35 34 31 32 33 32 34 34 35 35 35 37 39 42 44 47 50 55 65 68 72 74 75 76 80 81 83 84 83 82 82 83 85 86 87 87 88 91 96 101 106 112 117 120 123 126 127 127 126 125 122 116 111 107 103 101 100 99 99 95 92 89 87 86 84 80 77 74 78 80 77 74 69 64 60 56 51 47 44 42 39 37 35 32 31 31 27 26 25 24 22 21 21 21 21 21 22 23 24 24 25 24 23 23 23 21 21
35 35 35 34 35 37 43 45 39 34 37 41 41 38 34 31 30 29 29 29 28 29 28 28 28 29 29 29 31 31 32 33 35 38 40 42 45 54 60 64 68 73 75 76 79 82 84 86 86 87 91 95 100 106 112 117 121 124 127 129 130 129 128 124 118 112 107 104 102 100 100 99 94 89 85 78 71 66 59 52 46 51 52 46 41 37 34 32 30 28 28 26 26 25 25 25 25 23 23 23 24 25 26 26 25 28 29 30 31 31 31 29 28 27 27 26 26 24 22 21
35 35 34 35 35 37 42 42 39 36 38 39 38 32 30 29 27 26 25 25 24 24 24 24 25 24 24 25 28 29 27 26 26 26 26 27 27 30 34 38 42 47 51 55 60 67 73 80 84 84 89 93 98 104 110 116 120 123 126 130 133 133 130 124 118 112 106 103 100 97 93 85 75 66 58 50 42 37 33 30 27 28 27 25 24 23 23 23 22 23 24 23 22 23 24 25 24 25 27 30 32 34 36 39 42 46 49 50 52 53 52 51 49 45 39 36 34 29 25 20
41 43 44 45 45 44 43 42 41 39 38 35 32 28 27 27 26 25 26 24 23 21 22 23 21 18 17 23 31 30 24 23 24 24 24 24 23 21 23 24 25 27 30 33 38 44 50 59 68 73 79 86 93 100 107 112 116 119 122 127 132 132 128 121 114 107 97 87 77 67 60 52 44 37 33 29 27 25 24 23 24 22 22 22 22 22 22 22 25 27 22 19 20 22 22 21 20 22 26 29 32 34 36 40 47 50 53 55 58 60 62 63 64 61 56 53 51 46 39 31
53 53 52 51 50 48 46 43 42 40 37 34 30 29 30 30 30 30 28 24 20 18 21 24 21 15 12 16 21 20 17 19 22 24 26 30 33 27 24 23 21 22 22 21 24 26 29 34 39 45 53 63 74 84 95 103 109 112 114 120 126 124 116 101 90 77 62 51 43 37 33 31 28 26 24 21 20 22 25 30 36 31 28 26 24 22 19 19 24 26 18 13 15 19 21 19 17 20 25 27 28 27 29 32 36 39 41 44 46 49 51 53 56 58 61 63 61 56 48 39
54 54 53 51 50 49 47 44 42 40 38 36 34 34 35 32 32 32 31 26 21 19 20 21 19 16 14 14 14 13 14 17 21 23 25 32 45 48 43 38 32 28 23 19 18 17 20 23 25 27 31 37 45 55 65 75 83 89 90 98 103 93 77 61 50 42 36 33 29 27 25 22 19 17 18 23 29 37 45 53 55 48 34 23 21 21 17 15 17 21 17 14 16 17 19 19 19 22 29 33 32 29 27 27 27 29 31 33 35 37 39 41 45 50 55 59 58 54 47 39
48 48 48 47 47 46 45 43 40 38 36 35 35 35 34 31 31 34 35 30 25 22 19 16 16 15 15 15 15 16 17 20 28 29 26 27 38 55 62 60 54 45 37 30 24 17 15 15 17 18 21 24 27 30 36 42 46 49 49 55 59 51 42 38 36 32 31 29 23 20 17 14 15 23 35 46 52 57 63 65 58 45 28 23 27 28 22 17 15 15 14 14 14 14 16 17 18 25 36 41 41 36 31 31 29 29 30 31 32 33 34 36 39 43 46 47 45 41 37 31
43 43 43 43 43 44 43 42 41 40 39 39 40 41 38 34 34 37 38 34 29 24 19 15 13 12 12 12 12 13 15 21 32 34 31 29 33 50 65 71 67 62 55 48 40 30 22 14 11 11 12 14 16 18 21 24 26 28 29 32 34 32 30 27 26 22 16 18 15 12 12 20 35 51 62 63 62 62 66 67 59 43 31 28 32 33 25 18 16 14 13 13 13 14 16 17 21 33 45 46 43 39 37 38 37 36 35 34 35 35 34 35 35 37 38 37 35 32 29 26
40 40 40 41 42 44 45 45 45 45 44 44 45 46 44 41 40 40 42 41 38 31 23 18 15 13 13 12 12 14 16 24 32 32 30 30 35 46 62 71 72 71 69 66 56 44 34 22 12 10 9 9 9 10 12 14 16 18 20 22 22 21 18 15 13 13 14 14 12 14 25 43 60 67 69 68 67 68 71 69 60 47 35 31 34 37 30 22 18 17 15 15 16 17 19 23 32 44 48 45 43 45 48 49 47 45 43 42 41 39 37 36 34 32 32 30 29 27 26 26
39 38 39 40 42 44 46 48 49 49 48 48 50 51 51 51 49 45 44 45 45 41 34 26 22 18 17 17 17 19 23 29 33 32 33 34 40 48 60 68 69 72 75 76 72 60 44 32 20 12 9 9 8 8 8 9 9 10 10 11 11 11 11 11 12 13 13 11 13 25 44 61 67 71 75 76 75 74 72 66 59 52 45 42 41 41 37 31 26 24 22 22 23 26 30 36 43 47 48 49 54 59 61 61 57 55 54 53 51 48 44 40 35 32 29 28 27 27 28 30
39 38 39 41 43 46 50 52 54 54 53 54 54 56 56 57 57 54 51 49 47 45 43 39 33 29 27 27 29 33 36 37 39 41 43 44 46 52 59 64 66 70 74 76 76 72 56 41 29 18 11 8 7 7 7 7 8 8 8 8 8 9 9 9 9 9 9 11 23 41 58 66 72 77 82 82 79 76 71 64 60 60 59 57 53 49 46 42 40 38 37 38 39 41 45 49 52 55 58 65 69 70 71 70 68 68 68 67 64 59 53 46 40 35 32 30 29 30 32 36
40 40 41 43 46 49 54 58 60 61 61 61 61 61 61 62 63 63 61 58 55 53 51 48 45 43 42 42 44 47 49 48 50 52 53 54 53 55 59 63 66 71 74 74 72 71 65 51 35 25 14 8 7 7 7 7 8 8 8 9 8 8 8 8 8 7 8 17 33 52 64 72 78 80 82 83 81 79 74 68 65 63 62 62 60 58 57 55 54 53 53 54 56 58 62 65 70 73 75 77 77 77 77 77 77 79 80 78 74 69 62 54 47 41 37 35 34 35 39 45
44 43 43 45 48 53 59 63 66 68 68 68 67 66 65 66 68 69 69 68 67 66 63 60 58 57 56 55 55 56 57 57 58 58 59 59 59 58 60 65 69 72 74 72 68 67 66 59 42 29 18 9 7 6 7 7 7 7 8 8 8 8 8 7 7 7 10 24 41 57 69 77 78 79 80 83 84 82 78 73 69 65 62 62 61 61 61 61 62 63 65 66 69 72 75 77 79 80 80 79 79 80 82 84 86 88 89 88 84 78 71 63 55 48 44 41 40 42 48 57
46 46 45 46 52 59 64 69 72 74 75 75 73 72 70 69 70 71 72 72 71 71 69 68 66 64 63 62 61 61 61 61 60 61 61 61 62 62 65 68 72 74 73 70 66 64 64 61 49 31 20 11 6 6 7 8 8 9 10 9 9 9 8 8 7 7 13 26 43 60 72 78 78 78 80 83 86 86 83 79 75 69 65 64 63 62 62 62 63 65 66 67 68 71 72 73 74 76 78 80 82 84 89 92 94 97 97 97 94 88 80 71 64 56 52 48 48 51 60 71
51 51 51 53 59 65 71 76 79 81 82 82 80 79 76 73 72 71 70 69 69 68 67 66 65 63 62 62 61 61 61 61 61 62 63 65 67 68 70 73 75 75 73 69 64 62 62 58 48 33 22 11 8 11 14 17 17 16 16 15 14 14 14 13 9 8 15 27 43 60 73 78 79 79 80 85 89 90 87 84 80 75 71 69 67 66 66 65 64 65 65 66 68 69 71 74 76 79 82 86 89 93 98 101 103 105 105 104 102 96 88 80 73 66 61 57 57 62 71 82
57 57 58 61 65 71 77 82 85 87 88 88 87 86 82 79 76 74 72 71 70 68 67 66 65 63 62 61 62 62 63 64 65 66 68 72 74 75 76 77 77 76 73 69 65 63 60 54 46 37 26 12 11 18 23 25 24 23 23 23 23 23 22 18 12 9 16 32 49 60 68 76 80 80 83 89 92 92 91 89 86 82 78 75 73 71 70 69 68 69 70 72 74 76 79 82 85 87 90 94 97 101 105 108 110 111 110 109 108 103 96 89 82 75 70 67 68 74 82 91
62 61 63 66 70 76 82 87 90 92 93 93 93 92 89 86 83 81 79 77 75 74 72 70 69 67 66 66 66 67 67 68 70 73 75 79 81 82 82 81 79 77 73 70 66 63 60 53 46 39 28 13 14 22 28 31 31 35 36 34 35 34 30 24 16 11 16 32 51 59 63 74 80 82 85 91 94 95 95 95 93 89 85 82 78 76 75 74 74 74 75 77 80 82 86 89 92 94 96 98 102 106 110 113 115 116 116 115 114 109 104 98 91 84 79 76 77 83 90 98
67 66 68 72 77 83 88 92 94 95 97 97 97 97 95 93 90 88 86 85 84 82 80 78 76 75 74 73 73 74 75 76 78 81 84 86 87 87 86 85 82 80 77 73 68 64 59 51 46 39 29 14 17 25 33 40 45 52 55 52 51 49 43 34 21 13 14 30 51 59 60 69 80 83 87 93 96 98 100 102 100 97 94 90 86 83 81 80 80 79 79 80 82 85 88 91 94 96 98 101 105 109 114 117 119 120 121 120 119 115 110 105 99 92 87 84 85 89 96 101
74 74 76 81 86 90 94 96 97 98 99 100 101 100 99 97 95 94 93 92 91 89 86 84 82 81 80 80 80 81 82 83 85 88 90 91 91 90 90 88 86 85 83 77 69 62 54 48 43 37 29 18 20 28 41 51 62 72 76 73 70 65 56 42 27 16 16 30 50 60 59 65 77 82 89 95 99 104 107 108 106 104 103 99 95 91 89 87 85 84 82 83 86 88 90 93 95 97 100 104 108 112 117 120 123 125 126 125 123 120 116 111 106 99 94 92 91 94 99 103
78 80 82 86 91 94 96 98 100 101 102 103 103 103 102 101 99 98 96 95 94 92 90 88 87 86 85 85 86 87 89 90 92 94 95 94 94 93 93 92 91 90 86 79 68 57 48 46 39 35 29 20 23 33 51 65 78 90 96 92 88 82 69 51 32 21 19 30 47 60 60 62 71 80 90 99 106 112 115 113 109 108 108 105 102 100 97 95 93 90 89 90 93 94 96 98 100 101 104 107 111 115 119 123 126 128 129 129 127 124 118 113 108 102 98 95 94 96 101 105
81 83 85 89 92 95 98 101 102 103 103 104 104 104 103 103 102 100 98 97 96 95 93 92 91 91 90 91 92 93 94 95 96 96 97 96 96 96 97 96 94 93 87 77 64 52 46 46 38 36 29 20 24 37 60 76 91 104 111 109 105 100 86 65 40 24 17 25 43 59 60 60 65 74 87 98 107 114 117 113 109 109 109 108 107 105 104 102 100 98 97 98 99 100 102 103 104 105 106 108 111 116 121 124 127 129 131 131 130 126 120 115 110 104 99 96 95 97 102 106
82 84 87 90 94 97 100 102 103 104 104 104 105 105 104 104 103 101 99 99 98 97 97 96 95 95 95 95 96 97 98 98 98 98 98 98 99 99 100 99 97 94 86 74 59 48 46 45 35 37 26 19 26 46 69 86 102 114 119 120 119 116 103 79 50 30 18 21 39 54 61 59 59 66 81 94 103 110 114 111 109 109 110 111 111 109 109 108 106 104 104 104 104 105 106 107 107 107 107 108 111 116 121 124 127 130 132 131 129 125 120 115 110 104 99 96 95 97 101 106
83 85 88 91 94 97 100 102 103 104 104 104 105 105 105 105 103 102 101 100 99 99 100 99 99 99 98 98 98 99 100 100 100 100 100 100 100 101 102 101 99 94 84 71 56 46 47 42 35 37 23 20 33 57 77 95 112 121 124 124 126 127 118 95 64 39 21 17 30 48 59 59 57 62 78 92 100 105 108 108 108 108 110 112 112 111 112 111 110 109 108 108 108 108 108 109 108 108 109 110 113 117 122 124 127 129 130 128 126 123 118 113 109 103 98 95 93 95 100 105
83 85 88 92 94 97 100 101 103 105 106 106 106 106 105 105 104 103 102 101 101 101 102 102 102 102 101 101 100 101 101 102 102 102 102 102 103 103 104 102 98 93 82 69 54 46 48 38 36 34 20 23 43 67 85 105 122 126 125 125 129 133 129 111 80 50 27 17 22 43 57 60 56 59 76 90 97 101 104 105 106 106 108 111 111 111 113 113 112 113 113 113 112 111 110 110 109 110 110 111 114 118 122 124 126 127 128 126 123 119 116 112 108 104 98 94 91 93 99 105
82 84 87 91 94 96 99 100 103 105 106 107 106 106 106 105 104 104 103 103 103 102 103 104 104 104 103 103 103 103 104 104 104 104 104 104 105 104 104 102 98 92 81 68 53 48 46 35 38 28 20 32 53 75 93 114 128 128 126 127 131 135 135 122 97 65 38 20 18 35 51 59 55 60 77 91 96 99 102 103 104 105 107 108 109 110 113 114 113 114 116 116 114 112 112 112 111 111 111 111 114 118 121 123 124 125 125 123 120 117 116 113 110 104 98 92 90 92 98 105
81 82 85 89 92 95 97 99 102 105 106 107 107 107 106 106 106 105 105 104 103 104 105 105 106 105 105 105 105 106 106 107 107 107 107 106 105 103 102 100 97 91 81 67 53 49 41 35 38 23 26 44 63 84 104 121 129 129 127 128 131 135 139 130 109 81 51 27 17 24 43 57 56 61 81 91 95 97 99 100 102 102 103 104 106 109 111 114 115 116 118 118 116 114 115 114 114 113 113 113 115 118 120 122 122 123 123 121 119 119 118 116 112 105 98 92 89 90 96 105
79 81 84 88 92 94 96 98 102 105 106 107 108 108 108 107 107 107 106 106 105 106 106 107 107 107 106 106 107 108 108 108 109 109 108 107 105 103 101 98 95 90 80 67 55 48 37 37 31 24 35 54 73 94 111 124 130 129 128 128 130 135 140 132 116 96 68 41 21 17 32 50 55 62 80 90 92 94 95 96 98 99 100 102 105 107 110 113 116 117 119 119 118 117 117 117 117 116 114 115 118 120 121 121 120 121 122 121 120 120 119 117 114 107 99 93 88 88 94 104
77 79 82 87 91 94 96 99 102 105 106 107 109 109 109 108 108 107 107 107 107 107 108 108 108 109 109 108 109 109 110 109 110 109 108 107 104 102 100 97 92 86 77 66 54 42 37 33 22 29 45 65 86 102 114 124 129 129 129 128 130 135 137 130 119 105 84 56 31 18 23 40 52 65 78 86 88 89 90 91 93 95 98 100 103 106 108 112 115 118 119 119 119 118 118 119 120 118 116 118 120 123 122 120 119 119 121 121 120 119 119 119 117 110 100 90 83 84 93 104
74 76 80 85 90 93 96 100 104 106 107 109 109 110 109 109 110 109 109 109 108 109 109 110 110 111 111 110 110 111 110 109 108 108 106 104 101 99 96 93 87 81 74 63 49 39 35 23 23 37 56 79 97 107 115 124 130 131 130 130 133 136 134 126 118 108 95 72 47 25 21 29 45 64 77 83 84 85 85 85 87 91 95 98 100 102 106 111 115 117 118 118 118 119 119 120 121 120 118 119 121 122 121 119 119 119 119 119 119 120 121 122 119 110 97 83 76 82 95 109
72 74 78 83 87 92 96 101 104 106 108 110 112 112 111 111 111 111 111 111 110 110 110 109 110 111 111 111 111 110 109 107 106 104 103 100 97 94 92 87 81 78 71 57 44 36 24 21 31 46 69 89 101 109 116 125 132 132 131 132 137 141 135 123 116 110 104 90 66 39 22 21 32 53 74 81 80 78 79 79 81 86 90 93 95 97 101 107 111 114 116 117 118 119 119 120 122 121 120 120 121 122 122 122 121 119 118 119 121 123 124 123 118 105 89 76 78 89 99 99
71 71 74 79 84 89 94 98 102 105 109 111 113 113 112 111 111 112 112 112 111 109 108 109 110 111 111 110 110 109 107 106 104 101 99 96 92 88 85 80 77 74 64 49 38 25 18 26 40 59 82 95 103 109 117 125 131 132 131 132 139 144 135 124 116 111 108 100 84 59 33 22 23 35 59 76 82 78 75 74 76 80 84 88 90 93 98 103 106 109 111 114 116 117 118 119 121 122 122 121 122 124 124 123 122 120 121 123 124 123 122 118 107 93 84 82 89 90 84 71
78 75 74 77 80 85 91 96 100 105 109 111 111 112 112 112 112 113 112 112 111 109 109 110 110 110 110 110 109 107 105 103 101 98 95 91 85 82 79 77 74 67 57 43 25 16 22 34 51 73 89 98 103 108 116 124 129 131 131 133 140 145 138 128 118 113 110 105 95 77 52 31 21 25 37 58 77 84 80 74 72 73 77 81 86 90 95 99 101 104 106 110 112 114 116 118 118 120 121 122 123 124 122 121 121 122 124 123 122 121 117 108 101 96 92 91 83 68 53 42
76 80 82 84 85 86 89 94 99 103 107 108 110 110 112 112 111 111 111 111 111 110 110 110 110 110 109 109 108 106 103 101 98 94 89 84 79 78 79 79 76 65 44 25 16 19 32 47 67 83 94 101 105 111 119 125 128 128 129 132 136 139 136 126 117 113 110 107 101 88 69 45 26 21 24 35 54 75 87 90 79 70 71 76 80 86 91 95 98 100 103 107 110 113 115 117 118 120 121 121 122 122 120 120 122 124 124 122 121 117 112 106 103 97 85 70 53 40 30 25
60 67 74 80 85 89 92 95 99 103 104 106 107 108 110 111 110 111 111 112 112 111 111 110 110 110 109 108 108 105 103 99 94 89 85 79 75 78 81 82 73 49 27 16 18 29 43 60 76 87 96 103 107 111 118 125 126 125 126 130 135 141 136 126 119 114 110 107 103 94 81 61 39 24 21 24 32 47 68 87 84 75 71 73 76 82 88 93 96 99 102 106 110 114 115 115 118 119 119 120 122 123 120 120 122 123 121 119 117 111 102 89 73 60 51 38 28 24 27 41
48 53 57 62 66 72 77 83 90 96 100 104 105 106 107 108 108 109 110 110 111 110 110 110 110 108 107 106 104 100 98 95 90 83 77 70 67 69 68 63 45 26 19 21 30 42 56 70 81 90 98 103 108 112 116 123 126 124 125 128 134 142 137 128 120 114 110 106 103 98 90 77 61 41 27 22 24 31 41 53 62 72 78 79 78 83 88 93 95 98 101 105 110 113 114 115 117 118 117 118 120 120 115 116 118 115 109 100 88 74 60 46 35 33 28 25 27 38 56 77
45 46 49 52 56 60 63 67 71 76 82 86 90 91 96 104 103 103 104 105 105 105 104 104 104 102 99 97 95 90 87 81 76 70 65 58 55 55 50 42 29 24 27 36 46 57 66 76 85 93 100 106 113 118 122 126 125 124 124 126 132 138 138 132 123 115 110 106 104 101 94 87 77 63 47 32 27 25 30 34 37 47 57 61 66 76 86 87 88 91 93 96 101 104 103 102 102 105 102 99 96 91 84 85 82 72 64 54 43 34 28 24 23 28 30 40 55 73 89 98
48 47 47 46 48 49 51 54 57 59 62 65 68 69 76 84 85 85 87 87 88 88 87 86 84 82 79 77 74 68 66 64 57 52 47 40 36 37 36 31 31 38 45 53 61 68 73 80 88 95 104 113 122 131 134 130 125 124 125 127 135 142 151 146 133 118 110 106 105 103 97 92 88 82 71 57 45 34 29 27 26 30 37 41 40 46 53 56 58 61 62 63 67 67 64 61 61 65 60 56 53 49 46 45 40 34 29 26 25 26 27 31 40 51 58 74 89 97 103 107
47 46 47 47 48 48 48 48 49 50 50 52 53 54 61 61 62 62 63 62 62 62 61 59 57 56 54 52 47 42 43 42 36 31 29 28 26 26 29 35 45 54 63 69 73 76 77 82 90 99 107 117 130 144 149 138 126 125 126 129 137 153 180 176 150 123 109 105 105 103 99 96 94 93 88 80 71 59 45 35 27 24 24 24 26 29 33 34 35 36 36 36 37 38 37 35 36 36 34 32 31 31 31 27 25 27 29 34 39 48 57 67 76 84 91 100 105 108 110 108
58 54 50 49 48 48 47 47 48 48 48 48 48 48 49 43 44 43 43 43 43 42 41 39 38 37 36 35 33 32 32 31 28 25 24 26 28 31 39 48 59 69 78 80 80 79 79 82 90 101 111 123 138 153 157 146 134 130 127 130 144 169 203 203 174 135 113 106 104 103 100 98 98 99 98 93 87 80 68 54 39 30 24 24 26 29 31 31 31 32 32 32 32 33 33 34 34 32 33 34 37 41 45 44 46 54 61 69 75 83 91 98 103 103 108 112 112 111 109 107
74 71 68 64 61 59 56 54 53 53 53 52 53 52 47 41 41 41 40 40 40 39 39 38 38 37 37 38 39 40 38 35 31 30 32 32 35 40 50 61 72 81 86 85 82 81 80 83 90 100 112 128 144 156 158 152 141 132 125 130 146 178 214 213 186 145 120 109 104 103 101 99 100 102 103 102 98 92 85 73 58 39 29 28 30 35 39 42 43 46 47 49 50 51 53 56 58 55 58 64 69 75 79 80 83 90 96 101 105 109 113 116 116 115 116 114 113 111 108 105
82 81 80 78 76 75 73 71 70 69 68 67 67 64 58 55 54 54 53 52 52 52 52 52 52 52 52 53 54 54 50 46 42 40 39 38 43 51 61 73 82 87 89 87 84 82 81 83 89 98 109 125 141 152 154 150 141 131 123 125 139 175 206 199 176 145 124 111 105 104 102 100 102 104 105 106 105 101 94 84 74 56 41 37 37 41 47 53 58 63 68 72 75 78 81 83 86 85 89 95 99 104 107 108 110 115 118 119 121 122 123 122 120 118 117 115 113 111 107 104
86 87 88 88 89 89 88 88 87 87 86 86 86 84 80 78 77 75 74 74 74 73 72 72 72 71 71 70 69 66 59 53 49 46 43 44 52 60 70 80 86 89 89 87 85 83 82 84 88 94 104 118 130 140 144 142 134 126 122 122 132 156 169 163 156 136 121 111 106 104 103 101 103 105 106 107 108 105 100 90 81 65 53 52 52 53 57 65 72 81 87 92 97 101 102 102 104 107 111 115 118 120 122 123 124 126 126 126 127 127 125 123 121 118 116 114 112 109 106 103
87 90 92 92 94 96 97 99 99 100 100 101 101 100 97 96 94 93 93 95 95 94 92 90 89 86 86 84 80 73 65 58 54 50 46 48 57 65 75 82 87 89 89 87 84 82 81 82 85 90 98 107 116 125 131 132 126 120 119 119 123 128 131 134 134 125 114 107 104 103 101 101 103 105 106 106 107 105 102 94 84 69 62 66 67 64 65 73 83 91 98 103 109 112 112 112 115 118 122 124 125 127 128 129 129 129 128 127 127 126 124 122 119 116 114 112 109 107 103 99
86 90 93 94 97 100 102 103 105 107 108 110 111 110 109 108 106 107 108 108 107 106 103 101 98 95 94 91 84 75 67 62 58 54 51 53 60 66 75 80 84 87 88 86 83 80 78 79 81 85 92 99 106 113 117 118 116 115 115 117 118 118 118 119 119 113 107 103 101 100 98 98 100 102 103 104 104 103 101 95 87 74 72 79 79 77 73 76 85 93 100 107 111 113 113 116 120 121 122 124 127 128 129 130 131 128 125 125 125 124 122 120 116 113 112 109 106 104 101 95
86 90 92 94 98 101 103 105 107 109 111 113 115 114 114 114 113 113 113 111 111 111 108 106 102 100 97 93 85 76 69 65 62 58 55 57 61 65 73 78 80 82 84 83 80 76 74 74 76 80 85 91 97 102 104 106 108 110 110 113 114 114 114 112 109 105 100 97 94 92 91 92 94 96 98 99 98 97 97 93 83 74 78 86 88 85 80 78 84 92 99 106 111 113 115 118 119 119 120 123 125 127 127 128 128 124 122 123 123 121 119 117 114 111 109 107 104 102 98 93
85 88 90 93 96 99 102 103 105 107 108 111 113 113 114 114 112 112 113 112 112 111 109 107 104 100 97 91 83 75 71 68 66 62 61 62 64 66 71 74 75 76 77 76 74 71 69 68 69 72 77 83 88 92 95 98 100 102 103 107 108 108 107 105 102 98 94 90 86 82 81 82 83 86 88 90 90 90 89 86 82 78 85 92 96 94 88 83 84 90 97 104 109 112 115 117 117 117 119 120 122 123 124 124 122 118 119 120 120 118 116 114 111 108 106 104 102 99 96 93
82 85 87 90 93 96 98 100 102 104 106 108 110 111 113 114 112 111 112 112 111 109 107 105 102 99 95 89 82 76 74 73 71 68 68 68 68 66 67 69 69 69 69 67 64 61 60 60 62 65 69 74 80 84 88 90 91 93 96 99 101 100 99 97 94 91 87 81 72 66 65 65 67 71 75 78 79 81 81 81 85 89 96 100 103 104 98 91 87 90 96 102 106 109 111 113 115 117 118 119 119 119 119 117 113 113 116 117 116 115 113 111 108 106 103 102 99 96 94 92
79 82 85 88 90 93 95 97 99 101 103 106 107 108 110 112 111 111 111 110 109 107 105 104 102 99 94 89 82 79 80 78 76 74 74 74 72 70 67 67 64 62 60 55 51 49 48 50 54 58 61 65 70 75 79 81 82 84 86 89 90 91 90 88 87 83 75 65 57 52 48 46 49 53 59 65 70 75 80 86 94 101 108 110 110 112 109 102 95 93 96 100 104 107 110 112 114 116 118 118 117 116 115 112 109 111 114 114 113 112 110 108 104 102 101 99 97 94 92 91
76 79 81 84 87 89 92 95 97 98 100 103 104 105 107 108 109 109 109 108 107 105 103 102 101 98 93 89 84 83 84 83 82 81 81 81 79 76 74 70 65 60 55 49 45 42 41 43 45 50 54 58 62 66 69 71 73 75 76 79 80 80 80 79 78 71 62 57 52 48 41 37 38 43 51 61 70 80 90 101 107 111 117 119 118 119 118 112 104 100 99 100 103 107 109 111 113 115 117 118 116 114 113 112 111 112 111 111 110 109 107 104 101 100 99 97 94 92 89 88
74 76 78 81 83 86 89 92 94 95 98 100 101 102 104 105 106 106 105 103 103 103 102 101 99 97 93 90 88 88 89 89 89 89 89 87 85 82 80 77 71 65 58 51 45 41 39 39 40 43 48 52 55 58 61 63 64 65 66 68 70 70 70 70 70 65 62 60 55 49 46 46 48 52 62 74 83 92 101 112 118 121 125 126 125 127 127 121 113 107 102 102 104 106 108 109 111 114 117 117 115 113 113 112 112 111 110 109 108 106 103 101 100 98 96 94 92 90 87 86
70 72 75 77 79 82 85 88 91 93 95 97 98 99 102 102 102 101 96 94 98 101 102 101 99 97 94 93 93 94 94 94 95 96 95 94 92 89 87 84 79 72 65 56 50 44 41 39 41 44 47 51 55 56 57 58 58 59 60 60 62 65 67 69 69 68 67 66 63 64 65 69 70 74 82 91 98 103 111 120 126 129 132 132 133 135 134 128 119 112 105 104 105 107 108 110 112 114 115 114 113 113 113 112 112 111 110 109 106 103 102 100 98 97 94 92 90 88 86 86
68 70 72 75 77 80 83 85 88 91 92 94 95 96 98 99 99 96 90 88 94 99 101 101 100 98 96 97 98 100 99 100 101 102 101 100 99 96 94 92 88 83 78 71 66 60 55 52 52 52 52 54 58 60 61 61 61 63 64 61 63 67 70 73 74 74 76 78 81 83 84 85 87 92 100 106 110 114 122 129 132 134 136 138 138 139 139 135 127 118 111 108 107 107 109 111 113 112 111 111 112 113 113 112 112 110 108 105 102 101 100 98 96 94 92 91 89 87 87 87
66 67 70 72 74 77 80 82 85 88 90 92 93 94 96 97 96 92 88 90 94 94 96 100 100 99 99 100 102 103 104 105 106 107 107 106 105 103 100 98 95 93 89 85 81 77 71 67 66 65 64 65 67 69 70 71 71 72 73 70 72 75 79 81 83 85 88 92 95 96 96 97 99 103 110 115 118 123 128 134 136 138 140 140 141 143 145 141 134 126 118 113 109 108 110 110 111 110 109 109 110 110 110 110 109 107 105 102 101 99 98 95 93 92 91 90 88 87 86 88
65 66 66 69 71 74 77 80 82 85 87 89 90 93 95 95 94 90 89 92 93 90 94 100 102 103 103 104 105 107 108 109 110 110 110 110 108 106 105 104 101 99 96 94 92 89 84 81 81 80 79 80 82 82 83 85 86 86 88 87 89 91 94 95 96 97 99 103 105 106 106 105 106 110 115 121 124 127 130 132 134 137 140 140 142 147 148 144 139 133 124 116 111 110 110 110 110 109 108 108 108 107 107 107 105 104 102 101 100 98 95 93 91 90 88 85 86 87 87 89
64 64 65 67 68 71 74 76 79 82 83 85 87 90 93 94 94 93 94 96 96 95 98 102 103 105 106 107 108 110 110 111 111 111 112 112 110 109 108 107 106 104 101 100 99 97 94 92 93 93 93 94 95 97 99 101 102 103 106 106 107 107 107 107 107 107 108 110 112 112 113 112 113 116 119 124 127 128 129 130 132 136 138 140 144 148 148 147 143 137 128 120 113 111 110 110 110 109 109 108 107 106 105 104 103 101 101 100 98 95 92 90 88 88 86 84 86 89 89 91
64 64 65 67 68 70 73 75 77 80 81 83 86 89 92 94 95 96 97 99 100 101 102 103 105 106 108 108 109 111 112 112 112 112 113 112 111 110 109 108 108 107 106 105 104 102 101 100 101 102 104 105 107 108 111 113 114 117 119 119 117 115 115 114 114 114 115 116 117 117 118 119 120 121 124 127 126 126 128 129 133 136 139 143 145 146 146 146 143 138 131 123 116 112 111 111 110 110 109 109 108 106 105 104 102 100 99 98 96 91 88 86 83 84 86 86 88 90 92 92
64 64 65 66 67 69 71 73 75 78 80 83 85 88 91 93 95 96 98 99 101 102 102 104 105 106 108 109 110 110 112 112 112 113 113 113 112 112 110 110 110 108 107 107 107 107 107 107 108 110 112 115 118 119 119 121 123 126 126 125 123 121 122 121 120 120 121 121 120 122 124 125 127 127 127 126 124 124 126 129 133 137 141 145 145 144 144 143 141 136 132 125 118 114 112 111 110 109 108 108 107 106 105 103 101 100 98 95 92 88 86 85 84 85 88 89 90 92 93 93
66 65 65 66 66 67 69 71 73 76 79 82 84 86 90 92 95 97 98 100 101 103 104 105 106 106 107 108 108 108 109 110 111 111 112 112 112 112 111 111 110 108 107 109 110 110 110 111 114 117 120 122 124 125 125 125 126 126 127 127 125 124 125 125 123 124 125 123 122 124 127 130 131 129 127 124 123 123 124 129 133 137 140 143 144 143 142 139 136 133 129 124 118 114 112 110 109 108 108 108 107 106 104 102 100 97 94 93 92 88 87 88 88 89 89 90 92 93 93 94
68 67 66 67 67 68 69 71 73 75 78 80 82 85 88 91 93 95 98 99 100 102 104 105 105 106 106 106 107 106 107 107 108 109 110 110 111 111 110 110 110 109 109 110 111 112 113 114 117 119 122 124 126 127 127 126 126 126 125 125 123 123 125 126 125 124 125 125 124 127 129 130 130 128 125 123 122 120 122 129 133 136 139 142 142 140 137 134 130 127 125 122 117 113 111 109 108 108 108 108 108 106 104 102 98 94 93 94 93 90 90 91 90 90 90 91 93 93 93 94
69 68 67 67 68 69 70 71 73 75 77 79 81 84 88 91 93 95 97 99 100 102 104 104 105 105 104 104 104 104 104 105 105 106 107 107 108 109 110 110 110 110 110 110 110 112 114 116 116 118 121 124 127 127 127 126 125 124 123 123 122 122 123 125 125 124 124 124 124 126 128 129 128 125 123 121 117 115 120 128 132 135 138 139 137 135 132 127 123 121 119 118 115 111 109 108 108 108 108 107 107 105 103 101 97 96 97 97 95 93 92 92 91 90 91 92 93 93 94 94
70 69 68 68 69 69 70 71 73 75 76 78 80 83 87 89 92 94 96 98 100 101 102 102 103 103 102 101 101 101 102 102 102 103 105 105 107 107 108 108 109 108 109 109 111 112 114 115 116 118 120 124 127 128 128 127 125 123 122 122 121 121 122 123 125 125 126 125 124 124 125 127 127 123 119 114 110 112 120 127 130 133 135 134 132 129 124 119 116 114 113 112 112 110 108 107 107 107 106 106 106 105 104 102 101 100 100 98 96 95 93 92 92 92 92 93 94 94 95 95
70 69 69 69 69 69 70 71 73 74 76 77 79 82 85 87 90 92 94 97 100 100 99 99 100 100 99 99 98 98 99 100 100 101 103 103 103 103 104 105 106 107 109 110 111 111 112 114 115 116 118 122 125 127 128 127 126 123 121 120 119 119 121 122 124 125 126 126 124 123 124 124 124 122 118 112 109 114 122 125 127 129 130 129 127 122 116 112 111 109 108 109 109 108 107 106 106 106 105 105 106 106 104 103 102 101 100 98 97 95 94 94 93 93 93 94 95 95 96 96
71 70 70 69 69 69 70 71 72 74 75 77 79 82 84 86 89 91 93 96 98 98 97 98 98 97 96 96 95 95 96 97 97 99 100 99 100 100 100 102 104 105 108 109 110 110 111 112 112 113 117 121 124 127 127 127 126 123 122 120 118 119 120 121 122 124 124 123 123 123 123 123 123 120 117 113 113 118 121 121 123 123 124 123 120 115 110 107 106 104 104 105 105 105 105 105 105 105 105 105 105 105 103 102 101 99 99 98 98 97 95 95 94 93 93 94 95 96 96 96
71 71 70 70 69 69 70 71 72 74 75 77 79 82 84 86 89 91 93 94 95 96 96 96 95 94 93 93 92 92 93 93 94 95 96 97 97 98 98 99 101 103 105 107 108 109 110 111 110 112 116 121 124 127 127 126 125 123 122 120 119 119 120 120 121 121 121 120 120 120 122 122 121 118 115 114 115 118 119 119 119 120 119 117 113 109 106 104 101 99 100 101 102 102 103 104 104 104 105 105 104 103 102 101 99 99 99 99 98 96 95 94 94 94 94 94 95 96 96 95
72 72 70 70 70 70 70 71 72 74 76 78 80 82 84 86 89 91 92 93 94 94 94 93 91 91 90 90 89 88 89 89 90 92 93 94 94 94 95 96 98 100 103 105 106 107 109 109 109 112 115 120 123 125 125 124 123 122 121 120 120 120 120 119 119 118 117 117 117 118 120 121 120 119 117 116 116 117 116 115 115 115 114 111 107 104 102 99 96 96 96 97 99 99 101 102 103 104 104 103 102 102 101 100 99 100 100 99 98 96 95 94 94 94 94 95 95 96 96 95
72 72 71 70 70 70 71 71 72 74 76 78 80 82 84 86 89 90 91 92 93 92 92 91 89 88 87 86 85 85 84 84 86 88 89 89 89 91 92 93 96 98 99 101 103 105 106 104 103 104 107 113 118 121 122 122 123 121 120 119 118 117 116 113 112 112 114 115 115 115 118 119 120 119 118 117 116 115 112 110 109 109 107 104 101 99 97 94 92 91 92 93 97 98 99 101 102 103 103 102 102 101 101 100 100 101 100 98 96 95 95 94 94 94 95 95 96 96 96 94
72 72 72 71 70 70 70 71 72 74 76 78 80 82 84 86 89 90 91 92 92 92 91 89 88 86 84 83 82 82 81 80 81 83 84 84 86 88 90 91 93 94 96 98 99 98 98 97 96 95 97 101 106 109 111 114 116 114 111 111 111 109 107 105 104 104 105 105 106 109 114 116 116 116 116 115 113 110 106 104 103 102 100 98 96 94 92 89 87 87 88 91 95 96 98 100 102 103 103 101 100 100 101 100 101 101 99 97 96 95 95 94 94 95 96 96 95 96 95 92
72 72 72 71 71 70 71 71 72 73 76 78 80 82 83 86 88 90 91 92 92 92 89 87 86 84 81 80 79 78 77 77 77 78 79 80 82 85 86 87 89 90 91 92 91 89 89 90 89 89 88 88 88 90 93 96 100 98 98 101 101 98 95 95 93 90 88 89 92 97 102 106 107 108 109 108 106 103 99 97 96 94 92 90 88 86 84 83 82 83 85 88 91 93 95 97 100 102 102 99 97 98 100 101 101 100 99 97 96 95 95 95 95 95 96 96 95 95 94 90
72 72 72 71 71 71 71 71 72 73 75 77 79 81 83 85 87 90 91 92 92 91 89 87 85 83 80 78 76 75 75 75 73 73 73 73 76 79 80 81 82 83 82 81 81 79 81 82 80 78 76 74 73 75 77 81 84 85 86 87 85 81 78 79 76 72 72 74 77 80 83 87 90 93 95 94 93 91 89 87 87 86 84 82 80 78 77 78 80 81 84 86 89 91 94 96 99 101 101 97 97 99 101 101 100 100 98 97 95 95 95 95 95 95 96 95 95 94 92 86
71 72 72 72 72 71 71 72 72 73 74 76 78 81 83 85 87 89 91 91 91 89 87 86 84 82 79 76 74 73 72 71 68 67 65 64 66 70 70 70 71 71 70 69 70 68 69 69 66 63 61 61 61 64 65 67 69 72 72 73 71 67 65 65 63 62 62 62 62 63 64 66 69 72 74 75 75 75 75 74 75 76 74 71 70 68 69 72 76 79 83 85 88 90 94 96 99 101 100 99 100 101 101 101 101 100 98 96 95 95 94 95 94 94 95 94 94 92 89 79
70 71 72 72 72 72 72 72 72 73 74 76 78 81 83 84 86 88 90 90 90 88 86 84 82 80 77 74 72 71 69 66 63 60 57 55 56 58 58 58 58 58 57 55 55 52 53 52 50 48 49 50 52 53 54 55 58 59 60 60 58 56 55 53 52 52 52 51 51 50 50 50 51 52 53 54 55 57 58 58 60 62 59 57 57 58 61 65 70 77 82 85 87 91 94 97 99 100 100 101 101 102 102 101 100 99 97 95 95 94 95 94 94 94 95 94 93 90 85 71
68 70 71 71 71 71 72 72 72 73 74 76 77 80 82 84 86 88 89 89 89 88 86 84 81 78 76 73 70 67 64 61 57 53 48 44 43 44 44 43 43 41 39 37 36 35 38 38 38 39 41 43 45 46 46 47 49 49 50 50 49 47 45 43 42 42 42 41 40 39 38 37 37 38 38 38 39 41 43 43 44 45 44 44 48 52 56 62 68 75 81 85 88 91 96 98 100 101 101 102 102 102 102 100 99 97 95 94 94 94 94 94 94 94 94 93 91 88 79 60
66 68 69 70 71 71 71 72 72 72 74 75 76 79 81 83 85 87 88 89 90 89 87 84 81 77 75 72 68 65 61 58 54 49 44 38 33 31 30 30 29 27 25 24 24 25 29 31 32 34 36 38 41 42 41 41 42 42 42 42 41 40 37 37 37 36 36 35 34 32 30 30 31 32 32 32 34 37 38 38 37 39 43 48 54 59 62 65 70 76 82 87 90 94 98 100 101 102 103 102 102 102 101 99 97 96 94 94 94 94 94 93 93 93 93 91 89 84 68 50
64 66 68 69 70 70 71 71 71 72 73 74 76 78 80 82 84 86 88 89 90 89 88 85 82 79 76 73 69 66 62 59 56 53 49 44 35 31 30 28 27 25 24 23 23 24 27 28 28 31 34 37 39 40 41 41 41 41 40 39 39 38 37 39 39 39 39 39 39 37 35 37 42 44 44 43 44 47 48 48 48 51 58 63 66 69 69 71 74 78 84 89 93 96 99 100 102 103 103 103 103 102 100 98 96 95 94 93 93 93 93 93 92 92 91 88 86 76 56 44
61 64 65 67 68 69 70 70 70 71 73 74 75 77 79 81 83 86 87 89 90 90 89 87 84 81 78 75 72 70 66 64 64 64 63 61 53 50 48 45 42 40 38 37 36 36 36 35 33 35 39 43 44 45 47 47 47 48 47 46 47 45 46 47 49 51 52 52 52 50 50 54 59 61 60 59 60 63 65 67 69 71 76 78 78 77 76 77 78 81 86 90 94 96 98 100 102 104 105 104 104 102 100 97 95 94 93 92 92 92 92 92 91 90 88 86 81 66 47 42
57 61 63 65 66 68 69 69 69 70 71 72 74 76 78 80 83 85 86 88 89 90 89 88 85 83 80 78 75 73 71 70 71 74 76 77 74 69 67 64 61 59 56 55 54 54 52 51 49 50 54 57 57 57 60 60 60 62 63 63 62 59 60 63 65 66 66 67 67 66 67 70 72 72 72 72 73 75 77 80 85 86 88 87 85 83 82 83 83 85 88 91 94 97 99 101 104 105 105 105 103 101 98 96 94 92 92 92 92 91 91 90 89 88 86 84 74 53 43 41
51 57 60 62 64 66 67 67 68 68 70 71 72 75 77 79 82 84 85 87 89 89 89 88 87 85 83 81 79 77 76 75 76 78 81 85 85 82 78 74 72 70 69 67 64 64 64 63 62 65 68 71 72 71 73 74 75 76 77 78 77 73 74 76 77 77 78 81 78 77 78 79 80 79 79 80 80 81 84 88 92 93 93 90 89 89 89 89 90 92 92 93 95 98 101 103 104 105 104 103 101 99 98 95 93 92 91 91 91 90 89 89 88 86 85 79 62 45 41 40
44 53 58 60 62 64 65 65 66 67 68 70 71 73 75 78 80 82 84 86 88 89 89 89 88 86 85 83 82 81 81 80 81 81 83 86 88 87 84 79 76 75 75 73 70 70 70 71 72 74 77 79 82 82 82 83 83 84 84 86 85 83 84 85 86 86 86 87 85 85 85 85 84 83 84 84 84 84 88 92 96 97 96 95 95 94 95 94 96 96 96 95 96 99 102 103 104 103 103 102 100 98 97 94 92 91 91 91 90 89 88 87 86 84 82 70 50 42 39 37
37 46 54 58 60 61 62 63 64 65 67 68 70 71 73 76 78 80 83 85 87 88 89 90 89 87 86 85 85 84 84 83 83 83 84 84 86 87 85 81 78 77 77 76 73 73 74 76 78 81 82 83 86 87 87 88 88 88 87 88 88 87 86 88 90 91 90 91 92 89 87 87 86 86 87 86 85 87 90 93 95 96 96 97 97 98 98 98 98 98 97 96 97 99 101 102 102 102 101 101 99 97 95 93 92 91 90 90 89 87 86 85 84 82 76 57 43 41 38 34
30 37 47 53 57 60 61 61 63 64 66 67 68 69 71 74 76 79 81 83 85 87 88 89 89 88 87 86 86 86 85 85 85 84 83 82 83 84 83 81 78 76 77 76 75 75 76 78 80 83 84 85 88 89 89 90 90 91 90 88 89 89 90 92 94 93 92 94 94 89 87 87 88 88 87 86 86 87 88 90 93 95 97 98 100 100 100 99 98 98 98 98 98 100 102 102 101 101 100 99 98 95 93 92 91 90 89 88 87 86 86 84 83 79 65 46 41 39 36 30
26 31 40 48 54 57 59 60 61 62 63 65 66 68 70 72 74 77 79 81 83 85 87 88 89 89 89 88 88 87 87 87 86 85 84 82 81 81 80 78 75 73 74 76 75 74 76 78 79 81 84 87 89 90 92 92 92 92 91 90 90 91 92 94 95 93 92 93 92 89 87 87 88 86 85 85 85 85 86 89 92 95 98 100 101 102 101 100 99 99 100 101 101 102 102 102 101 100 99 97 95 93 92 91 90 89 88 87 87 86 85 81 79 70 53 42 40 37 32 22
21 25 32 40 49 54 57 58 59 60 62 63 64 66 68 70 71 74 76 79 81 84 86 87 88 89 89 89 89 90 89 89 87 86 85 83 80 79 77 76 73 72 72 73 72 73 76 78 78 79 81 84 86 87 89 90 90 89 88 87 87 88 88 90 91 89 90 90 89 87 84 83 84 82 82 82 82 84 87 90 93 96 98 100 101 102 103 103 102 102 102 103 103 102 101 101 100 98 97 96 94 93 92 90 89 88 87 86 85 84 82 78 71 58 45 40 38 33 24 13
18 21 27 33 43 50 54 56 57 59 60 62 63 65 67 69 70 72 74 77 79 82 84 85 87 88 88 89 89 89 90 90 89 87 86 84 81 78 76 74 71 70 70 70 69 70 72 75 76 77 80 82 83 84 85 86 86 86 84 82 82 82 82 83 84 84 85 84 82 81 78 77 77 78 79 80 81 84 87 90 93 96 98 100 101 102 103 104 104 103 103 104 103 102 101 100 99 98 97 95 94 92 90 89 88 86 85 84 82 81 79 73 59 47 40 38 34 27 16 8
16 17 22 27 34 43 50 54 56 57 58 60 61 63 65 66 68 70 72 75 77 80 82 83 84 86 87 87 88 88 89 90 90 89 87 85 82 79 77 74 71 69 68 67 66 66 67 69 71 72 75 78 79 79 80 81 80 79 77 76 76 76 76 76 76 77 78 76 75 74 73 72 74 75 77 79 81 84 87 90 93 96 98 99 100 101 102 103 104 104 104 104 104 103 102 101 99 98 97 95 93 91 89 87 86 85 83 83 81 79 75 61 47 41 38 36 30 19 9 7
16 16 20 24 29 35 44 51 53 55 57 58 59 61 63 65 67 69 71 73 76 79 80 81 82 84 85 86 86 87 88 89 90 89 88 87 84 81 78 75 73 70 68 66 64 64 63 64 64 65 67 70 71 72 72 73 72 71 70 70 70 69 68 68 69 68 69 69 68 69 69 70 72 74 76 80 83 86 88 91 94 96 98 99 100 101 101 103 104 104 104 105 104 103 102 101 99 98 96 94 92 90 87 85 84 83 82 81 79 76 65 50 42 39 36 32 22 10 7 9
15 15 18 23 27 30 37 45 50 53 55 57 58 59 61 63 66 68 70 72 75 78 79 81 82 83 84 84 85 86 87 88 90 90 89 89 86 82 80 77 74 71 69 67 65 64 61 61 61 61 62 64 64 65 65 65 65 64 64 64 63 63 63 62 63 63 63 64 65 67 69 71 73 76 79 82 85 88 90 92 94 97 99 100 100 101 101 102 104 104 104 104 105 104 102 100 98 97 95 92 90 88 86 84 83 82 81 79 76 68 54 44 39 36 32 25 13 6 8 11
13 14 17 21 25 27 32 40 47 51 54 55 57 58 60 62 65 67 69 72 75 77 79 81 82 82 83 83 83 84 85 87 89 89 90 89 87 84 81 79 76 74 71 69 68 66 62 61 60 60 61 62 63 63 63 63 62 62 63 64 63 62 62 62 62 62 63 64 66 69 72 74 77 80 83 85 88 91 93 95 96 98 99 101 101 101 102 102 103 104 103 103 103 102 101 99 97 95 93 90 88 86 84 83 82 81 79 75 67 53 43 40 37 33 27 15 7 7 10 10
12 13 15 19 23 26 29 35 42 48 51 53 55 57 58 61 63 66 68 70 73 76 78 80 81 82 82 82 82 83 84 86 87 88 89 89 87 85 83 82 79 77 74 72 71 69 66 64 63 63 63 64 64 64 65 65 64 64 65 67 65 65 66 64 64 64 65 67 70 73 76 78 81 84 87 90 93 96 98 99 99 100 101 101 101 101 101 102 102 102 102 102 102 101 99 97 95 94 91 89 86 85 83 81 79 78 75 67 54 43 39 37 32 24 14 7 6 9 10 8
12 13 14 16 21 25 27 29 36 43 48 51 53 55 56 58 61 64 66 68 71 73 76 78 80 81 81 81 81 82 82 84 85 86 87 88 87 86 85 84 82 81 79 76 75 73 70 68 67 67 67 67 67 67 68 68 68 68 69 69 68 68 68 68 69 69 71 73 75 78 82 84 87 90 92 94 97 100 101 102 102 102 102 102 102 102 102 102 102 102 102 101 100 98 97 95 93 92 90 87 85 83 81 78 77 74 67 56 45 39 37 32 25 14 7 6 7 10 10 7
13 12 12 14 19 24 26 28 32 38 44 48 51 53 55 56 59 61 64 66 69 71 73 76 78 79 80 80 80 81 81 81 82 84 85 86 88 87 87 86 85 84 82 80 79 77 75 73 72 72 71 71 71 72 73 73 73 74 74 73 74 74 75 75 76 76 78 81 83 87 90 92 94 96 97 98 100 102 102 103 104 104 103 102 102 102 102 102 103 103 102 101 99 96 95 92 90 89 87 85 82 79 77 76 73 67 56 45 40 36 34 27 15 8 8 7 6 10 9 7
14 13 12 13 16 21 25 27 30 34 40 45 48 51 53 55 56 59 62 64 67 69 72 74 76 77 78 78 78 79 79 79 80 82 83 86 88 88 89 89 88 88 87 86 84 82 80 79 78 77 77 77 77 78 80 80 81 82 82 81 81 82 83 83 84 86 88 92 95 97 99 100 101 102 103 102 103 104 104 105 105 104 103 102 101 101 101 102 103 103 102 101 99 96 94 91 89 87 84 82 79 76 74 73 66 57 46 40 36 32 28 17 9 7 7 6 9 11 8 7
15 14 13 13 15 19 24 27 29 33 38 42 45 48 51 53 54 56 58 61 65 67 69 72 74 75 76 77 77 76 76 77 78 79 81 84 86 88 89 91 91 91 91 91 90 89 88 87 86 85 85 85 85 86 87 89 90 92 93 91 91 91 92 92 94 96 99 102 104 105 107 107 108 108 107 106 106 106 106 106 105 104 103 102 101 100 101 102 102 102 102 100 98 95 92 89 87 84 81 79 76 73 71 66 57 46 39 37 32 27 19 10 6 7 6 7 11 10 7 8
16 15 14 14 15 17 22 25 28 32 36 40 43 46 48 50 52 54 56 59 62 65 67 70 72 74 75 75 76 75 75 75 75 76 78 81 85 87 89 91 92 93 94 95 95 94 94 94 94 94 94 95 96 96 98 100 101 102 102 102 103 104 105 104 106 108 109 110 111 112 113 114 113 112 110 110 109 108 107 107 105 104 103 102 101 101 101 102 102 101 99 97 95 91 88 85 83 80 78 76 73 70 65 56 45 39 36 33 26 18 11 7 7 7 7 9 11 9 7 8
17 16 15 15 16 17 20 23 27 31 35 39 42 44 45 48 50 52 53 56 59 62 64 67 70 72 74 75 75 74 74 74 74 75 76 79 83 86 88 91 93 94 96 97 98 98 99 99 100 101 102 103 105 106 107 109 110 111 111 109 111 113 114 114 115 117 117 118 118 119 119 119 117 116 114 113 112 110 109 108 106 104 103 103 101 101 102 102 102 100 98 95 92 88 85 82 80 77 75 72 69 64 57 47 39 36 32 27 18 11 8 8 7 7 7 10 10 7 7 9
17 17 16 16 17 18 20 21 25 29 34 38 42 44 44 46 48 49 51 53 55 58 61 64 66 69 71 73 74 74 74 73 73 74 75 77 80 84 87 91 93 95 97 99 100 100 101 102 103 105 108 110 112 113 114 115 115 114 112 110 111 112 113 114 118 121 121 121 122 123 124 123 121 119 118 116 114 112 111 109 107 105 104 103 102 101 101 101 100 98 95 92 89 85 82 79 76 74 71 67 63 57 48 39 35 33 26 18 11 9 8 8 7 7 8 11 8 6 7 10
17 17 17 17 17 18 20 21 24 28 33 37 41 44 44 44 45 47 49 51 53 55 57 60 63 66 68 70 72 73 74 73 73 74 74 76 79 82 86 90 93 95 97 100 102 102 104 105 106 108 111 112 114 116 118 119 118 117 115 113 111 112 113 114 118 120 120 121 122 124 123 123 122 121 119 117 115 112 111 109 107 105 104 103 102 101 100 99 97 95 92 89 86 82 78 75 72 69 66 63 57 49 39 34 32 27 19 11 9 9 8 7 7 7 9 10 7 6 9 11
17 17 17 17 18 19 21 22 24 26 31 35 40 43 45 45 44 45 47 48 50 52 54 57 60 63 66 68 70 72 73 73 73 73 74 75 77 80 84 89 92 94 97 100 102 103 105 106 108 110 112 115 116 117 118 118 118 118 116 114 112 112 114 115 116 117 118 121 123 122 120 120 121 120 118 116 115 112 110 108 107 105 104 102 101 100 98 96 93 90 88 85 82 78 74 71 68 65 63 58 49 40 33 32 26 18 11 8 8 9 8 7 6 7 10 8 7 8 10 10
17 17 17 18 18 19 21 23 25 26 29 33 38 42 45 46 45 45 45 47 48 50 52 55 58 61 63 66 68 70 72 72 73 73 73 74 76 79 83 87 90 92 96 98 101 102 104 106 107 110 112 115 116 117 117 116 116 115 113 112 111 111 112 111 112 115 119 121 121 119 118 119 119 117 116 114 113 111 109 107 106 104 102 100 99 98 96 93 89 87 84 81 77 73 70 66 65 63 59 51 40 33 28 25 18 11 8 8 9 8 8 7 6 7 10 7 7 9 11 8
17 17 18 18 19 20 22 23 26 27 30 33 37 41 44 47 47 46 45 45 46 48 49 52 55 57 60 63 66 68 70 71 72 72 73 74 76 78 81 85 89 91 94 97 100 101 103 104 106 108 110 113 115 115 114 114 113 112 110 109 109 108 108 109 111 114 117 118 117 117 117 117 117 115 113 112 110 109 107 105 104 102 100 98 97 95 93 90 86 83 79 76 72 68 64 63 62 59 52 43 35 28 22 17 11 9 7 8 8 8 7 6 7 9 9 7 8 11 10 5
17 17 18 18 19 20 21 23 26 28 31 34 38 41 44 46 48 48 48 46 45 46 47 49 51 54 57 60 63 65 68 69 70 71 72 73 75 77 79 83 86 89 92 95 98 100 101 102 103 105 107 110 112 112 111 111 110 108 107 107 106 104 103 105 107 111 113 114 114 114 114 114 114 113 111 109 107 105 104 102 101 100 97 96 94 92 89 86 82 78 74 70 66 63 63 61 58 53 44 35 28 21 14 11 9 9 7 7 8 8 7 6 8 10 8 8 10 11 9 5
16 17 18 19 19 20 22 24 26 28 31 34 39 42 44 46 48 49 50 48 46 45 45 47 48 50 53 56 59 61 64 66 68 70 71 72 73 75 77 80 84 87 90 92 95 97 99 100 101 103 105 107 108 108 108 108 107 106 106 106 104 101 100 101 103 106 109 111 111 110 110 110 110 109 107 105 104 102 100 98 97 96 94 92 89 87 84 81 76 73 69 65 63 63 62 57 52 46 37 29 22 14 9 9 9 8 7 7 8 7 7 8 9 10 7 9 11 10 7 4
16 17 18 19 19 20 22 24 26 29 32 35 39 42 46 47 48 49 50 50 49 48 46 46 46 48 50 53 56 58 61 63 66 68 69 70 72 73 75 78 81 84 87 90 92 94 96 97 99 100 102 103 104 104 104 104 104 104 104 103 101 99 98 99 101 102 105 107 108 107 107 106 106 104 102 100 99 97 95 94 93 92 90 88 85 82 78 75 71 66 63 62 61 61 57 52 46 38 30 22 15 11 8 8 8 7 7 7 7 7 7 9 11 8 8 11 11 8 5 3
16 17 18 19 19 21 22 24 26 29 33 36 40 43 47 49 50 51 51 51 52 51 50 48 46 45 47 49 52 55 58 60 63 65 67 68 70 71 73 76 78 81 84 86 89 91 93 95 96 98 99 100 100 101 101 101 101 101 102 101 99 97 97 98 99 100 101 103 104 103 103 102 101 99 97 96 94 92 90 89 88 86 84 82 79 76 72 68 64 62 61 61 59 57 53 47 40 32 23 16 11 9 8 8 8 8 8 8 7 6 7 11 10 8 9 11 10 6 4 4
16 17 18 19 20 21 23 25 26 29 33 36 41 44 47 50 51 53 53 53 53 53 52 50 48 46 45 45 48 51 54 56 59 62 64 66 67 69 70 72 74 77 79 82 85 87 90 92 93 94 95 96 97 98 98 98 98 98 99 98 96 94 94 95 96 96 97 98 98 98 97 96 95 93 91 89 88 85 84 83 82 80 78 75 72 69 65 61 60 60 60 58 56 53 48 41 34 25 18 13 10 8 8 8 8 8 8 7 7 7 9 11 9 8 11 11 8 5 4 3
16 17 18 20 20 21 23 25 26 29 32 35 40 44 48 50 52 54 55 55 55 55 54 54 52 49 46 44 45 46 49 52 55 58 60 62 64 66 67 69 70 72 75 77 80 83 86 88 89 91 91 92 93 95 95 95 95 95 95 94 92 91 91 92 92 92 93 93 93 92 91 90 89 87 85 83 81 79 77 75 75 73 70 68 65 62 60 59 59 58 56 55 53 50 44 36 27 20 15 12 10 9 8 8 8 8 7 7 6 8 11 8 8 10 12 10 6 4 4 3
16 16 18 19 20 21 22 24 26 29 31 34 39 43 48 51 53 55 56 57 57 57 57 56 55 53 51 48 45 44 45 48 50 52 55 58 60 62 63 65 65 67 70 72 74 77 81 82 84 86 86 88 89 90 90 90 91 90 90 89 88 88 87 87 87 87 87 86 86 85 84 82 81 79 77 75 73 72 69 68 66 65 63 61 59 59 58 57 56 56 55 53 50 46 40 30 22 18 14 12 10 9 8 9 8 8 7 7 7 10 9 7 9 11 11 7 5 5 4 4
16 16 17 19 20 22 23 25 26 29 31 34 39 43 48 51 53 55 56 58 58 59 59 59 58 57 56 53 50 45 43 44 45 47 50 52 55 58 59 61 61 62 65 66 68 71 74 77 79 81 82 83 84 85 86 86 86 85 85 85 84 84 82 82 82 82 81 80 79 78 76 75 73 72 70 68 66 64 62 60 58 58 57 58 57 56 55 55 56 56 54 51 47 43 34 25 19 16 13 12 10 8 8 8 8 8 7 7 8 10 8 8 10 11 10 6 5 5 4 4
16 16 17 18 20 21 23 24 26 29 31 34 37 42 47 51 54 55 56 57 59 59 60 61 61 60 59 58 56 52 47 45 43 43 44 46 50 52 54 55 56 57 59 60 61 63 67 69 71 73 75 76 77 78 79 79 79 79 79 79 79 78 77 77 77 76 75 73 72 70 68 67 66 64 62 61 59 57 55 53 54 55 55 55 54 54 56 58 57 55 52 50 46 37 28 22 18 15 13 13 10 8 8 8 8 7 7 8 9 9 7 9 11 10 8 6 5 5 5 4
16 17 17 17 19 21 23 24 26 28 31 33 37 41 46 50 54 55 57 58 59 60 60 61 62 62 62 62 61 58 54 50 46 44 42 42 44 46 48 49 51 52 53 53 55 56 60 62 63 65 67 69 70 71 71 72 72 72 72 72 72 71 70 71 71 69 68 66 64 62 60 59 59 57 56 55 53 52 50 51 53 54 53 53 55 58 60 59 56 54 52 48 41 33 26 21 19 15 15 13 10 8 8 8 8 7 7 8 9 8 8 10 11 9 7 6 5 5 4 4
17 18 18 18 19 21 23 25 26 29 31 34 37 41 46 50 54 56 57 59 59 60 60 61 62 63 64 64 63 62 60 57 53 49 46 42 41 41 43 44 45 46 47 48 49 50 53 55 56 57 59 61 62 63 64 64 64 64 64 65 64 64 63 63 63 62 59 57 56 54 53 52 52 51 50 50 50 50 50 51 52 54 55 58 60 62 61 58 57 55 51 45 38 31 26 21 19 15 15 13 10 8 8 8 8 7 7 9 9 8 9 11 10 7 6 6 5 4 4 4
17 18 19 19 19 20 22 25 27 29 31 34 37 42 47 51 54 56 58 59 60 60 60 61 62 63 64 65 65 64 63 62 60 58 54 49 45 42 41 41 41 41 42 43 43 45 47 48 49 50 51 53 54 55 55 56 56 56 57 57 57 56 55 56 55 54 52 51 50 49 48 49 49 49 49 50 52 53 55 57 57 60 62 64 65 64 62 60 57 54 48 42 37 29 23 20 18 16 16 13 9 8 8 8 8 7 7 9 8 9 11 11 7 6 6 6 5 4 4 4
18 19 20 20 20 20 22 25 27 29 31 35 38 42 47 51 55 58 60 61 62 61 61 61 62 62 63 65 65 65 65 64 63 62 61 58 54 50 46 44 42 41 40 40 40 40 41 42 43 44 45 46 47 47 48 48 48 48 50 50 50 49 49 49 49 48 47 47 47 47 48 49 50 52 54 56 59 61 63 65 66 67 67 68 68 66 63 59 56 52 47 42 35 27 23 19 17 17 16 12 9 8 8 8 8 7 8 10 9 11 12 9 6 6 6 6 5 4 4 4
18 19 20 21 21 21 23 25 27 29 32 35 38 42 46 51 55 58 61 63 63 64 63 63 63 63 64 64 65 66 66 66 65 64 64 63 61 58 54 52 49 47 44 43 42 41 40 39 40 40 41 41 42 42 42 42 42 43 44 45 45 44 45 45 45 46 46 47 48 49 51 53 55 58 60 63 66 68 70 71 71 71 72 72 69 66 62 58 55 52 48 40 32 25 22 19 17 18 16 11 9 9 8 8 7 8 10 10 10 12 11 8 6 6 6 6 5 4 4 4
19 19 21 22 22 22 23 25 27 30 32 35 38 42 46 50 54 58 60 62 64 65 65 65 65 65 65 65 66 66 67 67 66 66 65 65 64 62 60 58 56 54 51 49 47 46 43 42 41 41 41 40 40 40 40 40 40 40 41 42 42 43 44 44 45 47 48 50 52 54 57 59 62 64 67 70 72 74 76 76 75 75 75 73 68 65 62 59 56 51 46 37 29 25 22 18 19 19 15 11 10 8 8 8 8 10 11 10 12 12 9 7 6 5 5 5 5 4 5 4
21 22 22 23 23 23 24 25 28 30 33 36 38 42 46 50 54 57 60 63 64 65 66 66 66 66 66 67 67 67 67 68 68 68 68 68 67 66 64 63 61 59 57 55 54 52 49 47 45 44 44 43 43 42 42 42 42 42 43 44 45 46 47 47 49 51 53 55 57 60 63 65 68 71 73 75 76 78 79 78 77 76 74 71 67 65 63 59 56 50 43 35 28 25 22 20 21 19 14 11 10 9 9 8 8 11 11 11 12 10 8 7 6 5 5 5 5 4 5 4
22 23 23 23 24 24 24 25 28 31 34 37 39 43 47 51 54 58 61 63 65 66 66 67 66 66 67 67 68 68 68 69 69 69 69 70 69 68 67 66 64 63 61 60 58 57 54 52 51 50 48 48 47 47 46 46 47 47 48 49 50 51 52 53 55 57 59 61 64 66 69 72 74 76 77 78 79 80 81 80 79 77 73 70 68 66 64 59 54 48 40 33 29 25 21 22 22 18 14 11 10 9 9 8 9 12 11 12 12 9 7 6 6 5 5 5 5 4 4 4
