56 58 58 59 60 61 62 63 62 62 63 65 68 69 69 70 72 74 76 78 81 82 84 86 87 87 89 91 93 95 96 95 94 96 95 93 94 95 95 93 93 94 94 92 90 90 89 87 84 84 85 85 85 84 84 84 84 84 84 84 86 86 85 85 85 86 86 86 87 88 89 90 92 94 95 96 97 98 97 97 96 94 93 91 91 90 89 87 85 85 84 82 82 81 80 79 78 77 77 76 75 74 73 71 70 69 68 66 64 62 62 61 61 59 58 56 53 50 48 44
56 58 59 60 61 61 61 62 62 62 64 65 66 68 69 70 71 73 76 77 79 82 84 85 86 88 90 91 93 96 98 98 96 99 99 98 99 98 98 97 97 96 96 94 91 91 90 89 87 87 87 86 86 85 85 85 86 87 86 87 88 87 88 88 88 88 87 88 88 89 89 90 93 95 96 96 97 97 96 95 94 94 93 91 91 90 88 86 85 85 85 82 81 81 81 80 78 77 76 76 75 74 73 71 70 68 68 66 64 63 62 62 61 60 58 57 54 51 48 44
56 58 59 60 61 62 62 62 62 63 63 64 66 67 69 70 71 73 76 78 79 80 84 85 87 90 92 92 93 96 100 101 101 102 102 103 103 103 102 101 101 102 99 97 95 93 92 91 89 89 89 89 88 87 87 87 88 89 90 91 91 89 89 89 89 88 89 90 90 91 92 92 94 95 97 98 97 97 97 96 95 94 93 92 91 89 87 87 85 84 83 82 80 80 80 80 79 77 76 76 76 75 73 71 69 69 68 66 63 63 63 61 60 60 59 57 55 53 51 47
55 56 58 59 61 62 62 61 62 62 63 64 66 67 68 69 71 73 74 78 80 81 84 86 87 89 91 92 95 97 98 99 101 103 103 104 104 105 103 103 104 102 100 99 97 95 94 92 90 90 91 90 90 90 90 90 90 90 90 92 93 92 91 92 89 87 89 90 91 91 92 93 95 96 96 97 98 98 97 98 97 95 95 94 92 90 87 85 84 83 82 81 80 80 79 80 80 79 77 76 75 75 74 72 70 70 68 67 65 63 63 62 62 60 59 58 56 54 51 49
54 55 57 59 60 61 62 63 62 62 62 63 64 65 67 69 71 71 73 76 80 82 83 85 86 88 90 91 94 95 97 98 101 103 102 104 106 107 106 105 103 100 100 100 99 98 96 94 93 93 93 92 92 92 91 92 91 92 92 93 94 93 93 93 91 88 89 90 90 92 93 94 96 97 98 98 99 98 98 98 96 96 96 94 92 91 88 86 85 84 83 81 81 81 80 80 80 80 79 77 76 76 74 72 70 69 68 66 64 63 63 62 63 61 60 58 57 55 52 49
54 55 57 58 59 61 62 63 62 62 62 63 64 65 66 68 71 71 73 76 80 83 84 85 87 88 90 92 94 95 97 99 101 103 104 105 104 103 107 108 105 104 101 100 100 101 100 97 96 96 94 94 93 92 92 92 92 94 96 96 96 95 95 93 92 90 90 90 90 92 94 95 97 98 99 100 100 99 100 99 97 96 96 95 94 93 91 88 86 84 83 81 80 81 81 81 80 80 80 77 75 75 74 72 70 70 69 66 64 63 62 62 62 62 61 59 57 55 53 50
54 56 57 58 58 59 61 62 63 62 63 63 64 65 65 67 70 72 74 76 79 82 83 86 88 90 93 95 94 94 94 97 101 104 105 103 101 102 105 107 106 105 102 102 101 101 100 99 98 96 95 93 92 93 93 93 92 94 96 97 96 96 96 93 91 90 89 89 89 92 93 94 97 98 99 100 100 99 100 99 98 97 96 97 95 93 92 89 87 85 84 83 81 81 82 82 81 81 80 77 75 74 73 72 71 70 70 68 65 63 62 62 61 62 61 60 58 56 54 52
55 56 58 58 58 59 61 62 63 63 64 65 65 65 66 67 69 72 75 77 79 82 85 88 90 91 94 96 97 97 97 99 100 102 104 103 103 103 100 97 99 103 103 102 100 100 101 101 99 97 96 94 93 92 92 92 93 95 96 96 95 94 93 91 89 88 88 87 88 90 91 93 96 98 99 99 100 99 99 100 99 98 96 95 95 94 93 92 90 87 85 84 83 82 83 84 83 82 81 79 77 74 73 72 72 71 70 68 65 64 63 62 61 61 61 59 58 57 55 53
54 55 56 57 58 60 61 62 62 64 64 65 66 66 67 68 68 72 75 78 80 83 85 89 92 92 93 96 98 101 101 99 100 103 107 108 106 106 104 98 93 96 100 101 102 102 102 102 101 100 98 97 95 94 95 95 95 96 96 96 95 95 94 92 90 89 89 88 88 89 90 91 93 97 98 99 99 99 99 99 99 99 99 97 97 96 94 93 91 90 88 86 85 84 84 85 84 83 81 79 77 75 73 72 72 71 70 69 66 63 61 61 61 61 60 60 58 57 55 53
54 54 54 56 58 60 62 62 62 63 64 65 66 67 68 69 69 71 74 78 82 84 86 90 93 93 95 98 99 102 103 99 101 104 105 106 104 103 104 101 99 97 98 100 104 104 104 105 103 102 101 100 99 99 98 97 98 99 100 98 97 95 94 93 90 90 90 89 89 89 89 90 93 95 97 99 100 100 99 99 99 100 100 98 96 95 96 95 94 93 91 90 89 87 86 87 87 84 82 80 77 76 74 72 71 71 71 69 67 64 61 61 61 61 60 60 59 58 56 54
54 55 54 56 58 61 62 62 62 63 64 65 66 67 69 70 71 73 75 80 84 86 89 93 95 96 98 99 98 100 103 103 103 104 104 106 105 101 102 101 99 97 96 99 102 102 105 107 105 103 103 103 101 100 99 98 99 101 101 98 96 95 94 93 90 89 89 88 88 89 91 93 95 96 98 99 100 100 101 100 99 100 101 100 98 97 98 97 96 95 94 92 91 90 89 89 88 87 84 81 79 77 75 74 72 72 71 69 68 65 63 61 61 61 60 59 59 58 56 55
54 55 55 56 58 61 62 62 62 63 64 65 66 68 69 70 72 75 78 82 85 87 90 95 97 99 100 101 102 104 106 108 107 106 104 106 107 105 105 104 100 100 99 100 101 100 103 105 105 103 103 103 103 101 100 99 99 99 99 98 95 95 92 90 89 86 86 86 88 90 92 94 94 97 98 99 99 99 100 100 99 99 100 100 100 99 98 99 98 98 96 95 93 93 93 92 91 89 86 84 81 78 76 75 74 72 72 71 68 66 63 61 61 62 61 60 59 58 56 55
54 56 57 58 58 60 62 62 63 64 64 65 67 68 69 71 73 77 81 84 86 90 94 98 101 102 102 104 105 107 109 109 107 106 104 104 106 106 106 103 101 102 102 104 103 101 101 102 102 102 103 103 102 101 100 98 98 98 97 96 93 90 87 85 84 83 84 86 88 89 90 91 93 96 99 100 99 98 98 98 99 100 99 100 100 99 98 99 99 99 98 98 97 97 97 96 93 90 88 86 83 79 77 76 75 74 72 71 69 67 64 62 61 61 61 60 59 58 57 55
54 57 59 58 59 60 62 63 64 65 65 67 67 68 69 71 75 80 85 89 90 94 99 101 104 106 107 107 107 109 110 109 107 106 106 106 106 105 106 104 103 104 103 104 104 103 102 100 99 99 99 99 99 98 97 95 94 94 93 91 89 87 85 84 84 84 85 86 87 87 88 89 92 96 98 98 97 96 95 96 98 99 98 98 98 99 98 97 98 98 98 99 100 98 97 97 95 90 88 86 84 80 77 75 75 75 73 72 71 69 66 62 61 61 61 60 60 59 58 56
55 57 59 60 61 62 63 64 65 66 66 67 66 68 70 73 76 80 84 91 95 99 101 102 106 108 108 107 107 107 107 106 106 107 107 107 104 103 105 105 103 104 103 103 102 102 103 101 100 99 98 98 99 98 97 95 95 93 91 89 87 85 85 84 83 83 83 83 84 86 87 88 91 94 95 95 94 94 93 92 94 97 96 96 97 98 97 97 96 96 96 98 98 97 96 96 94 91 87 84 83 80 76 72 70 71 72 73 71 70 67 64 62 61 61 60 59 59 58 57
56 58 60 61 61 62 62 64 65 65 65 65 66 69 69 69 72 78 84 90 96 98 100 101 106 106 105 106 107 105 103 102 103 104 107 106 103 103 104 103 102 103 102 102 101 99 100 100 100 99 99 99 99 100 99 95 93 91 88 88 87 86 85 83 81 81 81 82 84 86 87 89 90 92 94 94 93 93 92 90 90 94 96 95 94 95 95 95 95 94 94 96 95 95 93 92 93 90 86 83 82 77 73 68 66 66 66 69 71 70 67 65 62 60 61 60 59 58 57 57
57 58 59 60 62 62 63 64 65 64 63 63 62 64 64 67 71 77 82 87 91 96 98 99 101 100 101 105 106 103 100 99 101 102 104 104 103 103 103 101 100 101 100 99 98 97 97 97 97 97 97 98 98 99 99 96 92 90 89 89 88 87 85 81 79 80 82 84 85 86 86 87 88 89 91 92 92 92 90 89 90 92 94 94 93 93 92 91 90 89 89 92 92 91 88 86 86 85 83 79 77 73 68 63 60 60 61 62 65 67 67 66 63 62 61 60 59 58 58 57
57 58 59 60 62 63 63 62 63 62 60 58 57 57 58 60 64 68 73 79 84 89 92 93 96 97 97 98 100 99 97 98 100 101 101 101 101 102 101 98 98 99 98 97 96 96 95 94 95 96 97 98 99 99 98 96 92 90 89 90 89 87 83 81 80 81 83 83 83 83 84 86 88 89 91 92 91 90 89 90 91 90 89 89 88 87 86 85 83 80 82 85 84 82 80 78 76 75 75 72 70 66 61 59 55 55 57 57 58 61 64 66 64 62 61 60 59 58 58 57
56 56 58 59 59 60 59 60 61 59 57 56 53 51 51 53 57 63 66 71 74 77 82 83 85 89 90 91 92 93 95 97 97 95 94 94 96 96 95 94 95 95 93 94 94 93 93 92 93 94 95 96 97 97 95 93 90 89 88 89 88 86 83 82 82 82 81 80 81 82 84 85 86 87 88 88 88 87 87 86 85 84 82 81 82 80 77 74 72 69 70 74 73 71 68 66 65 65 66 65 63 58 54 55 53 53 55 56 56 56 58 59 60 61 60 59 58 58 57 57
54 55 56 55 55 55 56 58 58 55 54 53 49 47 49 52 54 57 61 64 65 67 68 69 74 77 78 81 82 83 85 86 86 86 86 87 86 86 86 87 87 88 87 87 89 89 90 89 90 91 91 92 94 95 92 90 88 87 87 88 88 87 84 81 82 81 80 80 80 81 82 82 81 81 82 81 80 78 77 75 74 75 74 71 69 69 67 65 63 60 58 60 60 59 56 54 54 56 59 59 59 55 52 52 51 53 54 52 54 54 53 51 53 57 59 60 59 58 57 57
54 54 54 52 51 52 54 53 51 50 49 49 48 47 49 50 49 50 52 53 54 56 55 56 62 64 63 64 65 67 68 70 71 72 73 74 74 74 74 75 75 76 78 78 80 82 86 87 88 89 89 90 91 91 90 88 86 85 85 87 87 86 83 80 80 79 78 78 77 77 77 77 76 75 73 71 69 66 60 57 57 58 58 55 53 54 55 53 52 50 48 47 46 46 46 45 45 45 48 51 53 53 52 50 52 52 53 55 53 50 49 48 50 51 53 56 58 58 57 57
53 53 52 49 48 48 48 49 50 50 48 48 47 47 47 46 47 47 47 48 49 50 49 49 51 52 49 47 48 50 51 53 55 55 56 57 58 59 61 63 62 62 65 67 69 72 77 80 82 85 86 87 89 89 88 86 84 83 83 85 84 81 79 79 78 76 74 73 72 71 71 71 71 68 63 58 54 51 47 44 42 43 42 42 41 41 41 40 39 38 38 38 37 36 36 37 37 39 43 45 47 50 51 49 52 51 50 56 57 54 52 50 48 48 49 52 54 55 57 58
53 51 50 49 47 45 45 47 49 50 52 51 48 49 49 47 46 45 46 46 45 45 45 44 43 41 40 40 41 41 40 43 44 43 43 44 45 47 49 51 51 51 53 55 58 62 67 72 77 80 83 85 87 87 85 83 82 82 82 82 81 79 79 77 75 74 72 70 67 66 66 63 62 59 54 49 44 41 38 35 33 34 35 35 35 33 32 32 32 30 30 31 30 29 28 29 31 35 38 38 42 48 51 50 52 52 51 52 55 58 57 52 46 46 50 52 54 54 55 57
51 49 48 48 46 45 44 46 49 53 55 55 53 50 49 47 45 45 45 42 41 39 37 37 36 35 34 34 34 33 33 35 37 38 38 39 41 42 44 44 44 46 47 48 51 55 58 64 70 73 78 81 84 83 82 81 80 80 80 80 79 77 74 73 71 71 68 65 63 63 61 57 54 51 48 45 40 36 33 31 30 30 30 30 29 29 28 29 29 29 28 27 27 26 26 27 27 30 33 34 37 41 47 50 53 55 55 54 53 54 56 56 50 44 46 51 55 56 56 56
51 49 47 48 48 48 48 51 54 55 56 57 59 58 53 49 48 47 44 42 40 37 35 34 35 35 34 33 33 32 31 32 36 37 38 40 40 40 41 41 41 44 45 46 46 49 53 57 63 68 74 77 79 80 78 78 78 77 77 77 76 74 71 70 70 68 64 60 59 58 56 53 50 47 45 42 38 37 36 34 33 32 30 28 27 28 29 30 30 30 30 29 29 30 32 32 31 32 34 34 36 39 44 47 49 52 55 56 58 57 55 56 56 51 47 47 52 56 58 58
52 50 48 48 50 51 51 52 55 57 60 62 63 62 58 54 51 50 48 46 44 43 42 41 38 39 38 37 36 35 34 34 37 37 37 39 39 39 40 40 41 43 43 45 47 48 50 55 60 64 69 72 75 77 76 75 75 75 74 73 72 70 69 68 67 66 63 59 57 56 53 51 48 44 41 39 37 37 36 36 35 34 34 34 35 36 36 36 37 38 38 36 37 39 41 43 42 41 40 41 42 44 48 51 52 55 57 55 56 61 63 60 58 54 52 51 50 52 54 57
52 51 51 52 53 55 59 60 61 62 63 67 68 65 62 58 56 56 56 54 54 53 54 51 46 44 44 42 41 39 39 38 38 39 38 38 38 38 40 41 42 43 43 46 47 48 49 52 55 59 63 67 70 73 73 72 72 72 72 71 70 69 68 66 65 64 61 57 55 53 51 49 47 44 41 41 40 39 39 40 39 39 40 41 42 43 45 46 48 50 50 48 50 51 53 55 56 53 52 53 54 54 56 59 59 61 63 64 59 59 62 65 63 58 54 54 55 55 54 54
55 56 56 57 57 60 62 63 62 62 65 66 67 68 67 64 63 64 65 66 69 69 69 66 59 55 54 52 51 49 46 44 43 42 41 41 40 39 40 41 40 41 42 44 44 46 46 48 50 55 60 64 67 68 69 70 71 71 71 70 68 68 68 68 66 65 62 57 54 50 49 48 47 45 43 44 44 43 42 42 44 45 46 47 49 52 54 56 58 60 60 61 64 65 67 69 71 69 67 68 67 65 66 67 65 64 66 68 66 65 65 65 64 63 59 56 57 59 60 59
57 59 59 62 64 63 65 66 67 67 67 67 68 71 73 72 71 73 76 79 81 84 85 82 75 72 69 66 65 63 60 56 53 50 47 45 43 42 42 42 41 41 43 44 45 44 45 48 50 52 56 60 64 67 69 69 70 70 70 69 68 68 69 69 68 66 64 60 55 50 49 49 48 47 46 46 46 46 47 47 49 50 52 54 57 61 64 67 69 71 72 73 76 79 80 82 83 82 80 80 79 77 76 75 73 71 70 68 66 66 69 70 68 65 63 62 60 59 60 60
58 61 62 65 67 68 69 70 71 72 71 71 73 75 77 80 81 83 86 90 93 95 96 94 89 86 82 79 78 76 73 67 64 60 56 53 50 48 46 45 44 43 44 45 45 46 46 47 48 50 53 57 62 66 69 69 69 70 70 70 69 68 69 70 69 68 67 63 57 53 52 51 50 50 50 49 50 51 52 52 53 55 57 61 65 70 74 76 78 79 80 82 84 87 89 91 92 91 89 88 88 87 85 84 82 79 76 74 72 70 69 71 71 69 66 64 64 62 61 60
59 61 63 67 69 71 71 71 73 74 73 73 76 79 80 84 86 88 90 96 101 103 104 102 99 94 91 88 87 85 83 78 74 69 65 61 57 54 51 49 47 46 45 45 45 47 47 48 49 51 54 57 62 66 70 71 70 69 70 69 69 69 70 71 71 71 69 65 60 57 56 54 54 54 52 52 53 53 54 55 57 59 63 67 71 77 82 85 86 84 84 87 89 92 95 97 99 97 95 94 93 91 89 88 87 85 82 81 79 77 76 74 71 69 68 66 65 64 63 61
61 63 66 69 70 72 72 72 73 74 76 78 80 82 83 86 88 90 94 99 104 108 108 105 101 96 94 93 93 91 89 85 81 77 73 68 64 59 56 53 51 49 48 48 48 50 50 51 53 54 56 59 63 67 70 71 70 69 70 70 70 71 72 73 74 73 71 69 65 61 60 58 57 56 55 55 55 55 56 58 61 65 68 72 75 79 84 87 89 88 87 88 90 94 99 101 101 99 98 98 97 94 91 89 87 85 82 80 79 78 77 75 73 72 70 68 67 65 64 62
62 64 67 69 71 72 73 73 74 74 77 79 81 83 84 87 90 92 95 99 105 110 108 103 99 95 94 94 93 93 91 87 84 81 78 74 69 65 61 56 53 51 50 50 51 51 52 54 56 57 59 61 64 68 70 72 73 72 73 75 76 76 76 76 76 75 73 71 68 65 64 62 60 58 57 56 56 57 58 60 64 67 70 73 76 80 84 86 88 88 87 87 89 92 96 99 100 98 97 98 98 96 94 91 88 84 80 78 77 76 75 74 73 71 69 69 68 67 64 62
65 67 67 69 71 73 73 74 74 75 76 78 80 82 84 87 90 91 94 96 100 105 107 102 97 94 92 92 92 92 90 88 85 82 80 77 74 70 65 60 56 54 53 52 52 52 54 56 58 59 62 64 67 71 73 74 76 76 78 81 81 81 81 81 79 78 75 72 70 68 66 64 61 59 57 56 56 57 58 61 64 67 69 72 75 78 82 85 86 86 85 85 88 91 93 95 97 96 94 94 95 95 93 90 86 82 79 77 76 75 74 73 72 71 70 69 69 67 65 62
67 68 69 70 71 72 73 74 74 75 75 77 78 79 83 86 88 89 91 94 96 99 102 99 95 92 90 91 91 90 89 87 84 81 80 78 75 72 68 63 58 55 54 54 53 53 55 57 60 62 65 67 70 73 77 80 81 82 84 86 87 87 86 85 83 81 77 73 70 68 66 64 61 58 57 56 55 56 57 60 63 64 68 71 74 77 81 83 84 84 84 84 85 89 91 92 92 92 92 92 93 93 91 88 83 79 76 75 75 75 74 73 73 72 71 70 69 67 64 62
68 68 70 71 71 71 71 72 73 73 74 76 77 76 79 82 84 86 88 91 95 96 98 97 94 90 88 89 90 88 87 86 83 81 79 78 76 73 69 64 60 57 55 54 53 53 55 57 60 63 67 70 73 75 79 83 87 90 90 91 91 91 90 88 85 81 76 73 70 67 65 62 58 55 55 54 54 55 56 59 62 64 66 68 71 74 77 78 79 79 81 82 83 86 89 89 89 89 88 89 91 89 88 84 80 77 74 73 73 72 72 72 72 71 71 71 70 68 65 62
69 69 70 70 70 69 70 70 70 71 71 72 73 72 72 73 74 75 76 78 81 81 78 80 85 79 77 77 78 78 75 74 74 75 75 76 76 73 69 65 60 57 55 54 53 53 54 57 60 63 66 70 75 78 81 86 92 95 97 97 99 99 97 92 88 84 78 74 71 67 64 60 56 53 52 52 53 53 54 56 59 61 63 65 66 66 65 64 63 61 68 71 71 74 76 78 77 77 76 77 79 80 80 77 73 71 71 70 69 69 69 69 70 70 70 70 68 67 65 61
69 69 68 67 67 67 66 66 65 63 63 64 63 60 57 59 60 60 57 55 54 53 51 52 55 51 48 47 47 50 52 51 51 54 58 64 67 67 65 62 59 57 54 52 52 53 54 56 60 63 66 70 75 80 84 88 94 100 102 102 104 104 100 95 91 87 81 75 70 66 64 60 55 51 51 51 51 53 54 55 58 60 59 57 52 46 42 39 38 38 43 45 46 49 55 61 62 54 57 65 66 63 62 61 58 62 67 63 62 64 64 64 64 65 65 66 66 65 63 58
67 68 67 64 62 61 60 60 59 63 67 67 64 60 60 63 64 63 61 59 60 57 54 50 43 42 41 41 39 39 43 46 46 45 48 52 56 59 59 60 66 64 58 58 56 53 53 56 60 64 67 70 75 81 85 88 95 101 103 101 100 100 99 97 92 85 79 74 70 66 63 59 54 50 49 50 51 52 53 54 55 54 48 41 35 32 32 32 33 35 35 34 35 41 65 62 61 54 54 62 61 50 44 43 42 45 53 49 50 54 59 60 59 61 62 64 63 62 59 57
68 66 63 58 54 57 70 66 79 95 77 74 82 83 77 68 60 57 55 52 48 41 38 36 34 33 32 34 39 40 39 47 46 40 41 45 51 53 55 57 58 61 62 72 62 56 57 59 64 68 69 72 77 83 87 92 98 104 104 102 101 102 102 100 93 86 79 74 71 66 63 60 54 49 49 50 50 50 50 48 44 40 37 38 37 36 35 33 30 28 27 27 27 29 40 49 55 57 50 49 52 57 52 45 42 41 47 53 51 52 54 55 55 58 62 64 62 60 56 54
64 61 61 61 61 63 65 63 78 85 63 69 75 60 45 40 39 42 45 47 40 28 26 26 27 25 24 25 35 39 45 63 58 44 36 38 46 52 54 56 59 69 77 71 69 70 62 60 60 66 69 73 77 84 90 97 104 110 110 104 103 104 103 101 93 84 78 75 73 68 64 59 55 56 52 54 53 52 52 50 46 42 39 36 33 28 26 25 25 24 22 21 21 23 30 39 46 52 57 56 50 50 46 38 40 45 44 48 49 50 52 52 51 52 56 62 64 64 61 58
60 58 61 68 66 64 60 57 59 55 47 43 38 32 33 34 34 36 45 51 43 26 21 19 15 12 11 11 14 22 46 73 73 56 38 33 39 54 62 60 59 63 70 68 75 76 62 61 62 61 68 72 76 83 90 98 108 115 114 107 107 107 105 101 92 83 78 77 76 73 66 58 66 73 58 52 54 54 53 51 43 35 32 37 42 36 26 25 23 22 25 26 26 27 36 50 62 65 57 49 43 38 36 36 38 41 44 47 50 52 52 52 53 53 55 59 60 59 58 58
60 63 69 67 64 61 58 56 54 52 50 46 41 36 36 37 36 39 46 53 53 40 26 16 15 13 12 13 14 23 51 73 73 66 47 32 28 42 59 62 59 58 58 59 62 64 63 71 68 59 64 70 73 78 89 98 108 117 115 110 109 111 107 102 93 84 78 77 78 72 63 57 60 68 65 57 57 56 58 54 41 31 32 42 52 43 26 18 16 13 13 13 13 15 33 54 68 68 52 45 43 39 37 39 39 40 45 50 53 56 56 56 57 60 63 61 59 55 54 54
64 73 67 64 70 68 63 62 60 59 56 53 50 48 46 45 45 49 55 59 62 58 45 26 16 16 15 16 21 31 49 60 65 66 52 37 28 31 50 63 61 59 61 64 67 70 72 74 68 60 61 65 73 82 84 92 103 114 118 113 110 112 108 101 90 78 70 69 74 75 67 63 79 82 64 60 62 61 64 53 37 31 31 38 48 48 37 28 21 17 14 13 15 23 38 54 64 61 58 54 49 45 46 46 47 49 51 53 53 54 54 56 58 61 66 68 67 63 64 65
70 70 65 73 73 69 66 65 64 64 63 63 62 61 58 57 58 63 72 77 73 67 60 45 27 25 26 30 36 41 46 52 62 64 58 50 42 37 47 62 63 60 63 68 72 72 74 75 75 74 71 61 68 86 89 91 86 94 99 93 90 91 88 82 76 81 82 74 81 88 74 62 70 69 62 60 60 62 63 54 46 44 44 50 55 55 48 42 37 35 28 24 28 35 45 55 65 70 71 66 61 60 59 56 56 56 58 59 60 59 58 60 62 63 66 68 67 64 66 68
66 63 69 75 73 71 70 69 68 68 66 64 64 65 65 66 70 75 82 81 77 77 72 64 52 44 45 46 49 51 54 60 67 68 65 59 55 53 51 58 62 63 67 72 76 76 75 73 74 75 73 66 65 75 73 65 64 70 75 74 75 75 74 69 65 65 63 58 55 54 56 69 66 67 67 63 61 60 62 60 55 54 56 60 62 62 57 48 42 43 42 39 39 43 55 66 73 78 76 72 70 68 66 64 63 63 63 64 64 64 65 66 66 67 68 69 68 65 65 64
59 54 68 69 70 72 72 73 72 70 67 64 62 62 64 66 70 73 75 77 78 77 72 67 60 53 53 50 51 53 53 53 55 55 54 55 57 57 53 58 66 70 72 74 76 75 75 67 65 64 62 63 52 61 76 63 52 42 46 51 54 56 55 52 51 48 61 52 60 81 81 69 67 71 71 68 65 62 61 59 56 54 54 54 54 53 53 49 46 44 44 43 46 55 64 67 70 73 73 73 71 70 69 67 66 67 68 69 69 69 70 72 71 71 70 70 69 67 66 64
57 51 63 62 64 69 74 75 76 75 73 69 64 61 60 62 64 67 71 74 76 74 67 64 61 57 53 50 50 50 50 50 52 55 57 59 60 60 59 65 71 74 76 77 76 74 73 62 56 55 56 61 45 30 31 32 37 43 45 49 51 53 53 49 45 44 49 39 33 35 59 65 62 69 73 69 68 65 64 62 60 59 58 57 55 53 52 51 49 49 50 50 53 58 63 66 70 73 73 70 71 71 69 68 70 72 73 74 73 73 75 76 75 74 73 71 68 66 64 62
61 51 59 59 60 64 69 73 77 80 79 75 70 66 62 60 60 60 61 60 60 58 56 56 55 51 48 47 47 46 47 50 52 55 58 60 62 63 65 68 72 76 78 78 72 66 64 61 44 41 46 56 47 38 41 42 50 58 64 69 71 73 74 65 55 47 43 43 35 26 51 60 58 68 72 72 72 70 67 65 63 61 59 58 57 55 54 52 49 51 52 51 52 56 60 63 65 69 70 70 71 72 73 74 76 77 77 78 78 77 78 78 76 76 75 72 68 65 63 61
58 53 57 54 56 60 65 72 77 81 81 79 77 73 69 67 64 62 60 59 57 55 55 53 50 49 49 49 50 50 51 53 54 56 59 61 64 66 69 73 77 79 77 73 67 68 64 59 41 35 44 53 47 40 44 50 62 74 80 80 81 82 81 73 64 54 45 56 48 29 54 64 58 64 66 73 75 75 72 69 66 64 61 59 57 55 54 52 52 53 53 52 54 56 59 62 64 67 69 71 74 76 77 78 79 79 80 81 82 82 82 80 78 76 74 71 67 63 61 60
76 63 55 50 53 59 66 72 77 79 82 82 81 79 77 74 72 70 68 66 63 61 60 58 56 56 56 56 56 57 59 59 60 60 62 66 69 71 74 79 83 81 76 73 61 60 54 43 38 37 49 54 40 41 46 59 80 99 104 99 98 98 98 89 76 63 48 63 48 27 53 60 55 70 66 72 80 80 79 75 69 65 63 60 58 56 55 55 55 55 56 56 57 58 60 63 65 68 69 71 75 77 78 79 79 81 83 83 83 84 84 84 80 77 74 70 66 62 59 60
67 66 62 54 52 58 67 74 79 81 83 82 82 81 79 78 76 75 74 71 69 68 66 65 65 66 65 64 63 63 65 65 65 66 67 70 73 77 80 82 83 81 76 69 54 72 69 40 32 37 51 51 37 43 51 72 97 117 119 113 110 111 115 106 92 76 59 61 47 29 51 54 49 53 63 76 83 84 84 81 75 69 66 62 61 59 58 58 57 58 58 58 59 61 63 64 66 69 71 74 77 79 80 81 81 83 85 85 85 85 86 85 81 78 75 70 65 61 60 62
66 73 72 63 57 60 67 76 82 85 85 84 83 83 82 81 78 77 78 78 76 75 73 72 70 70 69 67 66 66 67 69 69 70 72 74 78 82 84 86 86 82 75 68 60 53 48 39 33 40 52 49 37 46 60 83 109 128 128 120 117 119 121 115 105 91 70 57 51 34 39 52 67 64 63 77 86 89 89 87 83 77 72 66 64 63 62 61 60 61 61 61 63 65 67 68 70 71 73 77 79 81 82 84 85 86 86 86 86 87 86 83 80 78 74 70 65 61 62 64
74 79 78 70 64 66 69 75 81 85 86 85 85 85 85 84 82 82 83 82 78 77 77 75 73 72 71 69 68 68 70 73 73 73 76 79 82 84 86 88 88 85 77 70 64 53 47 42 37 49 54 42 40 54 71 94 118 136 135 123 118 118 120 117 112 103 82 63 56 40 38 59 60 55 67 80 90 92 92 92 89 85 80 74 69 66 65 64 63 62 62 63 65 67 69 70 72 73 75 78 80 82 84 85 86 87 86 86 87 87 86 82 79 77 74 68 64 63 65 67
81 86 83 78 71 72 74 77 81 84 88 88 87 87 87 87 87 84 83 83 80 79 79 77 75 74 73 71 70 71 74 75 76 78 80 82 83 84 87 90 89 86 80 70 63 64 57 49 47 61 59 41 48 64 83 103 122 135 133 121 116 116 115 115 113 108 95 75 59 45 37 68 75 70 76 85 93 95 94 94 93 88 84 81 78 73 71 68 66 66 65 65 66 67 69 72 74 76 77 80 82 84 85 86 87 89 88 87 88 87 85 82 81 79 74 69 66 68 71 71
81 91 93 84 77 76 79 82 82 84 87 89 89 88 88 88 87 85 85 85 83 81 79 78 76 74 73 73 74 74 76 77 79 81 84 85 84 84 87 91 91 87 85 73 64 67 64 59 62 72 63 48 61 80 95 108 122 134 136 122 115 117 118 115 114 112 105 89 66 56 41 62 83 86 83 90 96 98 97 97 96 91 87 84 83 80 77 74 71 70 69 68 68 68 70 73 75 76 78 80 83 84 86 86 86 88 88 88 87 86 83 81 81 79 74 71 71 72 73 74
83 94 104 91 84 82 85 87 88 87 88 90 91 90 89 89 88 88 87 87 84 82 81 80 78 75 74 75 76 76 77 79 81 82 84 85 84 84 85 88 91 89 86 78 67 66 67 71 77 77 64 61 76 93 102 110 120 130 132 122 113 117 120 117 114 112 111 103 81 69 54 59 87 93 93 94 96 98 97 95 94 92 89 87 86 85 83 80 78 76 73 72 71 71 73 75 78 78 78 80 82 85 87 87 87 88 89 89 87 86 84 83 82 80 77 76 74 75 74 80
84 90 107 114 97 87 89 92 95 93 91 91 91 91 89 89 89 87 86 86 85 83 83 83 81 78 77 78 79 79 81 82 83 83 83 82 82 83 84 86 89 88 85 81 75 71 75 84 86 72 63 74 90 100 104 111 117 123 128 120 115 119 122 119 114 112 112 111 99 80 65 57 79 98 100 100 100 98 95 91 90 89 89 88 87 87 87 86 84 81 78 76 75 74 75 77 79 80 80 81 83 85 87 88 89 90 90 89 88 88 86 86 85 83 81 79 79 82 85 92
85 88 96 113 118 107 98 99 100 99 96 93 92 91 90 89 89 87 86 87 86 85 84 83 82 81 81 80 81 82 83 84 84 82 81 81 81 82 82 83 84 85 85 84 85 84 88 91 82 66 72 89 101 103 103 108 114 123 128 122 118 122 127 123 115 112 112 113 110 96 75 62 69 93 100 106 107 101 95 91 88 87 87 88 88 88 88 88 87 86 83 81 80 78 78 79 81 82 83 83 85 86 87 87 89 91 91 90 88 88 87 87 85 84 84 85 87 86 93 100
87 89 91 98 108 118 116 111 109 107 103 98 94 92 91 91 92 90 88 88 86 85 85 85 85 86 85 84 84 85 86 85 82 78 76 77 78 80 81 84 86 89 91 92 88 87 93 87 69 67 85 101 106 104 104 107 116 129 132 122 120 124 128 126 119 114 113 112 112 107 90 72 69 82 100 104 100 99 101 98 95 92 90 90 91 90 89 89 89 89 87 85 84 82 82 82 83 84 84 84 85 87 87 88 90 92 92 91 91 91 91 93 93 93 93 89 86 89 98 96
89 91 94 96 100 106 111 114 115 114 112 107 102 99 95 94 94 92 90 89 88 88 89 88 87 87 87 87 85 86 85 82 80 76 76 79 81 83 87 89 91 91 90 89 84 80 74 66 62 77 96 106 107 104 106 111 120 133 137 124 120 125 130 128 122 116 113 111 110 109 100 83 72 73 86 101 103 98 96 95 95 95 95 96 96 96 96 96 96 96 93 91 89 87 87 87 86 85 85 86 87 89 90 90 91 92 92 93 96 95 93 94 95 95 92 91 93 99 94 84
90 93 95 99 102 103 107 107 107 107 108 110 110 107 102 100 100 99 98 97 96 95 96 96 93 92 92 92 89 87 87 87 88 87 84 85 86 86 88 90 90 89 83 77 70 62 59 62 74 91 102 108 108 105 107 111 121 135 140 127 120 126 133 132 123 114 111 111 109 107 104 94 82 76 78 82 90 99 102 100 95 92 91 90 90 89 91 93 95 95 94 94 94 92 92 91 90 88 87 88 91 91 91 92 92 92 90 90 90 91 93 95 97 99 97 95 94 89 80 76
89 93 97 100 102 106 108 108 107 106 104 101 99 100 100 99 98 99 100 100 101 99 98 100 101 98 97 97 94 90 89 90 89 88 87 87 86 83 83 82 79 74 70 67 65 64 69 77 88 99 104 106 107 107 109 114 123 136 139 128 122 127 134 133 124 116 112 109 108 105 102 97 88 83 80 81 84 86 88 90 91 94 94 92 91 91 92 93 95 94 93 94 95 95 93 92 90 88 86 86 88 90 90 91 91 91 92 93 93 94 95 95 97 96 94 89 86 84 80 78
88 93 96 98 101 105 107 108 107 107 105 102 98 96 96 95 94 95 95 95 96 96 96 97 98 95 93 93 91 87 84 85 84 81 81 80 77 77 77 75 73 71 70 71 73 77 83 89 94 101 103 104 106 107 109 115 127 139 139 129 124 129 133 128 121 116 112 109 106 104 100 96 90 84 81 83 85 84 85 85 84 85 83 82 84 88 90 92 94 94 95 98 99 99 99 97 96 95 93 92 92 93 94 94 93 91 90 89 88 88 88 88 88 88 88 87 86 83 80 78
87 92 94 97 99 103 106 108 110 109 107 104 101 100 99 98 97 98 99 99 98 98 98 97 95 94 92 90 86 84 81 79 78 77 78 78 77 77 77 75 74 73 73 76 81 86 89 91 94 99 101 102 104 106 108 114 124 134 138 131 125 128 132 129 120 113 111 110 106 103 98 94 89 85 83 84 83 84 86 85 84 80 78 77 79 82 83 86 89 90 92 94 95 96 95 93 92 91 91 91 90 90 90 88 87 86 86 85 86 88 88 89 88 88 88 87 85 81 79 78
85 90 93 96 99 101 105 108 110 111 111 109 107 107 107 106 105 104 105 105 104 103 103 101 99 98 97 94 90 88 84 82 81 82 82 82 80 78 77 76 74 74 76 79 84 89 90 91 93 97 100 101 102 105 108 113 122 132 136 132 126 124 130 128 118 111 110 109 106 102 96 92 90 87 85 84 82 82 83 85 84 81 80 80 81 83 84 85 86 89 92 92 91 92 93 94 93 92 90 91 91 91 91 91 90 90 89 89 90 91 91 90 88 87 88 87 84 81 79 78
84 88 91 93 97 101 104 106 108 111 113 114 114 114 114 115 114 112 112 113 112 110 109 107 105 105 102 99 96 93 90 88 87 86 84 83 81 79 77 74 72 73 76 80 83 87 88 90 92 95 98 99 100 102 105 110 119 130 133 130 123 121 125 124 115 110 108 107 105 101 96 92 90 88 86 85 82 80 80 83 83 81 81 83 84 86 87 88 89 90 92 92 92 92 95 97 97 97 95 94 94 95 95 96 96 95 94 94 94 94 94 94 91 89 90 88 84 82 80 79
82 86 89 93 97 101 105 107 109 110 112 115 116 119 120 120 121 120 119 118 117 115 115 113 111 111 109 107 104 101 98 95 92 91 87 84 81 77 73 71 70 71 74 78 82 84 86 88 91 94 97 98 98 100 104 107 115 125 129 127 123 122 124 124 118 113 109 107 104 99 95 92 90 88 86 85 82 79 77 78 79 78 79 83 86 88 89 91 93 93 92 93 95 97 98 99 100 98 99 100 100 101 101 101 101 100 98 98 98 97 97 96 93 91 90 87 83 81 79 78
81 84 88 92 97 102 106 108 110 111 112 114 117 121 123 123 124 124 123 122 121 120 118 116 115 114 112 109 107 105 102 99 96 93 89 84 79 73 69 68 68 70 72 76 79 82 85 88 91 93 97 99 98 100 104 106 112 121 126 125 123 122 126 126 119 113 109 105 102 98 94 92 90 88 85 83 81 77 73 72 73 75 77 81 86 90 93 96 96 96 96 96 97 99 101 102 102 101 102 102 103 105 106 105 104 102 101 100 99 99 99 98 96 95 90 86 83 80 78 77
80 83 87 91 95 100 105 107 110 111 112 113 116 119 121 123 124 125 125 124 122 119 117 117 116 114 110 106 105 106 104 102 99 94 89 82 76 71 69 68 69 71 72 73 76 79 84 88 91 92 96 98 97 99 104 108 113 120 124 123 121 121 125 125 118 112 108 103 100 97 92 91 90 88 84 83 80 75 71 69 69 72 76 81 85 90 93 97 99 99 99 99 101 102 103 104 103 104 104 104 105 107 108 108 107 104 101 99 98 99 98 97 96 93 88 84 82 80 76 75
79 81 85 89 92 96 101 105 108 110 111 111 113 116 118 121 122 123 122 121 119 117 116 116 116 114 111 106 104 106 106 104 100 94 87 80 75 73 72 71 72 72 72 73 75 78 84 89 91 92 94 96 96 99 104 109 113 117 125 125 121 121 125 125 119 113 109 103 99 95 88 88 88 85 82 82 78 72 69 67 65 68 73 80 86 89 93 98 99 100 101 101 103 105 106 107 106 106 106 106 107 107 107 107 106 102 100 99 98 97 98 97 94 89 85 82 79 76 73 71
77 78 82 85 88 93 98 102 105 107 109 110 112 114 117 119 121 122 120 118 115 115 114 115 116 114 112 108 105 107 106 103 98 91 83 78 77 78 77 74 73 71 72 74 76 78 84 90 92 92 93 94 94 98 104 109 111 114 122 124 118 119 125 130 122 112 106 102 98 94 88 88 88 84 80 79 75 70 67 66 64 66 70 77 84 89 93 98 100 102 103 103 104 106 107 107 107 107 106 106 106 106 104 102 101 100 99 99 98 97 96 94 91 87 83 80 77 73 70 69
76 77 80 83 86 90 95 99 102 104 107 109 111 113 116 119 120 120 119 115 113 114 114 115 115 113 112 110 107 107 105 100 94 87 81 79 81 83 79 74 72 72 74 77 78 80 84 89 92 92 92 93 93 96 102 108 108 111 124 131 124 120 127 137 131 117 106 101 97 94 90 89 87 84 80 77 73 68 64 65 67 67 71 77 82 87 91 95 98 102 104 105 105 105 106 107 107 106 105 106 105 104 103 101 100 100 98 96 95 94 92 88 85 83 80 77 74 70 68 67
75 77 80 83 87 89 92 96 100 102 105 107 109 111 114 117 118 119 119 117 114 114 114 114 112 110 110 109 106 104 101 97 90 84 82 83 88 88 79 73 73 75 79 82 83 85 86 90 93 93 93 92 91 94 99 104 108 115 133 143 133 124 130 141 137 121 109 102 98 94 90 89 87 83 80 77 73 67 63 67 71 71 73 77 81 85 89 94 96 99 102 104 104 104 105 105 104 104 104 105 104 103 102 101 99 98 96 94 93 92 89 84 81 78 76 73 70 67 65 65
74 77 80 82 85 88 90 93 97 101 103 104 106 109 112 114 115 117 118 117 115 114 112 111 110 108 106 106 104 101 98 92 86 83 84 87 91 89 79 72 74 79 84 87 90 91 90 92 95 95 94 91 89 93 98 104 112 122 145 156 140 125 131 141 137 123 110 102 98 95 92 90 87 82 80 79 76 70 65 68 75 77 78 81 83 85 89 92 95 99 100 101 103 104 103 103 103 104 104 104 103 101 99 98 97 97 95 92 91 90 86 82 78 74 72 69 66 64 63 62
74 76 79 81 83 86 89 91 93 96 99 100 103 106 110 111 113 114 115 115 113 111 110 108 107 105 103 102 101 99 94 89 84 84 87 91 93 88 77 72 76 83 89 92 96 96 95 96 97 96 94 91 89 94 100 108 119 131 154 161 141 124 132 142 139 128 115 104 97 95 92 91 88 84 82 82 81 76 70 69 75 82 86 87 87 86 88 90 93 98 100 100 102 102 102 102 104 105 104 102 101 100 99 98 98 96 92 89 88 86 82 78 75 72 69 66 64 62 61 60
73 75 77 79 82 84 86 88 89 92 95 97 100 103 107 109 110 110 109 109 108 107 107 106 105 103 102 101 99 95 90 86 85 88 91 92 91 83 73 71 78 87 94 98 102 101 99 100 101 98 95 91 89 96 103 113 126 137 149 151 132 120 129 137 136 132 124 110 98 95 92 91 89 87 85 86 86 82 74 70 76 84 89 91 91 89 88 90 92 95 100 102 101 100 101 101 102 102 103 102 101 99 97 97 96 92 89 87 86 83 79 74 71 68 67 64 62 60 60 59
72 74 75 77 80 83 85 86 87 89 91 93 97 100 104 106 107 107 105 104 103 103 104 104 104 102 100 98 95 91 87 85 86 90 93 91 86 77 69 72 80 90 99 104 108 107 104 105 105 101 96 91 90 97 106 116 126 131 132 132 121 114 120 127 128 131 130 119 104 97 94 91 89 89 89 91 92 88 80 74 76 84 90 92 93 92 90 91 92 94 97 100 100 100 100 100 99 100 101 101 100 98 97 96 95 91 87 86 84 81 77 72 68 66 65 62 60 59 58 58
70 73 75 77 79 81 83 85 85 87 90 93 95 98 101 102 103 103 102 100 100 101 101 101 99 98 97 95 91 87 85 84 87 92 92 89 83 75 68 72 81 92 101 107 110 109 107 107 107 101 95 90 89 95 103 109 115 119 118 116 113 110 113 118 119 121 123 117 106 98 94 91 91 92 94 97 98 94 87 78 75 83 89 93 94 94 92 91 92 94 97 99 100 101 101 99 98 100 101 100 98 97 96 94 92 87 84 84 82 79 75 70 67 65 63 61 59 58 58 58
69 72 73 76 78 79 81 82 84 86 89 92 94 96 99 99 99 99 98 98 99 99 100 99 97 95 94 92 89 85 83 85 89 92 92 88 81 74 67 71 81 92 99 104 107 107 105 104 103 96 90 86 84 89 96 100 103 106 105 106 105 104 106 109 111 110 110 104 100 94 91 90 93 98 101 104 104 98 90 78 71 77 85 92 95 95 93 92 91 93 96 99 101 102 101 100 99 100 101 99 96 96 95 92 89 85 84 82 80 78 73 69 67 65 62 59 59 57 58 58
69 71 72 75 77 77 78 79 82 85 88 91 92 94 97 98 98 97 96 97 98 98 98 97 96 95 94 91 88 85 84 86 90 91 92 87 82 75 69 71 79 87 93 97 99 100 97 96 94 88 82 78 78 82 87 90 91 95 97 99 98 97 98 101 102 100 101 95 93 88 85 86 92 99 106 110 108 101 91 78 67 72 79 87 93 94 93 92 91 92 94 97 100 101 102 101 101 101 101 98 96 95 94 91 88 84 83 81 79 77 72 68 66 64 61 59 58 57 58 58
68 70 72 73 75 76 77 78 80 84 87 88 91 93 95 96 97 97 96 97 97 98 97 97 95 94 94 92 89 87 86 86 88 88 88 86 83 79 74 73 78 81 84 87 86 86 85 81 78 74 70 68 69 72 77 79 80 84 88 89 89 89 90 91 90 87 86 84 84 80 78 80 86 95 103 107 105 98 90 74 62 69 76 85 91 94 94 94 92 92 94 96 98 101 102 102 102 101 99 97 96 95 93 90 87 85 83 81 79 76 71 68 65 62 60 59 58 58 59 59
67 69 71 72 74 76 77 78 80 83 85 86 89 92 94 95 96 96 97 97 97 98 97 96 95 94 94 93 91 89 88 87 88 87 86 86 84 83 82 78 77 77 74 73 70 67 63 56 52 51 52 55 59 64 68 70 72 74 76 77 78 79 79 79 78 76 75 74 75 71 68 69 76 85 93 96 96 93 84 66 58 67 75 84 89 93 95 94 92 92 93 96 100 103 104 103 103 101 99 98 98 96 94 91 88 85 82 80 78 74 70 67 64 61 60 58 58 60 60 60
67 69 71 71 73 74 75 77 79 81 83 85 86 88 92 93 95 96 96 96 97 98 97 96 95 94 94 94 92 90 90 90 89 89 89 88 88 88 88 85 81 78 72 62 55 47 39 33 30 31 34 38 45 53 58 60 62 63 64 66 67 68 67 67 68 66 65 63 62 56 50 48 55 65 76 84 87 86 75 61 60 68 76 83 89 93 95 95 94 93 93 97 102 104 104 103 103 101 100 100 98 96 93 91 88 85 82 79 75 71 68 66 63 61 59 58 60 61 60 61
67 68 69 70 71 72 74 76 78 78 80 83 84 86 89 91 93 95 95 96 96 97 97 96 96 96 96 95 94 93 92 91 91 91 92 92 92 93 92 93 92 87 79 68 55 41 29 25 25 26 29 33 38 44 48 51 53 54 54 55 56 56 56 56 57 56 53 50 46 37 31 30 36 46 59 69 75 75 68 61 66 73 79 86 90 94 96 95 94 94 95 98 101 103 103 103 103 103 102 100 98 96 93 89 87 85 82 76 68 66 66 66 63 60 58 59 61 62 62 62
68 68 68 69 69 70 72 74 76 77 78 81 83 85 88 89 90 92 94 95 96 97 98 98 97 98 98 98 98 97 96 95 96 97 97 96 96 95 95 96 98 96 91 83 72 55 41 38 37 38 39 41 44 48 49 49 48 46 45 45 46 46 46 47 50 51 51 48 40 32 27 26 30 38 49 58 65 69 70 69 73 79 83 88 92 95 97 95 95 95 96 98 100 101 102 103 104 103 103 102 99 96 93 90 87 84 81 72 64 62 63 64 61 58 58 60 62 63 64 64
69 68 68 69 69 69 70 72 75 76 78 80 82 83 85 87 88 91 92 94 96 98 99 99 100 101 101 100 99 100 100 101 101 101 101 99 98 97 96 97 98 99 98 93 87 77 65 60 59 60 60 60 62 62 60 56 52 47 43 42 41 40 41 45 51 55 56 55 44 35 31 30 33 41 50 59 68 74 78 80 82 84 88 91 94 98 100 99 97 97 97 98 99 100 101 102 104 103 103 102 98 95 93 91 88 84 78 74 70 65 63 61 59 59 60 63 63 64 65 64
69 69 68 67 69 69 69 70 73 74 76 78 79 80 83 84 85 89 91 93 95 97 99 100 102 103 103 101 102 103 102 102 102 102 101 100 98 97 96 96 98 99 99 98 97 91 86 80 77 77 77 78 80 79 75 68 62 56 52 49 46 45 46 51 57 61 61 60 52 45 43 44 47 54 63 71 79 84 87 89 90 91 94 96 99 101 101 100 99 98 97 97 98 99 100 100 101 102 101 99 96 94 93 91 88 82 75 72 71 66 62 59 59 61 64 65 64 64 64 64
69 69 68 67 68 69 69 70 71 72 73 75 76 77 79 81 83 86 90 92 95 97 98 101 102 103 103 102 103 105 104 103 103 102 102 101 99 98 97 96 96 96 98 100 99 98 96 91 87 87 88 88 89 90 88 81 74 68 64 61 58 58 60 63 69 73 74 70 63 59 57 59 63 69 76 83 88 90 92 94 95 96 99 101 103 104 104 103 102 100 99 99 98 99 99 99 99 99 99 98 96 95 93 91 87 81 76 72 70 66 61 59 61 63 65 65 65 64 63 63
70 70 69 68 68 69 70 70 70 71 72 74 74 74 75 79 83 87 90 93 96 98 99 101 101 103 103 103 104 104 103 103 103 103 103 103 101 101 100 98 97 97 98 98 96 95 94 93 91 92 92 91 93 94 92 90 86 81 77 73 71 73 76 80 84 86 85 81 76 73 71 74 79 83 84 88 92 93 94 98 98 100 103 106 106 106 106 104 104 102 100 99 100 99 99 98 99 99 98 96 96 96 93 90 86 82 80 76 71 66 61 60 63 65 66 66 66 65 63 63
71 71 71 71 70 70 71 71 71 73 73 74 75 75 76 80 85 88 92 95 97 98 99 101 102 103 104 104 105 105 104 104 104 103 103 104 104 104 100 98 97 97 97 97 95 92 89 91 93 94 93 91 96 98 98 97 96 92 87 84 84 88 94 96 96 96 94 90 87 85 84 86 89 88 86 89 91 92 94 98 100 103 106 108 107 107 107 105 104 104 101 100 100 100 100 99 99 99 97 94 94 95 92 89 85 82 79 76 71 65 61 61 63 66 66 65 65 64 63 63
71 71 72 73 73 73 73 72 73 75 76 76 78 78 79 82 87 89 92 94 96 98 98 100 101 102 103 105 105 106 106 105 104 102 101 102 103 102 98 96 94 94 95 96 96 92 87 89 93 95 95 96 99 102 104 104 102 97 92 92 97 102 106 108 106 105 103 98 96 95 92 92 90 85 84 90 90 90 92 97 101 103 106 108 108 107 107 106 106 105 102 101 100 100 101 100 99 97 96 94 94 93 90 87 85 82 79 75 71 65 62 62 64 65 65 64 64 63 62 62
72 73 74 74 74 74 75 75 75 76 77 77 79 80 80 82 86 88 90 92 94 96 97 100 102 103 105 105 104 104 103 103 102 101 100 101 101 100 98 96 94 94 94 94 95 92 88 89 90 95 98 101 104 106 108 109 106 100 95 97 105 109 112 113 113 111 107 102 100 100 98 95 91 84 84 89 90 89 90 96 101 103 106 108 108 107 107 107 107 105 103 101 101 102 102 100 97 95 94 93 93 91 88 86 85 81 77 75 71 66 62 62 64 66 66 63 63 63 62 62
72 74 75 75 75 75 76 76 76 77 77 77 78 79 80 81 83 86 88 90 92 93 95 99 102 104 106 107 105 103 101 99 98 99 100 100 99 98 96 94 95 94 92 90 92 92 93 94 93 97 102 107 107 109 112 112 109 103 99 102 104 106 114 119 117 113 109 104 102 102 99 95 91 89 89 88 89 90 91 94 98 100 104 106 104 106 107 107 106 105 104 103 103 103 102 100 97 94 93 92 91 89 86 85 83 80 76 74 70 65 62 62 64 66 66 62 63 63 62 62
71 73 75 76 76 77 78 78 78 78 78 79 78 78 79 80 82 84 86 88 90 92 94 97 100 102 104 105 103 102 101 98 96 95 96 95 94 94 91 88 87 85 81 82 89 92 95 95 93 98 105 109 108 111 115 116 113 106 103 103 99 101 111 119 119 116 112 107 103 101 98 94 89 89 91 87 85 89 92 92 95 99 102 103 102 103 105 106 105 105 104 104 103 102 102 100 97 94 94 92 90 87 86 84 81 78 76 74 69 65 65 65 65 65 65 63 63 63 63 62
72 72 73 76 78 79 80 81 80 80 79 79 79 78 79 81 82 84 85 87 89 91 93 95 96 99 101 102 101 98 96 93 91 89 89 89 89 89 85 82 81 77 74 79 87 92 90 92 93 99 106 110 110 114 119 119 115 109 105 103 99 102 110 117 117 115 113 108 103 99 96 96 92 89 88 84 81 84 89 89 91 96 99 101 99 96 99 103 104 104 102 102 102 102 102 99 97 95 94 92 89 87 86 84 80 78 77 73 68 67 67 68 67 66 65 65 63 63 62 61
72 73 73 76 78 80 82 82 80 80 80 79 79 79 79 81 82 83 84 86 88 90 92 94 95 97 99 101 98 91 89 86 84 82 84 86 87 87 82 78 79 78 78 83 90 93 90 92 94 100 106 109 111 116 121 118 112 106 103 102 100 102 109 115 117 116 114 109 104 100 97 97 95 94 90 84 84 85 83 84 83 87 95 95 93 95 98 99 102 103 101 101 102 102 100 98 97 96 94 92 89 87 86 83 79 78 76 72 70 69 68 69 69 67 66 66 65 63 62 60
72 73 74 76 78 79 81 83 81 80 80 80 79 80 80 81 81 82 83 84 87 89 91 93 93 96 97 95 90 85 83 82 80 82 85 85 87 87 84 80 81 82 84 90 95 95 93 94 95 100 104 107 112 117 118 117 112 104 101 101 100 101 109 114 116 119 116 108 103 100 99 98 95 94 93 86 87 90 84 79 78 80 89 91 85 88 92 94 95 99 101 103 102 101 99 97 96 96 93 91 89 87 86 82 80 78 75 73 73 72 70 70 69 67 66 65 65 63 61 59
72 74 75 77 77 78 79 80 81 81 80 80 81 80 80 81 81 82 82 83 86 89 92 93 92 94 94 90 84 80 81 79 76 80 84 88 91 90 87 86 86 86 90 95 99 99 96 96 98 102 104 106 111 116 118 119 112 103 99 98 98 100 107 112 115 119 116 107 101 101 102 101 97 95 93 90 89 89 86 75 75 81 82 87 88 86 89 88 86 92 99 101 101 100 99 98 96 95 92 91 90 88 86 83 81 79 76 74 74 74 72 70 70 67 67 66 64 63 61 58
71 73 75 76 77 77 78 78 79 82 81 80 81 80 80 81 81 82 83 83 85 88 91 93 93 93 92 88 84 80 82 80 78 80 85 89 91 91 88 88 87 89 93 96 98 101 100 100 104 105 105 108 111 115 121 121 113 104 99 95 96 99 105 112 117 119 116 107 101 103 103 102 100 98 95 94 93 91 87 77 77 87 85 84 87 84 83 85 87 88 92 96 98 100 99 97 96 94 91 90 90 88 86 83 80 78 76 76 75 75 73 71 70 69 68 67 64 63 60 58
71 72 73 74 75 75 76 78 79 81 82 81 80 80 80 80 80 81 83 85 86 87 88 91 91 92 91 90 87 82 79 79 80 83 88 90 89 89 87 87 88 90 92 96 101 103 103 103 106 106 106 108 109 111 111 111 111 109 104 98 97 101 109 114 114 112 107 104 104 105 105 102 100 100 98 99 98 95 89 83 84 87 87 88 87 81 78 78 83 88 90 93 97 99 98 96 95 92 90 90 89 88 85 83 79 77 76 76 75 75 74 72 70 70 68 67 64 62 60 58
70 71 71 72 74 73 75 78 80 80 80 81 81 79 79 80 79 80 82 85 86 86 87 88 88 89 90 90 87 80 75 77 83 87 90 90 89 87 85 84 85 87 88 92 97 99 100 99 100 99 97 95 92 90 87 90 97 100 101 103 104 106 108 106 99 91 83 88 98 100 101 100 99 101 101 100 99 96 91 89 91 88 88 91 89 83 78 78 80 83 90 94 96 97 97 95 93 90 89 90 89 86 85 82 79 76 75 76 75 74 73 71 70 70 67 65 63 60 58 58
68 70 70 71 73 73 73 77 79 80 79 79 80 79 79 79 79 79 80 83 85 85 85 87 87 88 89 88 85 80 77 80 85 89 89 87 85 82 79 80 81 82 82 86 89 89 88 90 89 85 81 74 68 66 65 70 74 79 86 96 101 101 94 84 76 69 66 69 77 82 86 88 92 97 98 97 95 91 86 85 86 85 87 88 87 84 81 82 83 83 87 92 95 96 95 93 91 89 88 89 88 85 83 80 77 76 76 76 75 74 73 71 70 70 67 64 61 59 57 57
65 69 69 70 72 73 74 75 76 78 79 79 79 80 79 79 80 79 79 81 83 84 84 85 87 87 88 90 87 82 79 80 81 83 81 79 76 73 71 73 75 76 77 79 79 80 78 79 75 68 61 55 50 49 49 52 53 58 66 77 83 82 71 62 57 54 55 58 61 64 65 68 74 81 85 86 86 85 82 79 79 79 81 82 82 82 82 82 84 84 87 92 93 93 94 92 91 89 87 88 88 86 82 79 77 76 76 76 76 74 71 71 69 68 65 63 61 59 57 56
63 66 68 70 71 73 74 75 75 75 77 78 79 80 80 81 81 79 79 81 83 84 84 84 85 86 89 90 86 81 78 78 80 79 75 69 63 60 60 62 65 67 69 68 66 67 65 63 57 50 45 42 40 37 34 35 37 41 47 57 62 60 52 47 45 43 44 46 49 48 48 50 54 58 62 66 70 70 68 65 64 66 69 72 74 78 81 83 83 84 88 92 92 92 92 91 91 90 88 86 86 85 81 78 76 76 76 76 75 73 71 69 67 65 63 61 60 58 57 58
61 64 67 68 70 72 73 73 74 75 75 77 78 80 80 80 80 81 80 82 84 86 87 86 86 86 89 88 83 82 81 82 82 78 71 61 52 44 42 45 47 49 49 46 43 45 44 43 38 36 34 33 30 28 26 25 26 28 34 43 46 44 40 39 38 38 38 39 38 36 36 36 38 40 42 44 47 47 46 43 44 46 51 58 65 72 78 82 83 83 87 91 92 91 90 91 91 89 88 86 85 83 79 77 77 77 77 74 72 71 70 67 65 64 62 60 59 58 56 62
60 62 65 67 68 70 71 71 72 73 74 76 78 79 80 79 80 82 82 82 84 87 87 87 87 87 88 88 86 85 85 85 83 79 71 60 48 38 33 34 33 32 32 30 28 26 26 28 28 28 28 29 29 27 25 24 21 22 28 36 38 36 33 33 34 35 35 35 33 31 29 29 30 31 33 34 34 34 31 28 35 43 48 54 61 69 77 81 81 82 87 89 89 90 90 91 91 88 87 86 84 81 79 77 77 78 76 74 72 71 69 65 63 62 61 59 58 57 59 77
63 60 62 64 66 67 68 70 70 71 74 76 76 78 80 80 81 82 82 81 83 85 86 86 88 88 87 87 88 88 86 84 81 78 73 63 55 51 49 48 44 39 39 39 41 39 37 38 40 41 42 46 47 42 34 29 25 25 30 32 31 30 30 32 38 40 40 37 36 37 37 38 41 45 48 47 46 43 39 38 44 52 56 60 64 70 77 80 81 84 87 88 88 89 90 90 91 88 86 85 83 81 78 77 77 76 75 73 71 70 67 64 62 61 60 58 57 55 68 95
83 60 60 62 64 65 66 68 70 71 73 75 76 77 79 80 81 81 81 82 83 84 85 87 88 88 87 87 87 88 86 84 81 79 75 70 68 68 68 67 64 60 56 53 56 61 62 60 63 67 73 76 75 70 57 47 42 40 40 37 38 42 47 52 58 59 56 53 53 56 57 53 50 54 59 57 54 53 53 59 64 66 67 67 68 72 76 78 82 85 85 86 88 90 89 89 90 87 85 84 82 79 76 76 76 74 73 72 70 69 66 64 62 61 59 58 56 57 84 107
95 65 57 60 62 63 65 67 69 71 72 74 76 77 79 80 81 80 80 81 83 84 85 87 88 88 88 86 85 84 84 82 80 78 75 73 75 77 77 75 73 71 67 64 63 60 60 62 63 70 78 79 78 78 74 69 67 67 66 63 67 73 77 77 75 74 71 70 71 69 63 59 55 56 59 59 58 61 66 73 76 76 75 73 73 74 77 78 81 84 85 86 88 89 88 88 88 86 85 82 80 78 76 76 76 74 72 71 69 67 65 63 61 59 59 58 55 72 99 112
105 89 63 57 59 61 63 65 68 70 72 73 76 78 79 80 80 80 80 82 83 84 85 85 86 88 89 87 85 84 83 81 78 76 74 74 76 78 79 77 75 74 73 71 68 63 61 60 65 71 70 69 77 81 79 78 79 83 83 80 84 86 82 82 80 77 77 73 65 60 58 58 58 58 58 60 63 68 74 78 80 80 78 75 75 76 78 79 80 84 87 88 87 88 88 87 86 85 83 80 77 77 77 75 74 73 73 71 68 66 63 62 60 58 58 55 67 97 114 115
103 105 89 64 58 60 62 64 66 68 71 73 75 77 78 78 79 79 79 81 82 84 84 84 85 87 90 89 88 87 85 82 79 77 76 76 76 76 76 74 74 74 72 69 67 67 67 67 74 75 75 79 86 88 89 89 85 84 85 86 89 88 83 85 84 81 80 75 68 67 67 65 63 62 63 65 67 70 74 78 80 79 78 77 78 78 79 81 82 84 87 87 86 86 85 85 85 82 80 77 75 76 76 75 73 73 72 70 67 65 63 61 59 57 55 60 88 111 121 109
104 101 100 84 62 58 61 63 65 67 69 71 73 75 76 77 78 78 79 80 82 84 85 86 86 88 90 90 89 88 86 84 81 80 79 78 76 75 75 76 75 75 72 69 67 66 67 71 76 76 80 85 89 92 99 99 95 90 88 86 86 86 88 92 89 85 83 78 77 76 73 69 66 66 66 67 69 72 74 76 77 77 77 79 79 80 80 81 82 84 86 85 85 84 84 84 84 81 78 76 75 75 74 74 73 72 71 69 66 64 62 60 58 56 56 78 106 125 112 101
105 77 65 68 62 56 59 61 63 65 68 70 71 73 75 77 78 79 80 80 81 83 85 86 87 89 90 89 88 86 86 86 85 84 83 82 80 78 77 77 76 73 70 68 68 65 64 69 72 74 76 77 80 84 87 88 86 80 79 78 78 81 85 85 81 77 76 75 72 70 69 67 66 67 67 67 71 74 74 74 75 76 77 79 80 80 81 81 81 82 85 85 84 83 83 83 82 79 76 75 74 74 74 74 73 71 70 68 65 63 61 59 57 54 70 101 121 120 101 116
106 82 55 55 57 55 56 58 61 63 65 68 70 72 74 76 78 79 80 80 82 83 84 85 86 87 87 85 85 85 87 88 88 87 87 86 83 81 79 78 76 73 69 66 66 65 65 66 67 66 65 65 67 68 69 69 67 67 68 69 70 72 73 72 70 67 66 65 62 62 63 63 64 66 66 68 71 73 73 73 75 76 77 79 80 81 82 82 81 81 83 84 84 83 82 82 79 76 74 73 73 73 73 73 72 71 69 66 64 62 60 57 55 65 94 118 127 104 108 135
107 92 61 50 52 54 55 56 57 60 63 66 70 72 74 75 77 79 79 81 82 83 83 82 82 81 81 82 83 86 88 87 86 87 88 87 85 84 82 80 78 75 71 67 64 64 65 66 65 63 60 59 59 60 60 59 58 58 59 61 62 62 61 62 61 59 60 60 59 58 60 61 63 65 66 67 68 70 72 73 76 77 77 79 81 82 82 82 82 82 83 83 82 83 82 80 78 75 72 72 73 73 73 73 72 70 67 65 63 61 57 55 65 90 116 132 111 102 129 143
106 93 62 49 50 52 55 56 57 58 61 64 68 71 74 75 77 78 80 81 82 82 82 80 79 78 80 81 82 84 85 85 87 88 88 87 87 86 85 83 81 78 75 71 65 62 62 64 64 62 60 59 59 59 58 56 54 52 53 56 57 57 57 58 58 58 60 59 58 58 61 62 63 64 64 64 66 69 72 74 77 78 78 81 83 84 82 81 82 82 82 82 82 82 82 79 76 75 72 72 72 72 72 72 71 68 66 64 61 58 55 67 89 115 134 119 101 121 141 143
97 85 58 50 50 49 52 56 58 58 58 61 65 69 72 74 76 78 79 81 82 82 81 80 79 80 81 81 80 81 83 86 87 87 87 87 86 85 84 83 81 78 75 72 67 62 60 59 58 58 57 57 56 55 54 52 48 45 46 50 53 55 55 55 55 56 57 57 57 59 61 62 62 62 63 64 67 70 73 75 76 77 78 80 82 81 81 81 81 81 80 80 81 81 80 78 75 74 73 72 71 71 71 70 68 66 64 61 58 56 69 92 114 134 126 102 115 138 143 140
69 61 54 52 52 50 50 53 57 60 59 60 62 66 70 72 75 77 79 80 80 81 81 81 81 82 82 80 79 81 84 85 85 84 85 85 85 83 82 81 79 75 73 71 68 64 59 56 53 52 52 51 50 49 47 45 41 39 40 44 47 48 48 48 48 50 52 54 55 57 58 58 59 61 64 66 69 70 72 74 76 75 76 78 79 79 80 80 80 80 79 80 81 80 79 77 75 73 72 71 71 72 71 69 66 64 61 58 55 63 82 103 124 132 106 109 135 143 147 137
54 54 53 54 55 54 52 52 54 58 61 62 61 63 67 70 73 76 77 78 78 80 82 82 82 83 82 80 80 81 83 82 81 79 79 81 82 82 81 79 77 74 72 72 70 67 62 57 53 51 48 47 46 45 44 42 39 38 40 43 44 45 44 44 44 47 49 51 52 53 54 55 59 62 66 68 69 70 71 73 75 75 75 76 78 79 79 79 79 79 79 80 80 80 77 76 75 73 72 72 72 71 69 67 64 61 57 53 50 61 79 91 106 105 98 115 129 134 140 118
50 53 53 54 57 59 57 55 55 57 60 62 63 62 64 67 70 72 74 76 77 79 81 82 82 82 81 81 81 81 81 80 78 76 75 78 81 82 80 78 77 75 74 72 71 69 66 62 58 54 51 49 48 48 47 45 43 43 45 46 47 47 47 46 46 47 50 51 51 52 54 58 62 66 68 70 70 70 71 72 74 74 74 75 77 78 78 78 79 80 80 80 80 79 77 76 75 73 72 72 71 69 67 65 61 57 52 49 57 74 84 85 76 73 79 92 99 107 105 86
45 49 51 53 57 60 62 61 59 58 58 60 62 63 63 63 66 69 71 73 77 80 81 81 82 82 82 83 83 82 80 80 79 78 78 81 83 83 80 77 76 75 73 71 70 69 69 66 63 58 56 56 55 54 54 52 51 51 52 52 52 52 52 52 51 51 53 54 53 55 60 64 67 69 70 69 69 71 72 73 73 74 74 74 76 76 77 79 80 81 80 80 79 78 77 76 74 72 71 71 70 67 65 61 57 52 50 60 77 84 86 77 61 60 72 78 82 89 83 77
42 47 49 53 57 60 64 66 65 62 59 58 59 63 63 63 63 66 70 73 76 79 80 81 81 82 83 84 84 82 80 79 80 81 81 83 84 82 80 78 75 74 72 71 71 71 71 70 65 62 62 62 62 62 62 60 61 62 62 60 59 59 59 59 59 58 60 60 57 59 65 69 70 70 69 68 69 71 72 72 74 75 75 75 76 76 78 79 81 81 80 79 78 77 76 75 73 72 71 70 68 65 61 56 53 50 52 64 69 67 67 57 55 65 74 74 73 76 74 75
42 46 48 53 59 62 66 68 69 67 64 60 58 60 63 63 63 64 68 72 76 77 78 79 80 81 83 84 83 82 81 81 81 81 82 83 83 82 81 79 77 75 74 74 73 72 72 71 68 66 67 67 67 69 70 70 72 73 72 69 68 67 68 68 67 66 68 67 64 66 70 71 70 70 69 69 71 73 74 74 75 75 75 76 76 77 78 80 81 80 80 80 80 78 75 73 72 70 70 69 65 62 58 53 51 51 53 54 53 52 51 53 53 55 58 57 56 52 53 59
41 46 48 53 59 63 67 70 70 70 69 65 60 58 61 63 64 64 65 69 73 74 76 78 79 80 82 83 82 82 82 82 81 81 82 82 82 82 81 79 78 77 76 75 74 73 71 72 72 71 71 72 73 75 77 79 81 81 79 78 77 75 76 76 75 74 74 73 72 73 73 73 73 72 72 73 75 76 76 76 76 76 76 77 78 79 80 81 81 80 80 80 79 77 74 72 70 69 68 66 62 58 55 53 53 54 55 53 52 52 53 54 52 51 51 50 47 35 36 44
39 45 49 53 60 63 66 70 71 71 71 69 65 60 60 61 64 65 65 66 68 70 72 76 78 79 81 81 81 83 84 83 83 83 83 83 83 83 81 79 78 78 77 76 75 73 73 75 75 74 73 75 78 82 84 85 85 85 85 84 81 81 83 83 80 80 81 79 78 77 76 77 77 77 78 78 79 78 77 78 78 77 76 78 80 82 82 82 81 80 79 78 76 74 73 71 69 68 66 62 58 55 54 55 56 55 56 53 50 53 54 53 53 52 49 51 43 33 35 39
38 45 49 54 60 64 66 69 71 72 71 70 68 64 61 60 62 64 65 64 64 66 69 73 75 77 79 79 80 83 84 85 85 85 85 85 84 83 82 81 80 80 79 79 79 77 76 78 77 75 75 79 84 87 88 87 87 87 88 86 85 87 89 88 86 85 87 85 82 81 81 81 81 82 82 82 82 81 80 80 79 78 78 79 81 82 83 83 81 80 78 76 75 73 72 69 68 66 63 59 56 55 56 57 56 55 55 52 50 52 54 55 55 53 47 47 37 33 37 39
38 44 50 56 61 65 67 70 72 73 73 73 70 68 65 62 59 61 64 65 64 63 66 70 73 75 77 77 79 82 84 85 86 85 85 85 85 84 84 82 81 82 83 84 85 83 80 80 78 76 80 84 88 89 89 90 90 89 87 87 88 91 93 91 90 90 92 90 87 86 86 85 86 86 85 84 84 84 83 81 79 78 79 80 82 83 83 82 81 79 77 75 74 72 70 67 66 63 59 56 56 57 58 58 56 55 54 52 50 51 54 56 56 54 49 42 34 36 40 39
37 44 52 58 61 65 68 70 71 72 73 74 73 71 70 67 63 61 62 64 65 64 64 67 70 72 74 76 78 80 83 84 85 86 85 84 84 86 85 82 82 84 86 88 89 87 85 83 81 82 87 89 89 89 91 93 93 89 87 90 93 94 95 94 94 95 95 93 90 89 89 88 89 89 88 87 86 87 86 83 81 81 80 81 82 84 83 82 81 79 76 74 73 70 68 65 62 59 57 57 58 59 60 59 57 55 54 53 51 50 53 56 57 55 49 38 35 40 41 39
34 43 53 59 62 65 68 69 70 71 73 73 74 74 72 71 69 65 62 62 64 65 63 63 66 70 73 75 77 79 82 83 84 85 84 84 85 86 85 83 84 86 88 90 91 90 89 86 84 88 92 91 89 92 95 96 94 87 86 92 95 96 96 97 96 97 98 96 94 93 92 92 92 91 90 88 88 88 87 84 84 83 81 81 83 83 83 83 81 78 76 73 71 68 66 63 59 57 57 59 60 61 60 58 57 56 54 53 51 50 53 56 59 57 47 37 40 45 43 39
35 46 55 60 63 66 68 70 71 71 73 73 75 75 74 74 73 71 67 63 61 63 64 63 64 68 71 74 76 78 81 82 83 84 84 84 86 87 86 86 87 87 88 91 92 92 91 88 89 93 94 92 92 95 97 97 91 85 87 92 95 97 99 99 98 96 97 98 97 96 95 96 97 96 92 89 89 89 88 87 85 84 83 83 84 84 83 82 79 76 73 71 68 66 63 59 56 57 59 60 60 61 59 59 58 57 54 52 52 51 54 57 60 58 46 40 45 48 44 40
49 53 56 60 63 66 68 70 72 72 73 74 76 77 76 74 74 73 71 67 63 61 63 64 64 65 68 71 74 78 80 83 84 84 85 85 86 88 88 89 88 87 88 91 93 93 92 91 93 96 95 95 96 97 97 96 89 87 90 94 97 99 100 100 98 97 99 99 98 98 100 100 100 98 92 89 90 90 90 87 86 86 84 84 85 85 83 80 77 74 72 70 67 63 59 57 57 59 61 61 61 62 61 59 59 59 55 52 54 53 54 57 60 56 46 45 50 51 47 43
59 55 57 60 63 66 69 70 72 73 75 75 77 78 77 75 74 73 74 73 67 63 63 65 65 65 66 69 73 77 80 82 83 84 84 85 87 88 88 89 88 88 89 91 92 94 94 93 95 98 99 99 98 97 95 93 91 92 94 96 98 100 101 100 98 99 100 100 99 100 102 102 99 95 91 90 90 90 88 86 86 86 84 85 85 84 82 79 76 73 71 67 63 59 57 57 59 61 63 63 63 62 61 60 60 59 55 51 53 54 53 57 59 51 49 52 54 53 50 47
53 54 58 60 63 66 70 71 72 74 76 77 78 79 79 78 77 77 75 74 72 68 64 63 64 65 65 66 71 75 78 79 81 82 83 85 86 87 87 87 87 88 90 91 92 93 93 94 97 99 101 102 99 95 95 95 96 96 95 97 99 100 101 100 99 98 100 100 101 102 101 100 96 91 89 91 90 89 87 87 87 85 85 84 83 80 78 76 73 70 66 62 58 56 57 59 61 62 63 63 62 61 61 61 61 59 56 52 52 55 53 51 50 46 51 58 57 55 53 52
54 54 58 61 64 67 70 72 73 75 76 77 78 79 80 79 79 79 78 76 76 74 69 64 63 64 65 65 67 72 75 77 78 80 83 84 85 86 86 86 87 88 89 90 90 91 92 95 97 98 101 102 98 96 96 97 98 95 94 97 98 99 100 101 99 99 100 102 103 102 100 97 92 89 89 90 89 87 86 86 86 84 83 82 80 77 75 73 69 66 62 57 56 58 61 63 63 64 64 64 63 61 61 62 61 59 57 54 52 55 55 43 33 38 46 50 49 44 41 44
56 56 59 62 64 67 70 72 74 75 76 77 77 78 81 81 81 81 80 79 78 76 73 68 65 63 64 65 65 67 72 74 76 78 81 82 84 85 87 87 87 88 88 88 88 89 91 93 95 95 97 99 99 98 98 97 96 93 94 97 97 98 99 99 98 99 101 103 102 100 97 94 90 88 88 88 88 86 85 84 84 83 82 80 78 75 73 70 65 61 57 55 57 61 62 63 64 65 65 64 63 62 62 62 61 60 57 55 52 54 57 41 29 35 40 41 40 35 26 24
57 58 61 63 65 68 71 73 74 75 76 78 78 78 81 83 83 83 82 81 81 79 77 73 69 64 62 63 64 65 68 70 73 76 79 80 82 84 85 86 87 87 86 87 88 89 89 91 93 93 94 97 99 99 97 95 93 92 94 97 97 99 99 98 97 98 99 99 98 97 95 92 89 88 87 87 87 85 83 82 82 81 79 77 75 73 70 65 60 56 55 57 60 61 62 64 65 65 64 63 63 63 63 62 61 60 58 56 54 53 48 40 35 38 40 41 41 38 29 20
57 58 62 65 67 69 72 74 75 76 77 78 79 79 81 83 85 85 83 82 82 81 80 76 72 67 63 62 63 65 66 65 68 72 75 78 80 82 83 84 84 84 84 86 88 88 88 89 90 90 91 95 97 97 96 94 93 92 95 97 97 98 98 97 96 96 96 95 94 94 93 91 90 88 87 87 87 83 80 80 80 78 77 75 72 69 65 59 56 55 58 62 62 62 64 64 65 65 64 65 65 64 63 62 61 61 60 57 56 52 37 31 35 37 35 36 36 37 35 25
58 59 63 67 69 71 73 75 76 77 78 79 79 81 82 82 85 85 84 82 82 82 81 78 75 72 67 63 61 63 65 64 65 69 72 75 77 79 79 81 82 82 83 85 87 88 88 88 89 90 91 92 94 95 94 93 93 93 95 97 96 96 97 95 93 93 92 91 91 92 92 91 89 87 86 86 83 79 77 77 76 75 73 71 67 62 58 55 55 57 61 63 63 63 64 65 65 65 65 65 65 65 64 63 62 62 60 57 57 50 35 32 37 36 27 26 28 29 32 28
59 61 64 67 70 71 72 75 76 77 78 80 81 82 82 83 85 86 85 84 83 82 80 79 78 75 71 66 62 61 62 62 63 65 68 72 74 75 76 78 79 80 81 83 84 87 87 86 87 89 89 89 90 92 92 92 92 92 95 96 94 93 94 92 90 90 90 89 89 89 89 89 86 85 84 82 79 76 75 74 73 72 69 64 60 57 55 57 59 61 62 63 63 64 65 66 66 66 65 66 66 65 64 63 63 61 60 57 57 46 40 40 41 40 30 23 22 22 23 24
59 62 66 69 71 72 72 74 76 77 78 80 83 83 83 83 84 85 86 85 85 84 82 80 78 76 72 69 66 62 59 60 61 62 63 66 69 71 72 74 75 77 78 79 80 84 84 84 85 86 86 86 87 88 88 90 91 91 93 93 91 90 90 89 88 88 87 87 86 86 86 85 83 82 80 77 74 73 71 70 68 66 61 57 55 55 56 59 61 62 63 63 65 66 66 66 66 66 66 66 66 65 64 64 63 62 60 58 54 44 45 49 45 41 37 28 24 22 22 21
59 63 68 70 72 74 74 75 77 78 78 79 83 84 84 85 85 85 86 87 87 86 84 81 80 78 75 72 69 64 60 59 58 59 60 61 63 65 68 70 71 73 74 75 77 80 80 81 81 81 82 83 84 84 85 87 88 88 90 90 87 87 86 86 85 84 84 83 82 83 83 81 80 79 76 73 70 68 66 64 62 59 56 55 56 57 59 61 62 62 62 64 66 67 66 66 67 66 67 66 66 66 66 65 63 62 61 59 51 42 48 55 52 43 39 35 27 23 22 22
60 66 70 71 73 75 76 77 77 79 79 79 82 83 84 85 85 86 87 87 87 86 84 83 82 80 77 75 71 67 64 62 58 56 57 58 59 61 63 64 66 69 70 72 73 75 75 77 77 77 78 79 80 80 81 84 84 85 86 86 83 83 82 82 82 81 79 78 79 80 78 76 75 73 70 67 65 63 59 57 55 54 54 56 58 60 61 62 63 64 64 65 66 67 67 68 67 67 68 67 66 66 66 65 64 63 61 59 47 43 52 58 56 46 40 37 32 26 22 22
60 68 70 72 74 75 76 78 78 78 79 80 81 83 84 85 85 86 86 86 86 87 86 84 83 81 78 76 73 69 67 65 60 56 54 55 56 58 59 58 61 63 64 66 68 70 71 73 73 73 74 75 75 75 77 79 79 79 81 81 79 78 79 79 77 75 74 74 75 75 73 71 69 67 63 60 58 55 52 51 52 53 56 59 60 61 62 63 64 65 66 66 66 67 68 68 67 67 67 67 66 66 66 65 64 63 61 57 45 46 55 58 57 50 43 38 34 31 24 22
59 69 71 73 75 76 76 77 78 78 80 81 81 82 84 86 86 86 86 87 87 87 86 85 84 84 82 79 75 71 68 67 64 61 56 53 53 54 56 56 57 58 58 60 61 64 66 67 67 68 69 69 69 70 71 73 73 74 75 75 74 74 74 74 72 69 68 70 71 69 67 65 62 59 56 54 52 49 49 50 53 56 59 60 61 62 62 64 65 66 67 66 67 68 69 69 68 67 68 67 67 67 67 65 64 64 63 51 44 52 58 58 58 54 47 40 36 33 28 23
58 69 72 74 76 78 77 77 79 80 81 83 82 83 85 86 86 87 88 88 87 88 87 86 85 84 84 82 78 74 71 68 66 64 61 55 51 50 50 50 52 53 54 55 55 57 59 60 60 61 62 63 63 64 65 66 66 67 68 68 68 69 68 67 65 62 63 65 64 61 58 56 53 51 49 48 48 49 51 53 56 58 59 61 62 63 64 65 66 68 68 68 68 69 70 69 68 68 68 68 68 68 67 66 66 66 62 47 46 55 59 58 58 56 51 42 36 34 29 24
58 69 74 75 76 77 78 78 78 80 81 82 82 83 85 86 86 88 89 89 88 89 89 88 86 85 85 84 80 77 73 70 67 66 64 61 56 51 47 46 47 48 50 51 51 50 51 52 52 53 54 55 56 57 58 59 59 60 60 59 61 61 60 59 57 55 56 57 55 52 50 48 46 45 45 47 50 52 54 56 58 59 61 63 63 63 65 67 68 68 68 69 69 68 68 68 69 68 68 67 67 67 67 66 66 65 57 46 51 58 59 59 58 57 53 45 38 34 29 25
57 68 76 75 76 77 79 79 78 79 81 82 82 83 86 85 85 87 87 88 89 89 90 90 89 88 86 84 82 78 75 73 70 68 66 64 61 55 50 49 48 45 46 46 45 45 45 45 44 46 47 47 48 49 50 50 51 51 51 51 52 51 51 51 48 47 48 48 46 44 43 43 43 43 46 50 54 55 56 58 60 60 62 64 65 65 66 68 69 69 68 69 68 68 69 69 70 69 67 68 69 68 67 66 66 66 53 47 55 59 59 60 59 58 54 48 41 34 29 25
57 66 77 77 78 78 79 81 80 80 81 81 81 83 86 86 86 87 87 89 89 89 89 90 90 89 87 86 83 81 78 76 73 70 67 65 61 57 53 52 52 49 48 45 43 42 43 42 42 42 42 42 42 42 42 43 43 43 43 44 44 44 44 43 40 42 43 42 42 42 43 45 46 48 50 54 56 57 58 59 61 62 64 65 66 67 69 69 69 69 70 70 69 69 69 70 70 70 69 69 70 70 69 68 67 62 50 52 58 60 59 59 59 58 54 48 42 34 28 25
60 63 75 79 78 78 78 80 81 82 83 82 82 83 85 85 86 87 88 90 91 90 90 89 89 88 88 87 84 82 79 77 74 71 69 67 63 60 57 55 55 53 51 48 46 43 42 41 39 38 38 38 37 37 37 37 37 37 37 37 38 39 38 38 37 41 43 41 42 44 47 49 51 52 54 55 57 58 59 61 63 64 66 67 67 68 70 69 69 69 70 70 69 68 69 71 71 71 70 70 69 70 69 68 66 56 50 57 62 61 60 59 60 58 54 48 42 34 28 25
