116 117 118 120 121 123 125 126 128 129 129 131 132 134 135 137 138 140 141 143 144 146 147 149 150 151 151 151 151 149 148 149 148 147 147 148 149 149 149 150 150 150 150 149 150 150 150 149 149 149 149 148 148 148 148 148 148 147 147 148 147 145 143 143 145 145 144 144 144 144 143 143 142 142 143 144 144 143 143 142 142 142 141 139 138 138 137 138 139 139 139 140 140 140 140 140 140 139 141 141 141 140 138 135 132 130 127 125 121 117 112 106 100 93 87 80 74 68 64 61
117 117 118 120 122 124 126 127 129 129 129 131 132 133 134 136 137 139 140 142 144 146 147 148 148 148 149 150 150 149 148 148 148 148 148 148 149 149 149 150 150 150 150 150 150 150 150 149 149 150 150 149 149 148 148 148 147 146 146 147 147 145 143 143 144 145 145 144 143 143 143 143 143 143 144 144 144 143 142 141 141 141 140 139 138 137 137 138 139 139 139 139 139 139 139 140 139 139 140 141 141 140 139 136 133 130 128 125 122 117 113 107 101 95 88 82 76 70 65 62
117 117 118 120 122 125 127 128 129 129 130 130 131 132 134 135 137 139 141 142 144 146 146 147 147 147 147 148 149 150 149 149 150 150 150 150 150 150 150 150 150 151 151 151 151 152 151 150 150 150 151 151 150 148 146 147 147 146 146 147 146 145 143 143 145 145 145 144 143 143 143 144 144 145 145 145 144 143 142 140 140 140 140 139 139 138 137 137 138 138 139 139 139 140 140 140 140 140 140 141 141 139 138 136 133 131 129 126 123 118 114 109 102 96 90 84 78 72 67 64
117 118 119 121 123 125 127 128 129 130 130 130 131 132 134 135 137 140 142 143 144 145 146 146 146 147 147 147 149 150 150 150 151 151 151 151 151 151 151 150 151 151 152 151 151 153 153 151 150 151 151 150 149 148 147 147 147 148 148 148 147 145 144 144 145 145 145 144 143 143 144 144 146 146 146 145 144 143 142 141 140 139 139 139 138 138 137 136 137 138 138 139 140 140 140 140 141 141 140 140 140 138 137 135 133 131 129 127 124 119 114 109 103 97 91 86 80 74 68 65
117 118 119 121 123 126 127 128 129 130 131 131 132 133 134 135 137 140 142 143 144 145 147 147 147 147 147 148 149 150 151 151 151 151 152 151 151 152 151 151 152 153 153 152 152 153 153 151 151 151 151 149 148 147 146 147 147 148 149 148 147 146 145 145 145 145 145 144 143 144 144 145 147 146 147 146 145 144 143 142 141 139 139 139 138 137 136 136 136 137 138 139 139 140 140 140 140 141 140 139 139 137 136 134 132 131 129 127 124 120 115 110 104 98 92 88 82 76 70 66
117 118 119 122 124 126 128 129 130 131 132 132 133 134 135 135 137 139 141 143 144 146 147 148 148 148 149 149 150 151 151 151 151 151 151 151 152 153 153 153 153 154 154 153 152 152 152 152 152 152 151 149 148 147 146 147 147 148 149 149 148 147 145 145 145 145 145 144 144 145 146 146 147 147 147 146 146 145 144 143 142 140 139 138 137 137 136 136 136 137 138 139 139 140 140 140 140 140 140 139 138 137 135 133 132 131 129 127 124 121 116 111 105 99 93 89 84 78 71 67
117 118 120 122 124 126 128 129 131 133 134 134 134 135 135 136 137 139 140 142 144 146 148 149 150 150 151 151 150 151 152 151 150 149 150 152 153 153 154 153 154 155 155 154 152 152 151 151 152 152 151 149 148 147 146 147 148 149 149 149 148 147 145 145 145 145 145 145 145 145 146 147 147 147 147 147 146 146 145 144 143 141 139 138 137 137 136 137 137 138 138 140 141 141 141 140 140 140 139 138 137 136 134 133 131 130 129 127 124 121 117 112 106 100 95 90 85 80 73 68
117 118 120 122 123 126 128 130 132 134 135 136 136 136 137 137 138 139 140 142 144 147 149 151 152 152 152 152 152 151 151 150 149 148 149 151 153 153 153 153 154 155 154 153 152 151 151 151 151 151 150 149 148 147 147 147 148 148 148 149 148 147 145 144 144 144 145 145 145 145 146 147 147 147 147 147 146 146 145 144 143 141 140 138 137 137 136 137 138 139 140 141 141 141 141 140 140 139 139 137 136 136 134 132 131 130 128 127 124 121 117 113 107 102 97 92 87 81 75 69
117 118 120 122 123 126 129 131 133 135 136 137 138 138 138 138 139 140 141 143 145 146 149 151 152 152 152 153 152 152 151 151 150 150 150 150 151 152 152 152 153 153 153 152 151 151 151 151 150 149 148 147 147 146 147 148 147 147 148 148 147 146 145 144 143 143 144 145 146 145 145 146 146 147 147 147 147 146 146 144 143 141 140 139 137 137 137 138 139 139 140 141 141 142 142 141 141 140 139 138 136 135 134 132 131 130 129 127 125 122 118 114 109 103 99 94 89 83 76 70
117 118 120 122 124 127 129 131 134 135 136 138 139 139 140 140 141 141 142 144 145 146 148 150 151 151 152 152 152 152 152 152 151 150 149 148 149 150 150 150 151 151 152 150 150 151 150 149 149 148 147 145 144 144 146 147 147 147 147 147 146 146 145 144 143 143 143 144 145 145 144 146 146 147 147 148 148 147 145 144 142 140 139 138 138 138 138 139 140 141 141 142 142 143 143 142 141 140 139 138 136 135 134 132 131 130 130 128 126 123 119 115 110 105 100 96 91 84 77 71
116 118 120 122 125 128 130 132 134 136 137 138 139 140 140 141 141 141 142 144 145 147 148 149 150 150 150 151 151 151 152 152 150 148 147 147 147 148 148 149 150 150 150 149 148 149 148 148 147 146 145 143 142 142 144 145 146 146 146 146 145 145 144 143 142 142 142 143 143 143 144 145 146 147 148 148 147 146 144 142 141 139 138 138 138 139 139 139 141 142 143 144 144 144 143 143 142 141 140 139 137 135 134 132 131 131 130 129 127 125 121 117 112 107 102 97 92 86 78 72
116 118 120 123 125 128 130 132 135 136 137 138 139 139 139 138 138 139 140 141 144 146 148 148 149 148 148 149 149 149 149 149 148 147 146 146 147 147 147 148 149 149 148 147 146 146 147 147 145 144 143 142 141 140 142 144 145 145 145 144 144 143 141 141 141 140 140 140 141 142 143 144 146 146 147 147 145 143 142 141 139 138 138 139 139 140 140 139 140 141 143 144 144 144 143 143 143 142 141 139 138 136 134 133 133 132 131 130 129 126 122 118 114 109 104 99 94 87 80 73
116 118 120 123 125 127 130 132 134 135 136 137 136 134 132 131 132 134 136 139 142 145 146 146 146 146 145 146 146 146 146 146 146 146 146 146 146 146 146 146 147 148 147 146 145 144 145 145 144 142 141 141 140 140 141 143 144 144 144 143 143 142 140 139 139 138 138 138 139 141 142 143 144 144 145 145 143 142 140 139 138 137 137 137 138 140 140 138 138 140 141 143 143 142 142 142 142 141 139 138 136 134 132 133 133 133 132 131 129 126 123 120 115 111 106 100 95 89 81 75
117 118 120 123 125 126 129 130 132 134 134 132 128 125 122 122 123 126 130 134 137 140 141 142 142 142 142 143 143 143 144 144 144 145 145 145 144 143 143 144 145 146 146 144 143 143 143 143 142 141 139 139 139 139 140 142 143 143 142 141 141 140 139 137 137 136 136 136 138 140 142 143 143 143 143 142 141 140 139 137 136 136 135 136 137 138 139 138 138 139 141 142 141 140 140 139 138 137 135 133 130 127 126 126 129 131 133 132 128 126 124 121 117 112 107 101 96 90 83 76
117 118 120 122 124 125 127 129 130 130 127 123 117 113 110 110 112 115 119 123 128 131 134 136 136 136 137 138 139 141 142 142 143 144 143 142 141 140 140 141 142 142 142 141 140 139 140 140 139 138 137 137 137 137 138 139 141 141 140 140 139 138 137 136 135 135 135 135 136 139 141 142 142 142 141 140 139 139 137 135 134 134 133 133 134 136 138 138 137 138 139 139 137 135 134 133 131 129 126 123 120 117 114 114 117 124 129 130 129 127 124 121 118 113 108 102 97 91 84 78
116 118 120 121 123 123 125 126 126 123 117 110 103 100 98 99 101 104 107 112 116 119 123 126 128 129 130 132 135 137 139 140 141 142 141 139 139 139 138 138 138 139 138 137 136 136 137 136 136 136 135 134 134 135 136 137 139 139 138 137 137 136 135 135 134 134 134 134 135 137 139 139 140 139 138 137 137 137 137 136 134 133 132 132 131 133 135 135 135 134 134 133 130 128 126 124 121 118 115 111 108 104 101 100 103 110 117 124 126 125 123 120 118 114 109 103 98 93 86 79
116 118 119 120 121 121 122 121 118 113 104 96 91 88 88 90 93 95 97 100 104 108 111 115 117 120 122 123 126 129 132 135 137 138 138 137 137 137 136 136 135 135 135 134 132 133 133 133 133 133 133 133 133 134 135 136 137 137 136 135 135 135 133 133 133 132 133 134 134 135 136 136 137 137 136 134 134 134 135 134 132 131 130 130 130 129 130 131 130 128 126 124 121 117 115 114 111 107 103 99 96 93 91 89 90 95 102 111 118 121 120 118 116 113 109 104 99 94 88 81
115 116 116 117 118 117 116 113 108 101 93 86 82 80 83 87 88 89 90 92 94 96 98 101 104 107 109 110 114 118 122 126 129 131 133 134 135 135 134 133 132 131 131 131 130 131 131 130 130 131 131 132 133 134 135 136 136 136 135 134 133 133 132 131 131 131 132 133 133 133 134 134 134 134 133 133 132 131 131 130 128 126 125 124 124 124 124 122 120 116 113 110 106 102 101 100 98 97 94 89 86 84 83 81 82 84 89 98 106 112 114 114 113 111 108 104 99 95 89 83
113 112 112 114 114 112 109 105 99 92 86 81 78 79 81 82 83 84 84 84 81 81 82 83 84 85 88 91 95 101 107 111 115 119 123 126 128 129 129 129 128 128 128 128 128 128 129 128 128 128 129 130 132 134 135 135 135 135 134 133 131 131 131 130 130 130 130 130 131 131 132 132 132 131 130 129 129 129 129 128 125 121 118 117 115 113 112 110 107 103 98 94 90 86 83 82 82 83 83 82 81 79 78 78 79 79 81 84 92 100 104 106 108 108 106 102 99 95 90 84
111 109 110 110 109 108 104 98 92 87 83 80 80 79 78 78 78 77 75 71 68 66 64 64 65 66 69 72 76 80 86 91 96 102 107 112 116 119 121 122 123 123 124 124 124 125 126 126 125 125 126 128 130 133 134 134 134 133 132 131 130 130 129 129 129 129 128 128 128 128 129 129 129 128 125 124 124 124 124 123 119 114 109 105 102 99 95 92 88 84 81 77 73 69 67 65 66 67 69 71 74 76 78 81 81 81 80 79 81 87 94 98 100 101 101 100 98 95 90 85
110 109 108 107 105 103 98 93 88 84 81 81 79 78 76 76 74 69 65 62 59 58 55 54 54 55 57 58 60 62 66 70 76 81 87 93 98 103 108 110 113 115 117 118 118 119 121 121 122 122 124 126 129 132 133 132 131 130 130 130 130 129 128 128 129 128 127 125 124 124 125 125 125 123 121 119 118 116 114 112 108 102 95 89 85 81 77 72 68 65 63 61 59 57 55 54 54 55 57 60 64 69 75 81 85 87 85 82 81 81 83 89 93 94 95 96 96 95 91 86
111 109 107 105 102 97 92 88 84 81 80 79 78 78 76 73 69 64 60 58 56 55 54 52 51 51 50 50 51 52 54 56 60 65 69 74 79 85 90 95 100 104 107 110 111 113 115 116 118 119 121 124 127 130 131 130 129 129 129 129 130 129 128 128 128 127 127 124 122 121 121 121 119 116 113 111 109 105 101 96 92 87 81 74 69 65 62 59 57 55 53 52 52 52 52 52 52 52 53 55 59 64 70 77 83 88 90 89 86 83 81 82 85 87 89 93 94 94 92 87
111 109 106 102 97 91 88 85 83 82 82 83 82 80 78 74 69 64 61 59 57 56 55 55 53 52 51 50 51 51 51 52 53 55 59 62 66 71 76 80 86 91 97 101 104 107 110 112 114 116 118 122 126 128 129 129 128 128 128 128 129 129 129 128 128 127 126 123 120 118 117 116 113 109 104 100 96 92 86 80 75 71 67 62 59 57 55 53 52 52 52 52 52 52 53 54 54 55 56 59 63 66 71 76 82 88 92 93 90 86 84 83 82 83 86 90 93 93 92 88
111 108 104 99 94 90 87 85 84 85 88 88 87 86 84 81 77 74 71 68 65 62 60 59 58 57 55 54 54 54 54 54 53 53 54 56 60 64 68 72 77 82 88 93 98 103 106 109 111 112 115 119 123 127 128 128 128 128 128 127 128 128 128 128 127 125 123 121 119 117 114 111 106 102 96 91 86 80 75 70 65 62 60 58 56 56 55 54 54 55 55 56 57 57 58 59 61 64 67 69 73 76 78 81 84 89 93 95 93 90 86 84 85 85 86 89 93 95 93 90
111 107 102 97 92 90 88 87 88 90 91 92 93 93 95 94 94 92 90 87 84 80 76 72 69 68 66 65 63 61 60 60 59 58 57 57 58 62 65 69 72 77 82 88 93 98 102 104 106 109 112 116 121 125 126 126 127 128 127 127 127 127 128 128 126 124 121 118 116 115 112 108 102 96 91 86 80 74 69 65 61 59 58 58 58 58 58 59 59 60 61 62 65 67 69 71 74 78 81 85 88 90 91 91 92 93 95 98 97 94 91 88 87 87 88 91 94 96 96 92
110 105 99 95 93 90 89 90 92 93 92 93 96 100 103 105 106 106 105 104 103 101 97 93 88 84 82 81 78 74 71 69 66 65 64 63 62 63 65 68 71 75 79 84 90 94 98 100 102 105 109 113 118 122 124 126 127 128 128 127 126 127 127 127 125 123 120 116 113 111 109 105 100 94 89 83 78 73 69 65 62 61 60 61 62 63 65 67 68 69 71 74 78 81 84 87 90 94 98 101 103 104 105 105 103 102 102 101 100 99 98 96 93 91 91 92 94 97 97 94
107 103 99 96 94 93 92 93 94 95 95 96 100 104 109 111 113 113 114 114 115 114 112 110 106 102 100 98 94 90 86 82 79 75 74 72 70 70 70 70 73 76 79 83 87 91 95 98 100 103 106 111 116 121 123 125 127 129 129 127 126 127 126 126 124 122 119 116 111 107 104 101 97 92 87 82 77 73 70 69 67 66 66 67 69 72 75 79 81 83 86 90 94 97 101 103 105 108 110 112 113 114 114 114 112 110 108 106 104 103 102 100 99 96 94 93 93 95 96 95
105 101 99 98 97 95 94 96 98 100 101 103 106 111 114 117 119 121 122 123 123 123 122 120 118 116 113 110 107 103 99 96 92 89 86 83 80 78 76 76 76 78 80 82 85 89 93 97 99 101 105 110 115 120 124 126 127 129 129 127 126 126 126 124 123 120 117 114 110 105 100 97 93 90 86 82 79 75 73 73 73 74 75 77 80 84 88 92 95 97 100 103 106 110 113 115 117 118 120 119 119 119 119 119 119 117 114 111 109 106 103 100 98 96 95 95 95 95 95 94
104 101 100 99 98 97 98 100 102 104 107 109 112 116 120 122 125 126 127 129 131 132 131 130 128 126 124 121 118 114 110 107 104 101 97 94 90 88 85 83 82 81 82 83 85 88 92 94 96 100 104 109 114 120 124 126 127 128 128 128 127 127 126 124 121 118 115 112 108 104 99 94 90 89 86 84 82 81 80 81 82 83 85 89 93 97 101 105 108 110 112 114 116 119 121 124 126 128 128 126 125 125 124 123 122 121 119 116 112 108 106 103 99 96 94 93 95 97 97 96
104 101 99 98 98 99 99 99 102 106 110 114 116 119 123 125 128 130 131 134 137 138 138 138 136 133 131 129 126 123 120 117 114 112 108 105 101 97 94 91 89 87 86 86 87 89 91 93 95 99 104 109 113 119 123 126 127 128 128 128 128 128 127 125 122 118 114 110 106 103 98 94 91 89 88 87 88 88 89 90 92 94 96 99 104 108 113 117 119 121 122 123 125 128 130 131 132 133 133 133 131 129 129 128 126 123 119 116 112 109 107 104 102 100 97 95 96 97 98 97
105 101 99 98 98 99 100 100 103 107 112 116 119 122 124 127 130 133 134 136 139 142 143 142 141 139 137 135 134 132 129 127 124 121 118 114 109 105 102 99 95 93 91 90 90 90 92 94 96 99 104 108 113 118 122 125 127 128 129 129 129 129 127 124 122 119 115 110 106 102 99 96 93 92 91 92 93 95 97 98 100 103 106 109 114 118 123 127 129 130 131 132 133 135 137 137 137 136 136 136 135 133 132 131 128 124 120 115 112 109 105 103 103 102 100 99 98 99 99 99
106 103 101 100 99 100 101 102 105 109 113 118 121 124 126 128 131 134 137 139 141 144 145 145 144 142 141 140 139 138 136 133 131 128 125 121 117 112 108 105 102 99 96 94 93 93 94 96 99 102 105 109 113 118 121 124 127 129 130 130 130 130 128 124 121 119 116 112 107 104 101 99 97 96 96 97 99 102 105 107 108 111 114 119 123 127 131 134 136 136 137 137 138 139 141 141 140 139 138 138 138 137 135 131 128 124 119 115 111 108 105 104 102 101 101 101 101 101 101 100
109 106 104 102 101 102 103 105 107 111 114 118 121 124 126 129 132 136 139 140 142 144 145 146 145 143 142 141 141 140 138 136 133 130 128 125 121 117 114 110 107 103 100 98 97 97 98 99 101 104 107 110 114 118 122 124 127 130 132 132 132 131 129 126 122 119 116 113 109 105 103 101 101 100 101 102 105 108 111 113 115 118 121 125 129 132 134 136 138 138 140 140 140 141 142 142 141 140 140 139 139 137 135 132 128 124 119 115 111 107 105 104 102 102 102 102 103 103 102 100
111 109 107 105 104 103 104 105 107 109 113 116 119 121 124 127 130 133 135 136 137 137 138 138 137 135 134 133 134 135 135 134 132 129 127 124 121 118 116 113 110 106 102 100 99 99 100 102 104 107 110 113 117 120 124 127 129 131 133 134 134 132 130 128 125 121 117 114 110 107 105 103 103 103 104 106 109 111 114 117 120 122 125 128 131 133 134 135 137 138 138 139 139 140 140 140 140 140 140 139 138 137 134 132 129 124 120 116 112 109 107 105 104 103 103 103 104 104 103 102
112 110 108 106 105 104 104 104 106 108 110 113 115 116 118 120 122 122 123 124 125 126 126 125 124 122 119 118 118 120 121 123 125 125 124 121 119 117 115 114 111 107 104 102 101 101 103 105 107 110 112 115 119 124 126 129 131 133 135 136 136 134 132 130 128 124 120 116 113 110 108 106 105 105 106 108 111 114 117 119 122 124 126 128 130 131 131 131 130 130 130 130 130 131 131 131 132 133 134 134 134 133 131 129 126 123 118 114 111 109 107 106 105 104 104 104 105 105 104 103
111 109 107 105 104 103 102 103 103 105 106 107 106 106 107 108 109 111 113 116 118 119 119 118 114 111 108 107 105 105 105 106 109 114 117 118 116 114 113 112 110 107 105 102 102 102 105 108 110 112 115 117 122 127 130 132 133 134 136 137 137 137 135 133 130 126 122 118 115 113 111 109 107 106 108 110 113 115 118 120 121 123 124 124 124 123 120 117 115 114 113 112 112 113 114 115 116 117 118 119 119 119 119 119 118 116 114 111 108 106 105 105 104 104 104 104 105 105 105 106
112 108 105 104 102 101 100 100 99 98 98 98 98 98 99 101 103 106 108 110 110 109 107 105 100 97 95 94 93 93 92 92 94 98 104 109 111 111 110 109 107 105 103 102 101 102 106 110 112 115 117 120 124 129 134 136 136 136 137 138 138 139 139 137 134 129 125 121 118 115 113 111 108 107 108 110 112 115 117 118 118 119 119 116 111 106 101 98 95 93 92 90 90 91 93 95 97 99 100 102 103 103 102 102 103 103 103 103 102 102 102 102 102 102 103 104 104 105 106 107
113 108 104 101 100 98 96 95 93 92 91 91 92 93 94 95 96 96 96 96 93 90 88 85 81 77 75 74 75 76 78 79 81 83 87 95 103 106 106 105 103 102 101 100 100 103 107 111 115 117 120 123 128 133 138 140 140 139 139 140 141 142 143 142 139 133 129 124 120 117 115 112 108 107 108 109 111 112 113 114 114 113 108 100 92 87 82 79 77 75 73 71 72 72 73 76 80 82 83 85 88 90 90 91 90 90 90 91 92 94 97 98 99 100 101 103 105 107 108 109
116 110 104 99 96 94 92 90 88 86 84 84 84 85 84 84 83 81 79 78 74 70 69 67 64 59 56 56 56 58 62 63 67 70 72 79 91 100 104 103 101 100 99 99 99 102 107 113 117 121 124 128 132 137 142 145 145 144 144 144 145 146 147 147 143 138 132 127 122 118 114 111 108 106 106 107 108 108 109 110 108 102 92 81 76 73 67 63 62 60 56 55 57 58 60 64 68 70 70 71 71 73 75 78 80 82 83 83 84 87 90 93 96 98 100 103 105 109 111 112
119 112 104 98 92 88 86 83 79 76 74 73 72 71 70 70 69 67 68 67 61 58 57 57 53 49 47 47 47 48 50 51 58 65 64 64 74 91 101 103 101 99 99 99 100 103 109 115 120 125 128 131 137 142 146 150 151 150 149 150 151 151 151 151 148 142 135 130 125 120 115 111 107 104 104 104 105 106 106 105 100 88 73 66 67 65 57 54 52 49 46 46 47 49 53 57 58 59 62 66 65 63 62 63 66 69 73 75 78 80 84 87 90 94 98 103 107 111 114 117
122 115 107 99 92 85 81 77 74 70 66 64 62 59 59 61 61 64 66 65 57 51 50 50 47 44 43 42 43 43 44 49 62 71 65 56 59 75 95 104 104 101 100 100 102 106 112 118 124 129 132 135 139 145 151 154 156 156 155 155 156 156 156 154 151 145 138 133 129 125 119 113 108 105 103 103 104 106 106 102 90 71 60 62 72 69 57 48 44 42 41 42 42 44 46 49 50 50 58 66 66 62 59 56 56 58 61 65 68 72 76 81 85 90 97 103 109 114 119 121
127 120 112 105 98 91 86 81 76 70 64 60 57 55 56 57 59 63 67 68 60 48 45 45 42 41 40 39 39 41 43 54 71 79 69 57 54 62 81 101 108 105 103 103 105 110 116 122 128 133 136 138 141 148 154 158 161 161 160 159 159 159 159 157 153 147 140 136 133 129 124 118 113 108 105 105 106 108 107 96 77 59 55 66 80 78 62 49 42 40 39 40 40 41 42 44 45 49 62 70 69 63 58 55 53 54 57 62 66 70 75 80 85 92 99 106 113 119 123 125
131 125 119 113 107 101 96 90 84 75 67 60 56 54 54 56 59 63 71 77 69 54 45 41 40 39 38 37 38 41 49 65 79 81 70 58 54 57 69 89 106 110 107 107 109 115 121 127 132 137 138 139 143 150 156 161 164 165 163 162 162 163 162 159 154 148 142 138 135 133 129 124 118 113 110 109 111 111 104 85 65 56 56 68 82 85 72 56 46 41 39 39 40 40 41 43 46 57 74 79 76 68 61 57 56 55 58 64 72 79 86 91 96 101 107 113 119 124 127 128
134 130 126 121 115 110 105 100 92 82 73 65 60 57 55 57 61 65 74 81 78 66 54 46 42 40 39 40 42 49 61 75 81 78 70 63 62 64 67 80 101 111 110 110 114 121 128 133 136 140 141 142 145 151 157 163 167 168 167 166 166 166 165 161 156 149 143 140 138 137 134 130 124 119 115 114 114 111 98 77 63 62 64 71 81 87 81 66 53 46 42 41 42 42 43 46 55 71 84 86 80 72 66 62 61 61 63 68 76 86 96 102 107 112 117 122 126 129 131 131
136 134 131 126 121 116 111 106 99 89 81 73 68 63 60 61 63 68 75 79 79 75 66 59 53 50 49 51 55 62 71 79 81 78 75 74 76 79 80 84 98 109 111 113 119 127 134 137 139 142 143 143 147 152 158 164 169 171 169 168 168 168 168 164 158 150 145 142 141 140 138 135 130 124 119 115 113 109 98 82 75 77 78 80 83 85 85 76 65 58 53 51 51 52 53 59 71 82 84 82 79 75 73 70 70 71 73 76 83 92 100 108 114 119 124 128 131 132 133 132
137 136 133 129 125 121 116 110 105 98 91 84 79 73 69 69 69 71 75 77 79 78 75 72 68 65 65 67 71 74 78 82 84 84 83 83 86 89 90 90 97 107 112 118 126 134 139 139 140 143 144 144 147 152 158 164 170 172 170 169 170 170 169 166 159 151 146 143 142 142 141 138 134 128 122 116 110 106 99 92 90 91 91 90 90 89 87 83 78 73 69 65 64 65 67 73 79 80 79 78 79 81 82 83 84 85 85 87 92 99 106 112 118 123 127 130 133 134 134 133
138 137 135 131 128 125 120 115 110 105 99 94 90 86 83 82 81 81 81 79 79 78 79 80 78 76 76 78 80 82 84 85 86 86 86 87 88 91 93 95 100 109 117 125 133 139 141 140 141 143 144 144 146 151 157 164 170 172 171 169 170 171 170 166 159 152 147 144 144 144 143 141 137 132 126 117 109 104 101 99 97 96 95 93 93 92 90 87 85 84 82 78 76 76 78 80 81 80 79 80 83 87 91 94 96 96 96 98 101 106 112 117 122 125 128 130 133 134 134 133
139 138 136 133 131 128 124 120 116 111 106 102 99 96 95 94 93 93 91 87 85 84 84 84 84 84 83 85 86 87 87 87 87 87 87 88 89 93 97 102 108 116 125 133 140 143 143 142 142 144 144 144 146 150 157 165 171 173 171 170 170 171 170 166 159 151 146 143 144 146 146 144 141 137 131 123 114 108 105 103 101 98 95 93 92 92 92 90 90 91 90 87 85 85 85 86 87 88 89 91 94 96 99 102 103 104 105 107 109 113 118 122 126 128 129 131 133 134 134 133
139 138 137 136 134 132 129 126 123 118 113 108 105 103 102 101 101 100 98 96 94 92 91 91 91 91 89 90 90 89 88 88 87 87 88 89 91 96 102 110 118 126 135 142 147 147 144 143 144 145 145 145 146 149 156 164 170 173 172 170 170 171 169 164 158 150 145 142 143 145 147 147 145 142 137 131 124 117 111 108 105 102 98 95 94 93 93 92 92 94 94 93 92 92 93 95 96 98 100 103 104 103 104 107 108 109 111 114 117 121 124 127 129 131 131 132 132 133 134 133
140 139 138 138 137 135 133 132 129 125 120 116 112 108 106 105 104 103 102 101 99 97 97 96 96 94 93 92 91 89 88 88 88 89 90 93 97 103 111 121 130 138 145 150 151 149 146 145 145 146 146 145 146 149 155 163 169 171 171 170 170 171 168 163 156 149 144 141 141 143 146 148 148 146 143 140 134 128 122 117 112 108 103 100 97 96 95 94 94 95 96 97 97 98 99 102 103 104 105 108 108 108 108 110 112 115 118 122 125 127 129 130 132 132 133 133 133 133 133 133
140 140 140 139 139 138 137 135 134 131 128 124 120 116 113 110 108 106 104 102 101 100 100 99 98 97 96 94 92 91 90 91 92 93 96 100 106 114 123 132 141 149 155 156 153 150 148 147 147 147 146 145 146 149 154 161 166 168 169 168 168 169 166 161 155 148 143 140 139 141 145 149 150 150 149 146 143 139 134 128 122 117 111 107 102 100 98 98 98 98 99 100 100 101 103 104 105 106 107 109 110 111 113 115 119 122 126 130 132 133 134 134 134 134 135 135 134 133 133 132
141 141 141 141 141 141 140 139 138 137 135 132 129 125 122 118 114 111 108 106 104 103 102 101 100 99 98 96 95 95 96 97 100 102 104 109 116 125 134 143 151 158 160 158 155 151 149 148 148 147 146 145 146 148 152 158 162 165 167 167 167 168 165 160 154 148 143 140 139 141 145 149 151 152 152 152 151 148 145 139 133 127 121 115 110 106 103 103 102 102 102 103 104 105 106 106 107 109 110 112 114 117 120 124 128 131 134 136 138 138 137 136 135 136 136 137 137 136 134 133
143 143 143 143 143 143 143 143 142 142 141 139 137 135 131 128 123 119 115 112 109 107 106 104 103 103 102 103 102 103 105 107 109 111 114 120 128 137 145 152 159 163 162 159 155 152 149 147 147 146 145 144 145 147 150 155 159 165 167 166 166 166 163 158 153 148 144 141 140 142 145 149 152 153 154 155 156 155 153 148 143 137 131 125 119 114 111 109 108 108 107 108 109 110 111 111 112 114 116 118 121 125 129 134 137 141 143 143 143 143 141 139 138 138 137 138 139 138 136 134
144 145 145 145 146 146 146 147 147 146 146 145 144 142 140 136 132 129 125 121 118 116 114 112 112 112 112 112 112 112 113 116 117 121 126 133 143 151 157 161 164 165 162 157 153 150 148 147 146 146 144 143 144 146 148 153 159 166 168 165 164 165 162 157 152 148 144 142 141 142 145 149 152 154 155 157 159 159 158 155 151 146 141 135 128 123 119 117 116 115 114 115 116 117 119 120 121 122 125 127 130 134 137 141 144 147 149 149 148 147 145 143 142 141 140 139 140 139 138 136
145 147 147 147 149 149 149 149 149 150 150 150 149 148 145 143 140 138 135 132 129 127 125 123 123 122 121 120 119 118 120 122 125 130 138 146 155 162 165 166 167 166 161 155 151 150 148 147 146 146 144 143 143 145 148 153 160 167 167 164 164 164 162 156 151 147 144 143 142 142 144 148 152 155 156 158 160 161 161 160 157 153 149 143 138 133 128 125 123 122 122 122 124 126 127 129 130 132 134 136 138 141 144 147 150 151 152 153 152 151 149 147 145 144 142 141 140 140 139 137
145 147 149 149 151 153 153 152 152 153 154 154 154 153 151 149 147 145 143 140 138 137 135 133 131 130 128 126 124 124 126 130 135 141 149 157 164 169 170 169 167 164 159 154 151 149 148 147 146 146 145 143 143 145 148 153 160 167 167 164 164 165 162 156 150 146 144 143 142 143 144 146 150 155 157 159 161 161 162 162 160 157 154 150 147 144 139 135 132 130 129 130 131 133 134 136 138 139 141 142 144 146 149 151 153 154 155 155 154 153 151 150 149 147 145 143 142 141 140 138
146 149 152 153 154 156 157 156 156 156 157 158 157 157 156 154 153 150 148 146 144 142 140 138 136 134 132 131 131 132 135 140 146 152 159 165 170 172 172 170 167 164 160 156 153 150 148 147 147 146 145 143 144 145 148 154 161 167 167 164 166 168 164 156 150 147 144 143 143 143 144 146 149 154 157 159 160 161 162 162 159 157 155 154 153 152 149 146 142 139 137 136 137 138 139 140 141 143 145 147 149 151 153 155 156 157 158 159 157 156 154 153 152 150 148 145 143 142 140 138
147 150 153 155 156 159 160 160 159 159 160 160 159 159 159 158 157 154 152 149 147 145 143 141 139 138 137 138 140 144 148 152 157 161 166 172 175 175 172 170 167 163 160 157 155 151 148 147 147 146 145 144 144 146 149 155 162 167 168 167 168 170 166 158 152 147 145 143 143 144 144 146 149 153 156 158 160 162 163 163 160 158 156 156 157 157 156 154 151 148 146 144 143 143 143 143 144 145 147 149 151 154 156 158 159 160 161 161 161 160 158 157 155 152 150 147 145 143 140 138
147 151 154 156 158 160 162 162 162 161 162 162 162 160 160 160 159 157 154 152 149 147 146 145 144 144 145 149 152 156 159 161 165 168 170 175 176 175 172 169 166 163 160 159 156 153 150 149 148 146 145 144 145 146 150 156 162 167 171 170 170 172 168 160 153 148 145 144 144 144 145 147 149 152 154 156 159 162 164 164 163 161 159 158 159 160 160 160 158 155 153 151 150 148 148 148 148 149 150 151 153 155 158 160 162 163 164 164 163 163 162 161 158 155 151 149 146 144 141 138
149 151 154 156 159 163 164 164 164 164 163 163 163 162 161 160 160 159 157 154 152 151 151 151 152 153 156 160 163 164 165 167 169 171 172 173 174 173 171 168 167 164 162 161 158 155 152 150 149 147 145 144 145 146 150 156 161 168 173 172 171 174 170 161 154 149 146 144 144 144 146 148 150 152 154 156 159 162 164 165 165 163 161 161 161 161 161 162 161 160 159 157 155 154 153 152 152 153 154 154 156 158 159 161 162 164 165 166 166 166 166 164 161 157 154 150 147 144 141 138
149 152 154 156 159 163 166 166 166 165 164 164 164 163 161 160 159 159 158 156 154 154 156 157 159 161 164 167 168 168 168 170 172 173 174 172 172 171 169 168 168 166 164 163 160 156 153 151 150 147 145 144 144 145 150 155 161 169 175 174 173 175 171 162 154 150 147 145 145 145 147 149 152 154 156 157 159 162 165 166 166 164 162 161 161 160 161 162 163 162 162 161 159 158 158 157 156 156 157 158 159 160 161 162 163 165 167 168 168 168 168 166 163 160 156 151 147 144 141 138
149 152 154 156 158 161 164 166 167 167 166 165 164 163 161 159 158 158 158 157 157 157 158 160 163 165 167 168 170 171 170 170 172 173 175 173 170 169 168 168 168 166 165 164 160 157 154 152 150 146 144 143 143 145 149 154 160 169 176 176 174 176 171 163 156 151 148 146 145 146 147 149 152 154 156 158 160 162 164 165 165 163 162 161 160 159 160 162 163 162 162 162 162 162 161 160 159 158 159 160 160 161 161 162 164 166 167 168 169 169 168 165 163 160 156 151 146 143 140 138
148 151 154 157 159 161 164 166 167 167 167 165 163 163 161 159 158 158 158 158 159 160 161 161 164 168 169 170 172 173 173 172 171 170 172 170 164 165 168 167 167 165 164 162 159 156 154 151 147 144 142 142 143 145 148 152 159 169 177 177 175 176 172 163 156 152 148 146 145 145 145 147 151 154 156 158 158 159 161 163 163 162 161 161 161 160 160 161 162 162 162 162 162 163 163 162 161 160 160 161 162 162 162 162 164 165 166 168 169 168 166 164 162 160 156 151 146 142 139 137
146 150 154 157 160 163 165 166 166 167 168 166 164 163 162 159 158 158 159 160 160 161 161 163 167 170 172 172 173 175 174 172 170 168 166 164 160 161 164 165 165 163 161 160 157 153 150 146 143 141 140 140 142 144 146 151 159 169 178 180 177 177 172 163 156 151 148 145 143 143 143 145 149 153 155 156 156 156 158 160 160 159 159 160 160 160 160 160 160 161 161 162 162 163 163 163 163 162 161 162 163 164 164 163 164 164 166 168 169 168 166 163 161 159 156 151 146 142 138 136
145 149 153 157 160 164 166 167 167 168 169 168 166 165 162 160 158 159 160 160 160 161 162 165 168 171 172 172 172 174 173 171 168 164 161 160 160 159 161 161 161 160 158 158 156 151 147 142 139 139 138 139 141 143 146 150 158 169 179 181 178 177 173 164 156 151 147 144 141 140 141 143 147 151 153 154 153 153 154 156 156 155 156 157 158 159 159 159 158 158 158 160 162 163 163 164 164 163 163 163 163 163 164 164 164 165 166 167 169 169 167 164 161 158 155 151 146 141 138 135
145 150 154 158 160 163 165 167 169 169 168 168 167 166 163 160 159 161 162 162 162 162 163 165 166 166 166 168 170 170 169 167 163 160 158 158 158 156 157 156 156 156 156 156 154 150 144 139 136 136 137 138 140 142 145 150 157 169 179 182 179 178 174 165 157 151 146 142 139 138 138 141 144 147 149 150 151 151 151 152 153 152 153 154 157 158 158 158 158 157 157 158 161 162 163 163 164 164 164 163 163 163 163 164 165 165 166 166 167 167 166 165 162 159 154 149 145 140 137 134
145 150 155 158 160 163 165 167 168 169 168 167 166 165 163 160 160 161 163 163 163 162 162 163 163 160 161 164 166 165 162 160 157 156 155 154 153 152 151 151 150 151 152 151 150 147 142 136 134 134 135 136 138 141 145 150 158 169 179 183 180 179 174 166 158 151 145 141 138 136 136 137 139 142 145 147 148 148 148 148 148 148 148 150 153 155 156 157 158 158 157 158 160 162 162 163 164 165 165 165 164 163 163 164 165 165 165 166 166 165 164 163 161 157 153 147 143 139 136 134
144 148 153 156 158 162 166 167 167 167 167 166 165 164 163 161 161 162 163 164 163 162 162 162 162 159 159 161 162 161 158 154 152 151 149 148 146 145 145 145 144 144 145 145 144 141 137 134 132 133 134 135 137 140 144 150 159 169 179 182 180 179 176 167 158 150 144 139 136 134 134 134 136 138 141 143 143 144 144 143 143 143 144 145 148 150 151 154 156 157 157 158 159 160 161 163 164 165 166 166 165 164 163 163 165 165 165 165 165 164 163 161 158 154 149 144 141 138 136 134
143 147 151 154 156 160 165 167 166 166 166 165 165 165 164 163 162 163 163 163 163 161 160 159 158 157 157 158 159 158 155 151 149 147 144 142 140 139 138 138 138 137 137 137 136 134 132 130 130 131 133 134 136 140 144 150 159 170 179 181 179 179 176 168 159 151 144 138 135 133 132 132 133 134 136 137 137 137 138 138 138 138 139 141 144 146 147 149 152 155 156 157 158 159 160 162 164 164 165 165 165 164 163 164 165 165 165 164 163 162 160 158 155 150 145 140 138 136 135 133
142 145 150 153 155 159 162 164 164 165 166 166 167 168 167 165 163 164 164 164 163 160 158 156 154 152 153 154 154 152 150 147 145 144 141 138 135 133 132 132 131 131 130 130 129 128 127 127 129 131 132 133 135 140 144 151 160 171 178 180 178 178 176 168 159 151 143 138 134 132 131 131 131 131 131 132 132 132 132 132 132 132 134 137 140 143 145 147 150 153 154 155 155 157 159 159 160 161 162 163 163 163 163 164 165 166 165 164 162 159 157 154 151 147 142 137 135 134 133 131
141 144 148 151 154 157 160 160 161 164 166 167 169 171 170 167 165 165 165 164 162 161 159 156 153 150 150 150 149 146 145 143 142 141 137 133 129 127 126 126 125 124 124 124 123 122 122 124 127 130 131 132 135 140 146 152 161 170 177 178 176 177 176 170 159 151 143 137 134 132 130 129 128 127 127 127 127 127 127 126 125 126 128 131 136 140 143 145 148 150 151 152 153 154 155 157 158 158 159 161 161 161 161 163 164 165 163 161 159 156 153 149 145 142 139 136 134 133 131 129
140 143 146 149 151 155 158 159 161 164 166 167 171 172 172 169 167 165 162 160 161 163 162 158 155 151 149 148 147 145 143 140 138 137 134 130 125 121 120 120 120 120 119 119 119 119 120 122 126 129 131 133 136 141 146 152 161 170 175 177 175 176 175 168 159 151 143 137 134 131 129 127 125 124 123 122 122 122 122 120 119 120 122 126 131 135 138 141 145 147 149 150 150 151 152 155 156 157 159 161 161 160 158 157 158 159 158 156 153 152 150 146 142 139 137 135 134 133 131 128
137 141 144 146 149 152 155 157 160 163 165 168 171 172 171 170 168 165 161 159 160 161 159 159 156 152 149 147 146 144 142 138 134 132 130 125 121 117 115 115 115 116 116 115 116 118 120 122 126 129 131 132 135 140 146 153 162 171 176 177 174 175 174 167 159 152 144 138 134 131 128 125 123 121 119 118 117 118 118 116 115 115 117 120 125 130 134 137 140 144 147 148 148 149 151 153 155 156 158 160 161 159 156 153 152 151 151 150 149 148 146 144 141 138 136 135 135 133 131 126
135 139 142 145 147 149 151 154 156 159 163 166 169 170 170 168 167 165 163 161 159 158 157 157 155 152 149 146 144 142 139 136 131 127 124 120 117 114 112 110 110 112 112 111 113 117 120 123 126 129 130 132 136 140 146 154 164 173 178 178 174 174 173 166 158 150 143 138 135 131 127 124 121 118 116 114 114 114 115 114 112 111 113 116 120 125 129 133 136 140 144 147 148 149 150 151 153 153 155 157 158 157 155 151 149 147 146 146 146 145 144 142 140 138 136 135 134 133 130 124
133 138 141 144 145 148 149 151 153 155 159 162 164 166 168 165 163 164 164 162 159 157 156 154 152 149 146 143 141 139 136 132 127 123 119 116 112 109 108 107 107 109 109 109 111 116 120 123 125 128 130 133 136 141 147 156 167 177 181 178 174 174 173 166 156 148 143 139 135 132 128 124 120 117 115 114 112 112 112 112 111 110 110 112 115 119 123 127 132 136 140 143 145 147 148 148 149 150 152 152 153 153 152 150 148 146 145 145 145 144 143 141 140 137 135 134 133 131 128 122
131 136 140 142 144 147 149 150 152 154 156 159 161 164 167 165 163 163 164 162 159 157 155 152 148 145 143 140 138 135 132 128 123 119 115 112 108 106 106 106 106 107 108 109 112 116 120 123 125 127 130 134 138 143 149 159 171 180 182 179 174 173 173 166 155 148 144 140 135 132 129 125 121 117 116 115 114 112 111 110 108 106 106 107 110 113 118 122 127 131 135 138 141 143 144 144 145 146 149 149 149 149 148 148 148 146 145 145 145 145 143 141 138 136 134 132 131 130 126 120
128 133 137 139 142 145 148 150 152 153 153 156 159 163 164 164 163 162 161 158 155 154 152 150 147 144 141 139 136 132 128 123 118 114 111 107 104 103 103 104 105 106 107 110 114 118 121 122 125 127 131 135 140 145 153 163 174 181 184 179 174 173 172 166 156 149 145 141 137 133 130 126 123 120 117 116 116 114 111 108 105 102 101 102 104 108 112 117 122 127 130 133 135 138 140 141 142 144 146 147 147 146 145 145 146 146 146 146 145 145 143 140 137 135 133 132 131 129 123 118
126 130 133 137 140 143 146 148 151 152 152 154 157 159 159 160 160 159 157 154 152 151 150 148 145 142 139 136 133 130 125 119 113 109 106 103 101 101 102 103 104 106 109 112 116 119 121 123 125 128 132 137 142 148 156 166 176 183 184 179 174 172 170 165 159 153 149 145 140 136 133 130 126 123 120 119 118 116 113 108 102 99 97 97 100 103 108 112 118 123 127 129 131 134 137 139 141 142 143 145 145 144 143 143 143 144 144 144 144 143 142 139 137 134 133 131 130 127 121 115
123 127 131 134 138 141 144 146 148 150 151 152 152 153 154 155 157 157 155 153 151 150 149 147 144 140 136 133 130 126 120 114 109 106 103 101 99 99 101 102 104 109 112 114 117 120 121 123 125 129 133 139 145 152 159 168 176 181 181 177 172 170 168 164 160 157 154 150 144 139 137 134 130 127 124 123 121 119 115 109 102 96 94 93 95 99 103 108 112 118 123 127 129 132 135 138 140 141 142 143 143 143 142 141 141 141 141 141 142 141 140 138 136 133 131 130 128 125 117 113
121 124 128 131 135 139 142 144 145 146 149 150 149 148 150 151 152 154 154 152 150 148 146 144 142 138 134 130 125 120 115 110 106 102 100 99 98 97 98 101 105 111 114 116 119 121 122 123 127 130 133 139 146 154 162 169 174 177 176 172 167 164 164 163 161 161 159 154 148 142 139 136 134 131 129 127 124 121 116 109 101 94 91 90 92 95 100 104 108 113 118 123 127 130 132 136 138 140 140 141 141 141 141 140 139 140 140 140 140 139 138 136 134 132 130 128 126 122 115 110
118 122 126 129 133 137 139 141 143 144 146 148 148 147 148 147 148 150 150 149 148 145 143 141 139 135 131 126 121 115 110 106 103 99 98 98 98 97 97 100 105 111 114 117 120 122 123 124 126 128 131 137 144 153 160 165 169 170 167 164 160 158 158 159 160 162 161 157 149 142 138 136 134 132 129 127 124 120 115 108 100 93 90 89 89 91 96 100 104 109 114 119 122 126 129 131 134 136 137 137 137 138 139 139 139 139 139 139 138 136 135 133 132 130 128 126 123 118 112 108
116 120 124 128 131 134 137 139 141 143 145 147 147 147 148 147 146 145 145 145 144 142 139 137 135 132 128 123 119 113 108 104 100 97 97 98 98 97 96 99 104 109 112 114 117 120 120 120 121 123 126 130 137 146 153 157 159 159 158 156 154 153 153 154 156 158 157 151 142 135 131 128 125 123 121 121 119 115 111 105 98 91 88 88 88 89 92 96 101 106 111 116 119 123 125 127 129 131 132 132 132 133 135 136 137 137 138 137 136 134 132 130 128 127 125 123 121 115 110 106
114 118 122 125 129 132 134 137 139 141 143 145 146 146 147 146 144 143 142 141 141 139 137 135 132 128 124 119 115 110 105 102 99 98 98 100 100 98 95 98 102 105 107 108 110 111 111 109 110 112 115 121 127 135 141 146 148 149 149 148 148 146 146 147 149 148 144 138 131 124 118 113 110 108 108 109 109 106 104 100 96 91 89 90 91 91 92 96 100 105 110 114 118 121 123 125 127 128 128 128 129 130 131 133 133 134 134 134 133 131 129 128 126 125 123 122 118 113 108 104
112 116 120 122 126 129 132 134 136 138 140 141 143 143 144 143 140 138 138 138 138 136 134 132 128 124 120 116 112 108 104 102 102 101 103 104 104 101 97 97 99 100 100 99 99 99 98 96 96 98 102 108 115 122 128 133 136 138 140 141 141 140 140 140 139 135 130 124 118 111 104 98 93 92 93 95 96 96 97 97 96 93 93 95 97 97 97 98 101 105 109 113 116 119 121 123 125 126 127 127 127 128 129 130 130 130 130 130 130 129 128 127 126 124 123 121 117 111 107 102
111 115 118 120 123 127 130 132 134 136 137 138 139 140 140 138 135 132 132 134 135 134 132 130 126 122 118 114 112 109 106 105 106 107 109 110 109 106 102 99 97 95 93 90 88 85 82 79 80 84 90 97 104 110 116 120 124 127 130 132 132 132 131 131 128 123 118 113 107 100 91 82 76 75 78 82 86 90 94 98 100 99 100 102 105 105 104 104 104 106 109 113 116 118 120 122 124 125 126 126 127 127 127 127 128 128 128 128 128 128 127 126 125 124 122 119 115 110 106 100
110 113 116 118 121 124 128 130 132 134 135 136 136 137 137 136 132 129 129 130 131 131 130 128 125 121 118 115 112 111 109 108 110 112 114 116 116 113 109 104 99 94 88 82 77 72 68 66 68 74 83 90 96 101 105 109 113 116 118 121 122 122 122 120 117 113 108 102 96 88 79 70 66 67 71 77 84 92 99 104 108 109 110 111 113 114 113 111 110 110 111 113 116 118 119 121 122 123 124 125 125 125 124 124 124 125 126 126 126 126 126 125 124 123 121 117 113 109 105 98
108 111 114 116 119 122 125 127 129 130 132 133 134 134 135 134 132 129 128 127 127 127 127 125 123 120 118 115 113 113 112 113 116 119 121 123 123 123 120 116 111 103 93 83 75 69 65 63 65 70 77 83 89 93 96 99 102 104 106 108 109 110 110 109 107 104 99 93 86 78 73 70 68 69 74 82 91 100 109 115 118 119 120 120 121 122 122 120 117 115 114 115 117 118 119 120 121 121 122 123 124 124 123 122 122 123 124 125 126 125 125 124 124 122 120 116 112 108 103 95
107 109 112 114 117 119 122 124 126 127 129 131 131 132 132 131 129 126 124 124 124 124 123 122 120 119 118 116 116 116 117 120 124 126 129 129 130 131 130 129 124 117 108 96 85 77 71 68 68 70 74 79 84 88 90 92 93 93 94 95 96 97 98 98 98 96 93 86 80 76 74 74 75 78 85 94 104 112 119 124 127 127 127 128 128 129 128 126 123 121 119 118 119 119 120 120 120 121 121 122 123 123 123 122 122 123 124 125 125 125 124 123 123 121 119 115 110 106 100 92
106 108 110 112 114 116 119 121 123 124 127 128 129 130 129 128 126 124 123 123 123 122 122 121 120 120 120 119 119 121 123 127 130 133 135 136 136 137 137 137 134 130 123 114 103 94 86 82 79 78 79 82 85 88 90 90 89 88 86 85 85 86 87 90 92 93 92 89 85 82 81 84 87 92 99 108 115 121 127 130 132 133 133 133 133 134 133 131 129 126 124 122 121 121 121 120 120 120 121 122 122 123 123 123 123 123 124 125 124 124 123 122 121 119 117 113 108 104 96 88
105 107 109 111 113 115 117 118 120 122 124 126 128 128 128 127 126 125 124 124 123 122 121 121 121 122 122 123 124 126 130 134 137 139 141 142 143 143 143 142 140 137 133 126 119 111 104 100 96 92 91 93 95 97 97 95 92 89 84 81 80 81 83 88 93 96 98 98 96 95 96 99 102 106 112 117 123 127 131 134 135 137 137 136 137 137 136 135 133 131 128 126 124 123 122 121 120 120 120 121 122 122 122 122 122 123 123 123 123 123 122 121 119 117 115 110 106 101 93 85
105 107 109 111 113 115 116 117 119 121 122 124 126 127 127 127 127 127 126 125 124 123 122 122 122 124 125 127 129 132 136 139 142 144 146 147 148 147 146 144 143 141 137 133 128 122 116 113 110 106 105 106 108 109 109 106 101 96 90 85 82 83 87 93 99 103 107 108 108 108 109 112 115 118 121 125 128 131 134 136 137 138 138 138 138 138 138 137 136 134 132 129 127 126 124 122 121 120 120 120 121 121 122 122 122 121 122 122 121 121 121 120 118 116 113 108 103 97 88 83
104 106 108 109 111 114 115 117 118 119 120 122 123 124 125 126 126 126 126 126 126 125 124 124 124 126 128 130 133 137 140 143 145 147 148 150 150 149 148 145 143 142 139 136 133 129 124 121 119 117 117 117 120 120 119 116 111 106 99 93 90 91 95 101 107 111 115 116 117 117 119 121 123 125 127 129 132 134 135 137 138 139 139 139 139 139 138 138 138 136 134 132 130 128 126 124 122 121 120 120 120 121 121 122 121 121 120 120 120 120 119 119 117 115 111 106 100 93 85 79
103 105 106 108 110 112 114 116 117 118 118 118 117 117 119 122 123 124 125 126 125 125 126 126 127 129 132 134 137 140 144 147 148 148 149 150 151 150 148 146 143 142 140 136 134 131 129 127 126 125 125 125 127 127 126 123 118 113 107 102 100 101 104 109 114 118 121 122 122 123 124 126 127 129 130 132 134 135 136 137 138 139 139 138 138 138 138 138 138 137 136 134 132 130 128 126 124 122 121 121 120 120 120 121 120 120 120 120 119 119 118 118 116 113 109 103 97 89 82 75
103 104 106 107 109 111 113 115 116 117 117 117 114 113 115 118 121 122 124 124 125 126 127 128 129 131 134 136 139 142 146 148 149 148 149 149 150 149 148 146 143 141 139 136 133 131 131 130 130 129 129 129 129 130 129 126 122 118 114 110 108 109 112 116 120 123 125 126 126 126 128 129 130 131 133 134 135 135 136 137 138 138 138 137 136 136 136 136 136 137 136 135 133 131 129 127 125 123 122 121 120 120 120 120 120 120 120 119 119 119 118 117 115 111 107 100 93 86 79 69
103 104 105 106 108 110 112 114 116 117 117 117 115 113 114 117 119 121 122 123 124 126 127 128 129 131 134 137 139 142 145 147 147 146 146 147 148 148 146 144 142 139 137 136 133 132 131 132 133 133 132 131 130 130 129 128 125 122 119 117 116 117 120 124 126 128 128 129 129 129 130 132 133 133 134 134 134 134 134 135 136 136 136 135 134 133 132 132 133 134 135 134 133 131 129 127 124 122 121 120 119 120 120 120 120 120 120 119 119 118 117 115 113 109 104 96 88 82 74 64
102 104 105 106 108 109 111 113 115 116 117 117 116 115 115 116 119 120 122 122 124 126 127 128 129 131 133 135 137 140 142 144 144 143 143 144 145 145 143 141 140 138 136 136 135 133 131 132 133 134 133 132 132 132 132 130 129 126 124 123 122 123 125 129 131 132 131 131 130 130 132 134 134 134 134 134 134 133 133 133 134 134 134 133 131 130 128 128 129 131 132 132 131 130 129 126 124 121 119 119 119 119 120 121 121 121 120 119 118 117 116 113 110 106 99 91 84 78 68 59
101 103 105 105 107 108 110 112 114 116 117 117 117 117 117 118 119 121 122 123 124 126 127 128 129 131 132 134 134 136 138 140 140 140 140 140 141 141 139 138 138 137 136 135 135 134 133 133 133 133 133 132 132 134 135 134 133 130 127 126 126 127 129 133 136 136 135 133 132 131 132 133 134 134 134 133 132 131 131 131 132 132 131 129 128 127 125 124 125 126 127 127 127 127 127 125 123 120 118 117 118 119 120 121 121 120 120 119 118 116 114 111 108 103 94 86 80 73 62 52
99 102 104 105 106 107 109 111 113 115 116 117 118 118 118 119 120 121 122 122 123 125 127 128 129 130 132 133 133 133 134 135 136 136 136 136 137 137 136 136 136 135 134 134 134 134 133 133 133 133 133 132 133 135 137 138 137 134 130 127 126 128 131 135 139 140 138 135 134 132 132 132 133 133 133 132 131 130 129 128 128 128 126 125 124 123 122 120 120 120 122 122 123 124 124 123 122 120 118 117 117 118 119 120 120 120 119 118 117 115 112 108 104 97 88 82 76 67 56 46
97 100 102 104 105 106 108 110 113 115 117 117 118 119 119 119 120 121 121 121 123 124 126 127 128 128 130 131 131 130 129 130 131 133 133 133 133 132 131 131 132 132 132 131 131 132 133 133 133 133 133 133 134 136 139 141 140 137 133 128 126 128 132 137 140 141 139 137 134 133 131 131 132 132 131 131 130 129 127 126 124 123 121 120 119 119 119 117 115 115 116 117 118 119 121 121 120 118 117 116 117 118 119 120 120 119 118 117 115 112 109 105 99 91 83 78 70 60 49 40
94 98 101 102 103 105 107 109 112 114 116 117 117 118 119 120 121 121 121 121 123 124 126 126 126 127 127 127 126 125 124 123 125 127 128 129 128 128 127 126 127 129 129 129 130 131 132 133 133 133 133 132 132 133 135 137 138 136 134 130 129 129 132 135 136 134 131 129 128 127 127 127 128 128 128 128 127 126 124 122 120 118 116 114 113 114 114 113 112 111 112 113 114 115 117 118 117 116 115 115 116 117 119 120 120 119 117 115 113 109 106 101 94 85 79 73 64 54 43 34
89 95 98 100 102 104 106 108 110 113 115 116 117 117 119 120 121 122 122 122 122 124 125 125 125 125 123 122 121 121 119 118 119 121 123 124 125 124 124 123 124 126 127 128 129 130 131 131 130 129 127 125 124 122 122 123 124 125 125 126 126 126 126 124 121 117 114 112 112 113 114 115 117 119 120 120 120 119 117 116 114 112 109 106 106 107 109 109 109 108 109 109 110 111 113 114 115 114 114 114 115 117 118 119 119 118 116 113 110 106 103 96 87 80 75 67 58 47 37 30
84 91 95 98 100 102 105 107 109 111 113 115 117 118 119 119 120 120 122 122 122 122 123 123 123 122 120 117 117 118 116 115 116 117 118 119 120 121 121 121 121 122 124 126 126 125 125 122 119 117 114 110 106 104 103 102 104 105 108 111 113 114 112 109 105 101 98 96 96 96 97 97 100 102 104 105 106 106 105 104 103 102 99 97 97 99 102 104 105 106 106 107 107 108 109 111 112 112 113 114 115 116 117 117 117 116 114 111 107 104 98 88 81 76 69 61 51 40 32 28
77 86 91 95 98 100 103 105 107 110 112 114 116 118 118 119 119 120 122 122 122 121 121 120 120 119 116 114 113 114 113 112 113 113 113 113 114 115 116 115 115 115 115 115 114 112 109 104 100 96 93 91 89 88 88 88 90 91 94 97 100 101 99 96 93 90 88 86 85 84 83 82 83 85 86 87 88 89 89 89 90 89 88 87 88 91 95 98 101 102 103 104 105 106 107 109 110 111 112 113 114 115 116 116 115 113 111 107 104 99 90 82 77 72 64 54 44 35 29 26
69 79 86 91 96 98 101 103 106 108 111 113 115 117 117 118 120 121 121 121 121 120 119 117 117 115 113 110 109 109 109 110 109 108 106 104 104 105 105 104 102 100 99 97 94 91 88 84 80 78 76 76 77 77 78 78 79 82 84 87 89 89 88 85 82 80 78 76 75 73 72 72 72 73 73 74 74 74 75 76 77 77 78 78 79 82 87 91 95 98 100 102 103 105 106 108 109 110 111 113 114 114 115 114 112 110 107 104 100 93 83 77 72 66 57 47 36 30 27 25
62 72 81 87 92 97 99 101 104 106 109 111 113 115 116 118 119 120 120 120 119 118 116 115 114 112 110 107 105 104 104 104 102 99 94 90 90 90 89 87 85 83 81 79 76 73 72 69 66 65 64 65 66 68 69 70 71 74 76 78 80 80 78 76 73 71 69 67 66 65 64 64 65 66 67 68 68 67 67 67 68 68 70 71 72 76 81 86 91 94 97 99 102 104 106 106 107 109 111 113 113 113 113 111 110 107 104 101 95 85 78 73 67 59 49 39 31 27 25 25
54 64 75 83 89 94 97 99 102 104 107 109 111 113 114 116 118 119 119 118 117 115 113 112 111 109 107 103 101 99 98 96 93 88 81 75 73 73 73 71 69 68 67 66 65 63 62 61 59 58 57 58 60 62 63 64 67 69 71 72 73 73 73 72 69 66 64 63 62 61 61 62 64 66 68 68 67 65 64 64 64 66 68 68 70 75 80 85 89 92 94 97 101 103 105 106 108 109 111 112 112 111 111 109 107 104 101 96 87 78 73 67 61 52 41 33 28 25 25 25
46 56 67 77 85 90 94 97 99 102 104 107 109 111 112 114 116 117 118 117 116 113 112 110 109 107 104 101 98 94 92 89 86 80 73 66 62 63 64 63 62 61 62 62 62 62 62 61 60 59 58 58 60 62 62 64 66 68 70 71 70 70 70 70 68 66 65 65 65 66 66 68 69 70 71 72 73 72 69 69 70 73 73 74 77 81 85 88 90 92 94 97 101 104 106 107 109 110 111 111 111 110 109 107 104 101 97 89 80 73 68 62 54 44 35 29 26 25 25 25
38 49 60 70 79 86 90 94 96 99 101 104 106 108 110 112 114 116 116 116 115 112 111 109 108 105 103 99 95 92 88 86 83 79 74 68 63 62 64 65 64 65 66 67 68 68 69 70 70 69 67 66 68 69 70 71 72 73 74 74 73 72 72 74 75 75 76 78 79 81 81 82 82 81 80 82 83 81 79 78 80 82 83 85 88 90 91 92 93 93 95 98 101 104 106 108 109 110 110 110 109 108 106 104 101 98 91 82 74 69 63 56 47 37 31 27 25 25 26 26
31 41 52 62 72 80 86 90 94 96 98 101 103 105 106 109 111 113 114 115 114 112 111 109 108 106 103 99 95 92 89 87 85 84 82 78 74 72 74 75 75 75 76 78 78 79 81 83 84 84 83 82 83 85 87 89 88 89 89 89 87 85 85 88 90 92 93 95 97 98 98 98 96 92 90 90 90 89 88 87 88 90 91 94 97 97 96 96 96 96 97 99 102 104 106 108 108 109 109 108 107 106 104 101 98 91 83 76 70 64 58 49 40 32 28 26 25 26 26 26
27 34 44 54 64 72 80 85 90 93 95 98 100 101 103 106 108 111 112 113 113 112 111 110 108 106 103 100 96 93 91 90 90 91 91 90 88 86 86 86 86 85 86 87 87 88 90 93 97 99 100 100 99 100 103 104 105 106 107 107 105 102 101 103 106 108 109 110 111 113 112 110 106 100 95 92 93 94 92 91 93 95 97 99 100 100 100 99 99 99 100 102 104 105 106 107 107 108 107 106 105 103 101 98 92 84 77 71 65 60 52 42 34 29 27 26 26 26 26 26
25 29 37 46 56 65 73 80 85 89 92 95 97 99 101 103 105 108 110 111 112 112 111 110 109 107 104 102 99 97 95 94 94 96 97 98 98 97 95 93 93 92 93 93 92 92 93 98 103 107 110 112 112 113 116 117 117 117 118 117 114 112 111 112 116 119 119 120 122 123 120 117 112 104 98 95 95 95 94 95 97 97 99 100 101 101 102 102 103 103 103 104 105 105 106 106 106 106 106 104 103 101 99 94 85 78 72 66 61 54 45 36 31 28 27 26 26 27 26 26
25 27 32 39 48 58 66 74 80 85 89 92 94 96 98 100 102 105 107 109 110 111 111 111 109 108 106 104 102 101 99 99 99 100 101 102 102 102 101 99 97 97 96 95 94 93 93 96 100 106 111 114 117 120 122 122 121 120 119 117 114 113 114 116 119 122 122 122 124 122 120 118 112 105 101 97 96 96 97 98 98 98 99 100 101 102 104 104 105 105 105 105 105 105 105 105 106 105 104 103 101 99 94 87 79 74 68 62 56 46 38 32 29 27 26 26 26 27 26 26
25 27 30 34 41 50 59 67 75 80 84 88 91 93 96 98 100 102 104 106 108 109 110 110 109 108 107 106 105 104 103 103 103 103 104 105 105 104 103 101 100 99 97 96 95 93 91 92 94 99 104 108 112 115 116 116 116 114 112 110 109 111 111 112 115 116 116 115 114 112 110 108 104 101 97 95 95 97 97 97 98 98 100 101 102 103 104 105 106 106 105 105 104 104 104 105 105 104 103 101 99 95 89 82 76 69 64 57 48 39 33 29 27 26 26 26 26 27 26 26
25 27 29 31 34 42 52 61 68 75 80 85 88 91 93 95 97 99 101 103 105 107 108 109 108 108 107 107 106 107 106 106 105 105 105 105 106 106 105 103 101 99 98 96 95 93 91 89 89 91 94 96 99 102 104 105 106 104 103 102 102 103 104 105 106 107 106 105 103 100 98 96 94 93 93 93 95 95 95 96 98 99 100 101 102 103 104 105 105 104 104 104 103 103 103 104 103 102 101 99 95 90 85 80 73 66 59 51 40 33 29 28 26 26 25 26 27 27 26 26
26 27 29 29 31 35 44 54 62 70 76 80 85 88 91 93 96 97 99 101 103 105 106 107 107 107 107 107 107 107 107 107 107 107 106 105 105 105 105 104 102 100 98 97 95 92 90 88 87 87 87 88 89 91 93 94 95 94 94 94 93 93 94 95 97 97 96 95 93 91 90 88 89 90 91 92 94 94 95 97 98 99 100 101 102 103 103 103 103 103 103 102 102 102 102 102 101 101 99 96 92 88 84 77 70 64 54 44 35 29 27 27 26 25 25 26 27 26 26 26
27 28 28 29 29 30 37 47 56 65 71 76 81 86 89 91 94 96 98 99 101 102 104 105 105 105 105 105 106 106 107 107 107 107 105 104 103 103 103 103 102 100 98 97 95 92 90 88 86 85 84 84 83 84 85 85 85 85 84 84 84 84 85 85 86 87 87 86 86 86 85 85 87 88 89 91 93 95 96 97 98 98 99 100 101 102 102 102 102 103 102 101 101 101 101 100 100 99 97 94 91 87 80 73 68 60 48 38 32 28 26 26 25 25 26 27 27 26 26 27
28 28 28 28 28 29 32 40 50 60 67 73 78 83 86 89 92 94 96 98 100 101 102 102 103 103 103 104 104 105 105 106 106 105 104 102 101 101 101 101 100 99 97 95 93 91 88 86 84 83 81 80 79 79 79 78 78 77 77 76 76 77 77 77 77 78 79 80 81 81 82 83 85 87 88 90 92 94 95 96 97 98 99 100 101 101 101 102 102 102 102 101 101 101 100 100 99 97 95 93 90 84 77 71 64 54 43 35 30 27 26 25 25 25 26 27 27 26 26 27
28 29 29 28 28 28 30 34 43 54 63 70 75 80 84 86 89 91 94 96 98 99 99 100 100 101 102 102 102 103 103 104 104 103 102 101 100 99 99 99 98 97 95 93 91 88 86 84 81 80 78 77 76 75 75 74 73 72 71 71 71 71 71 72 72 73 74 76 77 78 80 82 84 86 88 90 92 93 95 96 97 98 99 101 101 101 102 102 102 102 102 102 101 100 99 99 97 96 95 93 88 81 74 68 61 50 41 34 30 27 26 25 25 25 26 27 27 26 27 27
29 29 29 29 28 28 29 32 38 48 58 66 73 78 81 84 87 89 91 94 96 97 98 98 98 99 100 100 101 101 101 102 102 102 101 100 99 98 98 98 97 96 94 92 90 87 85 82 80 78 76 75 74 74 73 73 72 71 70 70 70 70 70 70 71 72 74 76 78 79 81 83 84 87 89 91 93 95 97 98 99 99 100 102 102 102 103 102 102 102 103 102 101 101 99 97 97 97 94 91 85 78 72 66 59 50 42 35 30 27 26 26 25 25 26 26 26 26 27 27
30 30 30 29 28 27 29 31 35 43 54 63 69 75 79 82 84 87 89 92 94 95 96 97 97 98 99 99 99 99 100 100 100 100 100 99 98 97 97 98 97 96 94 93 91 88 86 84 82 80 78 77 76 76 76 76 76 76 75 75 75 76 76 76 76 78 79 81 82 83 85 87 89 91 93 95 97 98 99 101 101 102 102 103 103 103 103 103 103 103 103 103 101 100 98 97 98 95 91 88 83 76 70 65 59 51 44 37 31 28 26 25 25 25 26 26 26 26 27 26
30 30 30 29 28 27 28 30 33 40 50 60 66 72 77 80 82 85 87 89 91 94 95 96 97 98 98 99 98 99 99 99 100 100 99 99 98 97 98 98 97 96 95 94 93 91 89 88 87 86 84 84 84 84 85 85 86 86 86 86 87 88 88 88 88 89 89 90 91 92 94 95 96 98 99 100 101 102 103 104 105 105 105 105 105 105 105 105 105 104 104 103 101 99 99 99 97 93 89 85 80 74 69 64 60 53 46 38 33 28 26 25 25 26 26 26 26 27 27 25
30 31 30 29 28 27 28 29 32 37 47 57 64 70 75 78 81 83 85 87 89 92 94 95 96 97 98 99 99 99 100 100 100 100 99 99 98 98 99 99 98 98 97 96 95 94 93 94 94 93 93 94 94 96 97 98 99 100 101 101 101 102 102 102 102 103 103 103 103 104 104 104 104 104 105 106 106 107 108 108 108 108 108 108 107 107 107 107 106 105 104 103 100 100 101 98 94 91 87 82 77 74 69 65 60 54 46 40 34 29 26 25 26 26 26 26 26 27 26 25
31 31 30 30 28 27 27 28 31 34 42 53 62 68 73 77 79 81 83 85 87 90 92 94 96 97 98 99 100 100 101 101 102 102 101 100 100 100 100 101 101 100 99 99 99 98 98 99 101 101 102 104 105 107 109 111 112 113 114 114 114 114 115 115 114 115 115 115 114 114 114 113 112 111 110 110 111 112 112 111 111 111 111 110 109 109 108 108 106 105 103 101 100 100 98 95 92 90 85 81 78 75 70 65 60 53 46 40 35 30 27 26 26 26 26 26 27 27 26 25
31 31 30 30 28 27 27 27 29 33 39 49 59 67 73 76 79 80 82 84 86 88 90 92 94 96 98 100 101 102 102 103 104 104 104 103 103 103 103 104 104 103 103 103 103 103 104 106 107 109 110 111 114 116 118 120 121 122 123 123 123 123 123 123 123 123 123 123 122 121 120 119 117 116 115 115 115 115 115 115 115 114 113 113 112 111 110 108 106 104 101 101 101 99 95 93 91 89 86 83 80 75 70 64 59 52 46 40 35 31 28 28 27 26 26 26 28 27 26 25
31 31 30 30 29 28 27 27 28 31 36 44 54 63 71 76 79 80 81 83 85 86 88 90 93 95 98 101 102 103 104 105 106 106 107 106 106 106 107 107 108 108 107 107 108 108 110 112 114 115 116 117 119 121 123 124 125 126 126 126 126 126 126 126 126 127 126 126 125 125 124 123 121 119 118 118 118 118 118 118 117 117 116 114 113 112 110 108 105 103 102 101 99 96 93 92 91 90 88 84 79 74 69 64 58 51 46 40 34 31 30 30 29 27 27 27 28 27 25 25
31 31 30 30 29 28 27 27 27 29 33 40 50 58 67 74 79 81 81 82 84 85 86 88 90 93 96 99 102 104 106 107 108 109 109 109 109 110 110 111 112 112 112 112 112 113 115 117 119 120 120 121 122 123 124 125 126 126 126 125 125 124 125 125 126 127 127 127 126 126 125 123 122 121 120 120 120 120 120 119 119 118 117 115 114 112 109 107 104 102 101 99 97 94 92 92 93 92 89 83 78 73 68 63 56 51 44 38 34 32 32 31 30 29 28 29 28 26 25 25
31 31 30 30 29 28 27 27 27 28 31 37 45 54 62 71 78 82 83 83 83 84 86 87 89 91 94 97 100 104 107 108 110 111 111 112 112 112 113 114 115 116 116 116 116 117 119 120 122 122 122 122 123 123 124 124 124 124 124 123 122 121 122 123 124 124 125 125 125 125 124 123 122 121 120 120 121 121 121 120 119 118 117 115 113 110 108 105 103 101 100 97 95 93 94 94 95 93 88 83 77 72 67 61 55 49 42 37 34 33 33 33 32 30 30 30 29 27 25 25
32 32 31 30 30 28 27 27 27 27 29 34 42 50 58 66 74 80 83 84 83 83 84 85 87 89 91 94 97 101 105 108 110 112 113 113 114 114 115 117 118 118 118 118 120 121 122 123 123 122 121 121 122 122 122 123 123 122 121 120 118 119 120 121 121 122 122 123 123 123 122 122 121 120 120 120 120 120 120 119 118 117 115 113 111 108 106 104 102 99 97 95 94 95 96 97 95 92 88 82 76 71 65 59 53 47 40 36 34 34 34 34 33 31 31 31 29 27 26 25
32 32 31 31 30 29 28 27 26 27 28 31 38 46 54 62 70 77 82 85 85 84 83 84 86 87 89 92 95 98 102 106 109 111 112 113 115 115 116 117 118 119 119 120 121 122 123 123 122 121 120 119 119 119 119 120 120 120 118 116 115 116 117 118 119 119 120 120 120 120 119 119 119 118 118 118 118 118 117 117 116 114 112 110 108 106 104 102 100 97 94 94 96 97 98 97 94 91 86 80 74 68 62 56 51 44 39 35 35 35 35 34 33 32 32 31 29 28 27 26
32 32 32 31 30 29 28 27 26 26 27 29 35 42 50 58 65 72 78 82 86 86 85 84 85 86 87 89 92 95 98 102 105 108 110 112 114 114 115 116 117 118 119 119 120 120 121 121 119 118 117 115 115 115 115 116 117 116 115 114 113 113 114 116 116 116 116 116 116 116 115 115 115 115 115 115 115 114 114 114 112 111 109 107 105 104 102 100 98 96 95 96 98 98 98 96 93 89 84 77 71 66 60 54 48 42 38 36 36 36 35 34 33 32 32 31 29 28 27 27
32 32 32 32 31 30 29 27 27 27 27 28 32 39 46 53 61 67 74 79 83 86 87 85 84 85 86 87 89 91 95 98 100 103 106 109 111 112 113 114 115 116 117 117 117 117 117 117 115 114 113 112 111 112 112 112 113 113 112 112 111 111 112 113 113 113 113 112 112 112 111 111 111 111 111 111 111 110 110 109 108 107 105 104 103 102 100 98 96 96 98 99 99 98 97 95 92 87 80 74 68 63 57 51 45 41 38 37 36 36 35 34 33 32 32 31 29 28 28 28
32 33 32 32 31 30 29 28 27 27 27 27 30 36 43 50 57 63 70 75 79 83 86 87 87 86 85 86 87 89 91 94 97 99 101 103 106 108 109 111 112 113 113 113 114 114 113 112 110 109 108 108 108 108 109 109 110 110 110 109 109 108 109 109 110 110 109 109 108 108 107 107 107 107 107 107 106 105 104 104 104 103 102 102 101 99 97 96 97 99 100 100 100 99 96 93 89 84 77 71 65 60 55 49 43 40 38 38 37 36 35 34 33 33 32 30 29 28 28 29
32 33 33 32 31 30 29 29 28 27 26 27 29 33 40 46 53 59 66 71 75 79 83 86 88 88 87 86 86 87 88 90 93 95 97 98 100 101 104 105 107 108 108 108 109 109 109 107 105 104 104 103 103 104 104 105 106 107 106 106 105 105 105 105 106 106 105 105 104 103 103 103 103 103 103 102 102 101 100 100 100 100 100 100 99 97 96 97 100 101 101 101 100 98 95 91 86 80 74 68 63 58 52 47 42 40 39 39 38 36 35 33 33 32 31 30 29 29 29 29
32 33 33 32 32 31 30 29 28 27 26 26 28 31 37 43 50 56 62 67 72 76 80 83 86 88 89 88 87 86 87 88 89 91 93 94 95 96 97 98 100 101 102 102 103 103 103 101 99 98 98 98 98 99 99 100 101 102 102 102 101 101 100 101 101 101 100 99 98 98 97 97 97 97 97 97 97 97 97 98 98 99 99 97 96 96 97 100 101 102 102 101 99 96 92 88 82 76 70 65 60 55 49 44 41 40 40 40 38 36 34 33 33 32 31 30 29 29 29 30
32 33 33 33 32 31 30 30 29 28 27 27 27 30 34 40 47 53 58 63 68 73 77 81 84 86 88 89 89 88 87 87 88 88 89 90 91 92 93 93 93 94 94 95 96 96 96 94 93 92 92 92 92 93 93 94 95 96 96 96 95 95 95 95 95 94 93 92 92 91 91 91 91 92 92 93 94 95 96 97 97 97 96 96 96 99 101 102 102 102 101 100 97 93 89 84 78 72 67 62 58 52 46 43 40 40 40 40 38 36 34 34 33 32 30 29 29 29 30 30
32 33 33 33 32 32 31 30 29 29 27 27 27 29 32 38 44 49 55 60 65 69 74 78 81 84 86 89 89 89 88 88 87 88 88 87 87 87 88 89 89 89 89 89 89 89 89 88 86 86 86 86 86 87 87 87 88 89 89 89 89 88 89 88 88 87 86 85 85 85 85 86 87 88 89 91 93 94 95 95 95 94 95 96 99 102 102 102 103 102 100 98 94 89 85 80 74 69 64 60 54 48 44 42 40 40 40 39 37 35 34 34 33 31 30 29 29 30 30 30
32 33 33 33 33 32 31 30 30 29 28 27 27 28 31 35 41 46 52 57 62 66 70 75 79 82 84 87 89 90 90 89 88 88 88 87 86 85 85 84 85 85 85 85 86 85 85 83 82 82 82 82 82 82 82 82 83 83 83 83 83 83 83 82 82 81 81 80 80 81 82 83 85 87 89 91 92 93 93 93 94 95 97 100 102 103 103 103 102 100 98 94 90 86 81 76 70 65 61 56 50 46 43 41 40 41 40 39 37 35 34 34 32 31 30 29 30 30 30 31
32 33 33 33 33 32 31 31 30 29 29 28 27 27 29 33 38 43 49 54 59 63 67 72 76 79 82 84 87 89 90 91 90 88 88 88 87 86 85 83 82 81 81 82 82 81 81 80 79 79 79 79 79 79 79 79 79 80 80 79 79 79 79 79 79 78 78 78 79 79 81 83 85 87 88 89 90 91 93 94 96 98 101 102 103 104 104 102 101 98 95 91 87 83 77 72 66 62 57 52 47 44 42 41 41 41 40 38 36 35 34 33 32 30 30 30 30 30 31 31
32 33 33 33 33 33 32 31 31 30 29 28 27 27 28 31 36 41 46 51 56 60 65 69 73 77 79 82 84 86 88 90 91 90 89 88 88 87 85 84 82 81 80 80 79 79 78 77 77 76 76 76 76 76 76 76 76 76 76 76 76 77 77 77 77 78 78 79 79 80 82 83 84 86 87 89 91 94 96 98 99 101 103 104 104 104 103 101 98 95 91 88 84 79 73 67 63 59 53 49 45 42 41 41 41 41 40 38 36 35 34 32 31 31 30 30 30 31 31 31
32 32 33 33 33 33 32 32 31 30 30 29 27 27 27 30 34 38 43 48 53 57 62 66 70 74 77 80 82 84 86 87 89 89 89 89 88 88 87 86 84 83 81 80 79 79 78 77 76 76 75 75 75 75 75 74 75 75 75 75 76 76 76 77 77 77 78 78 79 80 81 83 86 89 91 93 95 96 98 99 101 103 104 105 104 103 101 98 95 92 88 84 80 74 68 63 60 55 50 46 43 42 41 41 41 41 39 37 36 34 33 32 31 30 31 31 31 31 32 32
32 32 32 33 33 33 33 32 32 31 30 29 28 27 27 29 32 36 41 45 50 55 59 63 67 71 75 78 80 82 84 86 87 88 89 89 88 87 87 86 85 84 83 82 81 80 79 79 78 77 77 76 76 76 75 75 75 75 75 76 76 76 77 77 77 78 78 80 82 83 85 87 89 91 93 95 96 98 100 102 103 104 104 104 103 101 98 95 92 88 84 80 75 68 64 60 56 51 47 44 42 41 41 42 41 40 38 36 35 34 33 32 31 31 31 31 31 32 32 32
31 32 32 33 34 34 33 33 32 32 31 30 29 28 27 28 31 35 39 43 48 52 57 61 65 69 72 75 77 80 82 84 85 87 88 88 88 88 87 86 85 84 83 83 82 82 81 80 80 79 79 79 79 78 78 78 78 78 77 77 78 78 78 79 80 80 81 83 84 86 87 89 91 93 95 96 98 100 102 103 104 104 103 102 100 98 95 92 88 84 80 76 69 64 60 57 52 48 45 43 41 41 42 42 41 39 37 36 35 34 32 31 31 32 32 31 32 32 32 32
31 32 32 33 34 34 34 33 32 32 31 31 30 28 27 27 30 33 37 41 46 50 54 58 62 66 69 73 75 77 79 81 83 85 86 87 88 88 88 87 86 85 84 83 82 82 82 81 81 81 80 80 80 79 79 79 79 79 79 79 79 79 80 81 82 82 83 85 87 88 90 92 94 95 97 99 101 102 103 103 103 103 102 100 97 95 92 88 85 80 76 71 65 61 58 53 49 46 44 42 41 41 42 42 40 38 36 35 34 33 32 31 32 32 32 32 32 32 33 33
31 32 33 33 34 34 34 34 33 32 32 31 30 29 28 28 29 31 35 39 43 47 52 56 60 64 67 70 73 75 77 79 81 83 84 85 86 87 87 87 87 86 85 84 84 83 82 82 82 82 82 81 81 80 80 80 80 80 80 80 80 81 82 83 84 85 86 87 89 91 93 94 95 97 99 101 102 102 103 103 102 101 99 97 94 91 88 85 80 76 72 67 61 58 54 50 46 45 43 42 42 42 42 41 39 37 36 35 34 33 32 32 32 33 32 32 32 32 33 33
31 32 33 33 34 34 34 34 33 33 32 32 31 30 28 28 28 30 34 38 41 45 50 54 58 61 64 68 71 73 76 77 79 80 82 83 84 86 86 86 86 86 86 86 85 85 84 84 83 83 83 83 82 82 81 81 81 81 82 82 82 82 83 84 85 87 88 90 91 92 94 96 97 99 100 101 101 102 102 102 101 99 97 94 91 88 85 81 76 72 68 62 58 55 51 47 45 43 42 42 42 42 42 40 38 36 36 35 34 33 32 32 32 33 33 33 33 33 33 33
32 32 33 34 34 34 34 34 34 33 33 32 32 31 29 28 29 30 32 36 40 43 47 52 56 59 62 65 68 71 74 76 77 79 80 81 82 83 85 85 86 86 86 86 86 85 85 84 84 84 84 84 83 83 83 82 82 82 82 83 83 84 85 86 87 88 90 91 92 94 96 97 98 99 100 101 101 101 101 100 99 97 94 91 88 85 81 76 72 68 63 58 56 52 48 46 44 43 42 42 42 42 41 40 37 36 35 35 34 33 33 33 33 33 33 33 33 33 33 34
32 33 33 34 34 35 34 34 34 33 33 33 33 32 31 29 29 30 31 34 38 42 45 49 53 57 60 64 66 69 71 74 76 78 79 80 81 82 83 84 84 85 85 85 85 85 85 85 85 85 84 84 84 84 84 83 83 83 84 84 85 85 86 88 89 90 91 93 94 96 97 98 99 99 100 100 101 100 99 98 96 94 92 88 85 81 77 73 69 64 59 56 54 49 47 45 44 43 43 43 43 42 41 39 37 36 36 35 34 33 33 33 33 33 33 33 33 33 33 34
32 33 33 34 35 35 35 34 34 34 33 33 33 33 32 31 29 29 30 33 36 39 43 47 51 55 59 62 65 67 70 72 74 76 78 80 81 82 83 83 83 84 84 84 84 84 84 84 84 84 84 84 84 84 84 84 84 84 84 84 85 86 87 88 89 90 92 93 94 96 96 97 98 98 98 98 98 97 96 94 92 90 87 84 81 77 72 68 64 59 56 53 50 46 45 43 43 42 42 42 41 40 39 37 36 35 35 34 33 33 32 32 33 32 32 32 33 33 33 34
32 33 34 34 35 35 35 35 35 34 34 34 34 34 33 32 30 29 30 32 34 37 41 45 49 52 56 59 62 65 67 69 71 73 75 76 78 79 80 80 81 81 82 82 82 82 82 82 82 83 83 82 82 82 82 82 82 83 83 83 84 85 86 88 89 90 91 92 93 94 94 95 96 96 96 95 95 93 92 90 87 85 82 79 75 71 67 63 58 55 52 50 46 44 43 42 41 41 41 41 40 38 37 35 34 34 34 32 32 32 31 31 31 31 31 32 33 33 33 33
32 32 33 34 34 35 35 34 34 34 33 33 33 32 32 32 30 29 28 29 31 34 37 41 44 48 52 55 58 61 64 66 68 70 72 74 75 76 77 78 79 80 80 81 81 81 82 82 82 82 82 82 82 82 82 82 82 83 83 84 85 86 87 88 88 89 90 92 92 93 93 94 94 94 94 93 92 90 88 86 83 80 77 74 70 67 63 59 55 52 50 47 44 42 42 41 41 41 40 39 38 37 36 34 34 34 33 32 32 31 31 31 31 31 31 31 32 32 32 32
