85 88 91 94 98 96 101 102 102 108 109 109 113 114 112 107 105 109 109 104 109 121 121 123 122 122 121 121 121 121 124 127 130 130 131 131 131 131 131 129 127 127 124 123 124 124 125 127 128 129 129 129 129 129 129 129 129 129 127 124 122 123 123 123 123 123 123 125 127 127 125 124 123 122 125 126 126 127 129 130 131 132 134 134 126 125 129 134 128 129 128 131 127 128 130 128 132 129 128 130 125 116 127 120 112 126 118 110 117 108 101 106 99 86 87 86 80 72 62 58
88 89 92 94 97 98 102 103 103 109 109 109 113 113 112 110 107 106 111 107 101 116 120 121 120 121 122 121 121 121 123 127 129 129 130 130 130 130 130 129 128 129 128 127 125 122 123 126 126 127 127 127 126 126 127 127 127 126 122 120 121 123 122 121 120 120 122 124 124 124 124 123 123 122 125 126 126 128 130 130 131 131 132 131 124 125 131 133 127 128 127 129 127 127 130 129 128 129 129 129 127 115 125 124 111 126 123 112 116 113 103 106 103 93 88 87 83 77 66 60
89 89 93 95 96 98 102 104 104 109 110 109 113 113 111 112 109 105 111 110 101 110 120 121 122 122 121 121 122 122 123 126 128 128 129 129 129 129 128 127 127 127 127 125 122 121 123 125 126 127 125 124 124 124 124 124 125 124 121 121 122 123 121 119 117 116 120 122 122 123 124 124 124 123 123 125 127 129 131 131 131 130 131 129 122 125 130 127 125 126 125 128 128 127 130 129 126 130 130 129 130 117 121 127 114 122 127 119 116 115 111 103 105 101 90 89 84 80 70 63
90 90 94 96 97 99 104 103 104 109 109 110 114 113 112 113 112 107 114 112 105 107 118 120 121 121 120 121 122 123 123 125 127 128 128 128 128 128 127 127 127 126 124 123 122 124 125 124 124 125 123 121 122 123 124 124 125 124 122 122 121 122 122 121 119 118 120 122 122 121 122 124 125 125 126 128 130 131 131 131 131 132 133 131 124 127 128 127 130 131 129 128 130 132 129 128 129 132 131 129 133 124 118 129 118 119 128 120 119 118 114 102 106 104 92 91 86 82 75 66
92 93 95 98 96 99 104 104 105 110 110 111 114 115 115 116 114 108 112 115 108 102 112 119 119 120 120 120 121 123 123 125 127 128 128 128 128 127 127 128 130 129 127 126 125 123 124 125 125 124 123 121 121 122 124 124 124 124 122 122 120 120 121 121 121 121 123 123 121 118 117 121 124 126 129 129 130 132 133 133 134 135 135 130 126 125 125 131 133 133 131 128 131 131 130 130 132 132 131 129 133 128 116 126 121 119 130 118 124 120 113 106 108 105 95 93 89 84 77 70
93 95 98 100 98 100 105 104 105 110 111 112 113 116 116 116 116 112 109 116 112 103 107 118 119 119 120 121 122 123 124 125 127 128 128 128 128 128 128 129 130 129 127 125 125 125 128 128 124 121 120 120 121 122 122 122 121 120 121 123 123 122 123 123 122 121 124 125 123 119 117 119 122 126 129 130 132 133 133 134 135 132 133 126 124 125 129 134 133 132 133 131 131 132 132 131 131 132 132 131 133 130 118 123 125 113 128 120 121 124 115 110 108 105 101 96 93 88 79 73
94 96 99 100 101 102 106 106 105 111 112 113 113 117 118 116 118 114 110 114 115 108 102 113 120 120 121 121 122 123 124 126 127 129 130 129 129 129 128 128 126 125 124 125 127 127 128 127 124 120 118 118 119 121 122 121 118 117 119 123 124 124 124 123 123 122 123 125 125 123 120 121 124 127 130 131 131 132 133 133 133 132 134 126 125 127 130 134 133 131 132 130 132 135 132 131 130 132 133 130 133 132 121 120 124 118 125 125 119 124 121 113 107 106 107 97 92 90 80 75
94 97 100 100 102 104 107 108 107 112 113 114 112 119 120 116 118 117 112 110 115 110 103 109 116 120 120 121 122 123 124 126 127 129 130 130 130 130 129 128 127 127 128 130 129 126 124 123 123 120 118 120 121 122 123 123 122 120 121 124 125 125 124 123 124 124 122 122 124 123 121 123 127 129 131 132 132 133 134 133 133 135 133 124 128 128 131 136 136 134 134 133 133 137 133 132 130 130 132 130 131 132 127 119 123 130 121 128 123 121 123 118 110 107 105 103 91 91 82 76
94 97 101 102 103 105 107 108 109 112 114 116 114 120 121 119 120 120 113 109 113 114 104 103 112 119 121 121 122 123 124 124 126 128 130 131 131 131 129 128 128 129 131 131 131 130 129 127 126 124 124 124 124 124 124 125 125 123 123 125 126 125 125 126 126 126 123 122 124 125 125 127 129 132 134 134 133 133 133 135 136 135 129 127 129 127 131 135 135 134 134 135 134 135 135 132 131 131 132 132 133 135 130 122 124 130 116 129 124 118 123 123 114 109 101 108 98 90 84 76
95 98 102 105 104 103 107 111 110 110 114 118 115 117 120 118 118 118 117 110 110 114 108 103 108 116 120 121 123 122 122 122 125 129 131 131 131 131 129 129 129 130 131 131 132 133 132 130 129 127 127 127 126 126 126 127 126 123 122 123 126 126 127 130 130 129 127 124 124 126 127 128 131 133 134 134 133 130 130 133 136 132 122 131 130 128 131 133 134 134 134 135 134 132 132 130 131 131 132 132 135 136 130 126 125 126 121 125 128 120 121 125 119 114 103 103 101 90 85 77
97 101 105 108 106 104 109 113 110 109 112 116 114 115 117 116 116 114 115 110 108 105 110 105 106 110 117 119 122 123 123 124 126 128 130 130 130 131 131 130 130 130 132 132 131 131 129 128 129 128 126 126 125 126 126 127 126 124 122 123 125 126 128 129 129 129 127 124 124 126 126 127 131 132 132 133 132 130 132 133 134 128 127 133 132 131 131 134 136 134 133 132 131 132 130 128 129 129 131 131 133 134 130 127 125 124 128 120 131 124 117 124 122 115 108 100 105 97 88 82
99 103 106 108 108 106 110 111 109 108 110 112 111 111 111 109 109 108 108 110 106 102 108 108 104 105 115 119 121 123 125 124 125 126 128 129 129 130 131 130 130 131 132 131 130 130 129 128 129 129 128 126 124 126 128 127 125 125 125 125 125 124 125 127 126 126 125 126 125 125 125 125 128 129 131 132 131 132 134 135 132 124 129 134 132 131 131 132 134 134 133 131 130 129 128 126 129 128 131 130 131 131 128 127 121 122 127 119 124 125 116 123 122 114 112 106 105 104 91 86
99 102 105 107 107 105 109 106 105 104 106 105 106 106 104 104 105 105 103 107 107 104 103 103 102 102 109 118 120 122 123 124 124 124 125 127 128 128 129 129 129 130 130 128 128 128 129 129 129 129 128 127 127 129 128 125 125 126 124 124 127 127 126 127 128 126 126 126 125 124 125 126 127 127 128 128 129 130 131 132 128 122 128 132 129 128 128 128 130 131 130 129 130 129 129 128 129 129 130 130 129 129 127 126 122 122 122 125 116 126 121 118 124 118 113 109 105 103 95 89
100 102 103 103 105 102 103 99 97 97 100 98 98 100 99 99 101 102 97 99 102 101 100 101 104 104 105 112 118 121 121 123 121 121 123 124 125 126 127 127 128 128 127 125 124 125 128 129 128 127 127 126 126 128 126 124 123 123 122 122 126 127 127 127 124 122 124 124 124 122 124 125 126 125 125 126 128 129 129 129 126 121 126 130 129 127 126 124 124 126 125 126 128 128 130 130 128 129 129 131 130 129 127 127 123 124 122 124 115 122 124 114 122 119 114 111 107 105 96 92
99 101 102 101 100 94 92 89 92 92 90 89 90 95 95 94 95 97 95 96 98 101 104 104 106 108 107 108 115 119 120 120 120 121 120 120 121 122 123 124 126 126 125 123 123 124 126 127 126 127 128 126 124 124 125 124 123 121 120 120 123 126 125 124 122 121 122 123 122 122 123 125 126 125 124 124 126 127 127 127 124 121 125 128 129 128 124 122 122 124 124 125 125 126 129 130 127 127 127 130 132 131 127 128 125 125 124 116 122 117 122 121 120 123 115 114 111 108 99 94
99 99 98 95 90 84 83 85 87 83 78 81 86 88 89 91 92 93 95 95 97 101 102 100 98 104 106 104 107 112 115 116 117 117 116 117 118 118 120 122 123 123 121 120 121 121 122 124 124 126 126 124 124 122 120 122 122 121 121 121 122 124 122 122 122 121 119 119 120 120 121 122 123 123 122 122 124 124 125 125 124 121 123 125 124 124 122 121 120 120 121 121 121 122 125 127 123 122 123 125 128 130 127 126 124 125 125 116 121 121 118 121 116 122 117 115 115 109 102 97
96 94 88 85 83 82 81 79 75 73 73 77 81 83 84 89 91 90 92 92 92 91 93 95 90 91 98 100 99 102 107 110 110 110 111 114 115 114 115 116 117 117 116 116 116 117 119 119 120 121 120 120 121 120 118 119 120 120 120 120 121 122 121 121 119 116 113 114 117 118 118 119 119 120 119 120 122 122 122 121 119 117 118 120 119 120 121 120 117 114 113 115 117 116 117 117 114 115 115 117 120 121 122 122 119 118 123 121 116 119 113 117 116 114 116 114 116 111 108 101
95 88 82 81 83 80 76 73 72 73 73 76 79 79 80 83 82 79 83 85 83 79 80 83 82 80 82 89 90 91 97 100 100 102 105 107 108 108 108 110 112 112 112 112 112 113 115 115 116 117 117 118 117 119 118 117 117 116 118 118 119 119 119 118 117 114 110 111 115 117 117 118 116 116 117 119 119 119 118 117 115 112 112 114 114 112 113 115 112 112 109 109 111 108 106 106 102 102 103 105 108 107 109 112 112 112 116 120 115 117 112 115 118 109 112 113 115 112 111 105
87 82 80 82 81 75 72 73 75 75 74 73 75 76 76 78 79 77 75 75 73 69 69 71 71 71 69 73 80 80 82 85 88 91 94 97 99 99 102 104 106 107 107 106 106 108 110 111 113 116 115 115 115 115 114 114 114 115 117 117 116 115 115 113 112 111 111 113 114 116 117 116 114 113 115 116 116 115 114 113 112 108 106 107 107 104 104 105 103 104 103 99 97 98 97 98 96 94 94 95 97 97 97 98 104 106 108 114 111 113 113 115 115 110 108 110 112 112 111 111
85 81 79 79 75 72 72 73 73 75 78 78 79 79 77 74 72 70 68 64 63 60 58 60 60 60 62 62 64 67 68 71 75 77 80 85 87 89 92 95 97 100 101 100 101 103 106 107 110 113 112 113 114 112 111 111 112 114 115 115 114 112 110 106 103 104 107 109 110 111 114 114 112 111 111 111 112 112 111 109 108 104 101 103 102 101 99 97 96 95 95 95 95 95 93 93 92 91 92 90 91 92 90 91 94 98 100 106 107 104 104 111 115 111 106 106 110 109 110 113
85 80 78 78 76 72 72 74 76 77 79 80 80 79 76 73 70 67 66 62 59 57 53 52 53 54 57 58 58 59 60 61 64 67 69 73 76 79 82 86 89 92 94 95 96 98 101 103 106 109 110 110 111 110 109 109 110 112 113 112 110 109 108 102 99 100 104 106 107 108 109 110 110 109 107 106 105 106 106 105 102 100 97 95 93 92 90 87 89 91 93 93 92 92 90 88 87 85 87 87 89 88 86 92 93 93 92 100 110 105 99 102 111 110 104 107 110 106 109 114
86 85 83 81 78 76 77 78 76 77 79 81 84 85 85 83 81 75 71 66 63 62 59 55 55 54 54 56 56 57 58 57 57 61 63 64 68 71 73 76 79 83 85 88 89 91 95 99 103 106 106 107 107 107 107 106 107 109 110 110 107 107 106 104 103 102 102 103 104 104 103 104 105 105 102 99 96 94 94 94 91 87 83 79 78 79 78 77 77 78 80 80 79 79 81 81 81 78 81 82 85 84 83 87 91 92 91 95 103 108 106 99 107 112 101 107 109 109 108 112
84 84 83 84 84 84 84 82 80 81 83 83 82 84 85 84 83 81 79 74 69 67 66 63 61 61 59 58 58 58 59 59 59 59 60 61 62 65 69 70 72 77 79 82 83 85 91 96 100 102 102 104 104 103 104 104 105 106 107 107 105 104 104 103 102 100 99 99 100 100 99 99 101 101 96 91 86 83 80 78 75 73 70 68 67 65 62 61 57 61 64 65 67 70 72 73 77 78 81 82 84 84 84 87 88 88 90 89 94 102 104 101 100 109 111 107 106 107 109 113
87 87 85 86 88 89 88 89 89 88 89 89 86 88 91 91 89 89 90 87 82 79 77 73 71 72 71 67 66 64 63 63 62 62 61 60 63 64 65 67 68 72 75 76 78 81 86 91 95 98 100 100 101 100 100 101 102 103 105 105 104 103 101 100 99 97 97 97 96 97 96 95 96 95 89 83 79 74 71 67 65 64 62 60 56 55 55 54 56 56 57 59 60 63 67 70 75 77 80 82 84 84 86 89 88 90 89 89 88 94 100 104 101 103 112 110 107 106 106 110
87 88 88 88 92 93 94 96 98 96 94 94 93 94 96 97 97 97 98 96 93 92 90 85 82 82 80 75 74 74 70 68 67 66 65 64 64 66 66 67 69 71 74 75 75 77 83 87 91 95 97 98 98 98 97 97 98 99 101 102 101 101 99 97 96 96 95 94 92 92 91 91 90 88 83 77 74 71 68 65 64 62 62 61 60 62 63 63 62 60 60 60 63 66 70 72 77 78 77 83 88 90 94 98 96 95 96 100 98 96 99 104 104 107 111 112 108 110 108 110
88 89 91 90 90 92 95 97 98 98 101 103 102 102 103 104 103 104 105 104 101 100 99 96 93 92 91 86 84 82 78 75 73 72 71 69 67 68 69 69 70 73 75 74 74 76 81 85 89 92 94 95 95 96 97 97 96 96 98 99 99 98 97 95 93 93 92 91 89 88 87 87 86 85 80 75 73 70 68 67 66 65 66 65 65 66 65 65 66 66 66 68 71 73 76 77 80 81 82 87 93 96 100 103 105 104 101 103 104 105 110 109 106 105 112 114 109 110 110 111
89 90 90 90 91 93 95 96 97 100 103 104 103 106 109 108 107 108 108 109 108 106 104 102 100 99 98 95 92 89 85 83 81 79 76 74 72 71 71 71 72 73 75 75 74 76 80 83 86 90 91 93 94 96 96 96 95 95 96 97 97 96 95 94 92 91 89 87 86 86 86 85 83 82 79 75 72 70 68 67 67 67 67 67 68 70 70 71 74 74 77 81 82 85 89 91 93 94 97 99 100 104 104 102 104 107 108 107 107 107 110 110 108 103 111 117 115 108 109 112
86 86 87 90 92 94 96 97 100 102 103 104 107 109 109 110 111 110 109 110 110 109 107 106 105 104 102 100 99 96 93 90 88 86 83 81 78 76 75 74 74 74 74 75 75 76 79 82 85 88 89 90 92 94 94 93 93 94 94 95 95 92 91 93 93 91 88 86 84 84 84 82 80 80 77 73 71 69 68 68 68 69 70 72 75 77 77 80 84 86 90 92 95 99 102 104 107 109 110 111 110 113 114 112 113 116 118 117 114 113 111 112 114 108 105 113 114 108 112 115
88 88 88 89 92 94 95 98 101 102 102 104 108 110 109 109 111 112 110 110 110 110 109 108 108 107 105 104 103 100 98 96 94 92 90 88 84 81 78 77 76 75 75 75 76 77 79 82 86 88 89 89 90 91 91 91 91 92 92 94 94 90 89 90 90 89 88 87 84 83 82 80 78 77 76 73 71 70 70 70 72 75 77 79 82 84 87 91 94 96 98 100 103 106 109 112 114 115 116 117 118 120 121 122 121 121 121 119 119 117 113 111 114 115 108 111 111 108 110 113
88 89 90 90 92 94 96 97 98 101 103 105 106 107 108 109 109 111 110 110 111 110 110 110 109 108 106 106 104 102 101 101 99 97 96 93 90 86 83 80 79 78 77 76 77 77 80 82 85 87 88 89 90 91 91 90 90 91 91 91 92 93 92 92 91 89 86 83 82 81 81 80 78 77 76 74 73 72 72 74 76 78 81 85 89 91 95 97 101 103 103 107 108 110 113 115 116 117 116 117 117 117 117 117 116 116 117 118 118 117 117 118 116 115 116 110 109 108 107 110
87 86 88 90 91 92 94 95 97 100 101 103 105 106 107 108 108 109 110 111 111 110 110 110 110 109 107 106 105 103 102 101 100 99 97 95 92 89 85 82 80 79 78 77 77 78 80 83 85 87 88 88 88 89 89 88 89 90 91 92 92 93 94 93 92 90 87 83 81 79 79 79 78 77 76 75 75 75 76 79 82 84 86 90 93 94 97 101 103 106 108 111 112 115 116 116 116 118 118 118 120 120 122 122 122 123 122 120 118 118 119 116 112 110 110 111 112 106 106 110
87 85 86 88 89 91 91 92 94 97 98 100 102 104 105 107 107 107 108 109 109 108 108 109 110 110 108 107 105 103 101 100 100 98 96 94 91 89 86 82 80 80 79 78 78 78 80 82 84 86 87 87 88 88 88 88 87 89 91 92 91 91 90 90 91 88 85 83 81 78 76 77 77 77 76 76 76 78 80 84 87 89 92 94 95 96 98 101 102 106 108 110 113 114 116 116 116 118 120 119 119 122 125 123 124 126 124 121 118 115 116 115 112 109 108 109 110 108 107 109
87 85 85 87 88 89 90 90 91 91 94 96 97 98 100 102 104 104 105 107 107 107 107 107 107 107 106 105 103 101 100 99 98 96 95 92 90 87 85 82 79 78 78 78 78 78 79 80 81 83 85 87 89 91 92 91 89 90 92 92 92 90 87 87 89 88 85 84 82 79 78 78 78 79 79 79 79 80 81 84 88 90 92 94 96 97 99 101 102 105 106 108 111 112 113 114 114 115 117 116 115 118 121 122 123 121 120 120 118 113 113 113 111 110 110 108 108 110 108 108
86 85 84 84 85 85 87 88 87 87 88 90 90 90 92 94 96 98 99 101 101 101 102 103 102 101 100 99 98 96 95 94 93 92 92 90 88 86 83 80 78 77 77 77 77 77 78 79 81 84 85 86 88 91 91 91 91 91 92 94 93 88 88 91 88 87 86 84 83 81 79 79 79 80 80 79 80 81 81 82 86 88 90 92 93 94 97 99 100 101 103 104 105 107 108 109 110 112 114 113 111 114 115 117 116 116 117 118 115 112 111 111 108 108 109 108 105 106 108 106
83 83 81 80 80 80 81 81 81 81 82 84 84 84 84 86 87 87 88 92 94 94 94 95 94 94 93 93 92 91 90 89 89 88 87 86 85 84 81 78 76 75 74 74 74 75 77 80 82 84 86 88 90 92 91 91 92 93 94 95 90 80 82 88 89 87 86 83 83 81 80 79 78 78 78 76 77 78 81 83 85 86 87 88 89 90 93 95 96 97 100 102 103 104 105 106 107 108 110 109 107 109 109 111 112 111 109 109 110 108 106 105 103 104 106 106 105 105 110 110
79 79 77 75 73 72 71 69 69 69 68 68 68 68 67 68 68 67 67 72 75 74 75 79 79 79 79 80 80 80 81 82 82 82 82 80 80 80 78 75 74 74 74 73 73 75 77 80 83 85 87 90 93 93 94 94 94 96 98 97 88 83 86 86 87 87 86 84 83 81 79 78 77 76 75 72 72 74 78 82 83 83 84 84 84 85 88 89 90 92 95 97 97 97 99 99 99 100 101 101 101 102 102 104 106 104 103 103 103 102 101 101 100 101 103 104 106 107 111 114
68 66 62 62 60 59 56 54 54 52 50 50 50 50 50 50 51 51 52 50 48 47 47 51 51 51 51 53 56 58 61 63 65 67 67 68 68 69 70 71 72 72 73 72 72 75 77 80 83 87 89 92 95 95 96 98 99 100 101 101 93 91 95 94 91 85 83 83 83 80 77 77 76 74 72 71 70 71 72 72 72 71 70 70 70 70 73 74 73 75 77 78 78 79 80 80 79 80 82 83 83 84 86 86 87 87 88 90 94 95 93 94 97 98 98 101 104 107 108 108
52 51 45 41 39 37 36 36 38 38 36 35 35 34 34 35 35 36 37 35 33 33 34 35 34 35 35 36 37 37 38 41 46 50 55 58 58 57 58 61 65 68 70 69 70 74 78 81 85 89 91 94 97 98 100 100 101 103 106 107 102 97 99 100 97 89 83 85 85 80 78 75 72 69 67 64 62 60 59 58 58 59 60 60 60 59 57 58 58 62 66 68 69 70 72 74 75 76 76 76 75 74 74 74 75 74 74 75 80 83 83 86 89 92 94 97 101 100 96 91
34 35 37 38 38 38 40 41 42 41 38 37 37 37 38 40 44 46 48 47 43 42 43 36 33 31 29 26 25 25 25 26 28 29 31 36 42 45 50 52 53 59 63 65 67 70 75 81 86 90 94 97 98 100 102 104 104 104 105 107 105 101 101 101 98 91 88 88 83 77 73 67 62 61 58 56 55 56 56 57 58 58 56 53 50 47 45 44 44 47 49 49 50 51 54 55 58 61 64 68 72 72 69 68 68 68 67 68 66 66 68 72 75 80 84 86 86 83 80 77
43 53 56 53 52 53 55 59 59 54 50 48 47 46 46 47 52 58 61 58 50 44 44 46 42 42 42 40 39 38 36 34 33 32 30 30 32 34 33 36 40 42 45 50 56 64 70 74 78 83 89 95 98 102 106 108 107 107 106 110 115 111 101 96 95 88 85 81 74 71 66 57 51 49 49 49 46 43 41 40 38 35 30 25 25 26 27 24 23 23 22 21 21 21 22 22 23 25 32 40 45 47 46 49 53 55 57 59 59 61 63 63 66 68 67 68 67 67 68 67
57 60 62 63 69 72 72 74 73 67 62 58 54 51 49 47 49 54 58 59 54 45 40 37 31 31 31 32 33 33 33 36 40 41 41 41 42 45 46 40 35 32 31 33 36 42 52 62 70 76 79 85 90 95 100 106 107 107 105 102 103 102 99 94 93 86 80 72 64 53 46 43 42 43 40 37 35 33 34 38 38 35 33 35 38 42 44 41 38 37 35 35 35 35 35 35 33 33 39 41 38 34 31 33 36 41 47 51 55 60 66 69 71 70 65 61 59 59 59 57
57 68 78 79 76 72 68 67 66 65 64 62 60 57 54 53 52 52 53 58 61 55 46 40 35 30 29 28 28 28 29 32 36 36 36 42 44 49 60 60 56 48 40 35 31 28 31 36 39 46 58 70 81 89 92 97 97 94 91 90 90 89 88 85 74 59 49 44 45 44 40 38 39 41 43 45 49 53 56 57 49 42 44 48 48 48 46 42 36 36 38 38 38 39 45 47 53 61 65 61 56 52 51 50 46 43 42 44 46 47 54 60 65 67 70 68 64 58 53 47
71 80 80 77 73 70 68 66 64 62 63 63 63 62 62 62 60 57 54 53 55 56 52 46 41 35 31 30 30 31 34 37 39 41 41 42 41 49 56 61 67 66 62 55 45 36 28 24 23 24 29 34 43 57 71 79 87 87 84 81 72 55 43 37 33 29 29 30 32 37 44 54 60 63 63 62 62 62 58 50 43 40 43 49 51 50 45 40 35 32 30 30 30 36 43 48 57 63 61 57 59 64 69 72 74 72 64 57 49 48 47 45 53 61 63 66 68 62 50 43
80 78 76 75 72 70 69 67 64 63 64 65 66 67 69 71 70 68 65 60 58 55 52 50 47 44 41 39 39 41 45 48 51 54 55 56 55 59 59 61 65 66 68 71 69 59 38 27 21 20 23 27 30 30 36 42 52 53 48 42 36 30 27 26 25 23 20 24 43 64 75 77 74 68 63 59 61 62 56 50 49 51 53 55 57 56 51 47 43 38 36 37 41 47 51 57 61 60 62 66 71 76 79 81 82 81 79 74 63 53 52 52 49 53 60 65 61 53 45 39
81 76 75 74 73 71 70 68 66 65 66 67 68 71 73 75 77 79 79 77 75 72 68 64 61 59 58 57 56 56 57 59 62 64 66 68 69 68 66 66 65 66 68 73 78 78 61 39 25 21 19 19 23 24 24 24 25 23 22 24 26 23 21 20 20 20 25 52 78 85 82 78 73 68 64 61 63 66 64 64 65 66 66 64 63 60 58 56 54 51 49 51 54 57 61 64 65 68 72 76 79 80 81 81 80 79 77 76 75 65 52 53 58 49 46 52 50 49 40 31
81 75 74 74 73 72 71 70 68 67 69 70 71 73 75 77 79 81 82 81 81 81 80 78 75 71 69 67 65 64 63 63 64 64 65 67 68 68 67 67 67 69 72 77 82 85 80 59 32 20 20 19 17 17 19 22 23 22 23 24 22 20 20 20 21 23 46 78 85 82 80 78 75 70 67 65 66 68 71 72 73 74 73 71 70 69 67 66 65 63 63 64 67 69 72 75 77 79 81 81 82 80 79 78 77 76 75 74 75 76 65 55 60 62 46 45 48 48 42 34
80 74 75 75 75 74 74 72 71 70 71 72 74 76 79 81 81 82 82 81 80 80 79 77 74 71 69 67 65 64 64 63 63 63 64 65 66 67 68 69 70 73 75 79 85 88 85 76 45 21 19 19 19 22 24 24 24 25 26 28 28 26 25 22 21 30 62 81 81 81 79 78 76 73 72 70 68 69 72 73 74 73 72 70 70 70 70 70 70 71 72 74 76 78 81 82 83 82 82 82 80 79 77 76 75 74 74 75 76 79 77 62 60 62 55 47 48 47 48 38
78 74 75 76 77 76 77 76 75 74 75 77 78 80 83 85 87 87 86 85 84 83 81 78 75 74 71 69 67 66 66 66 65 65 65 66 66 67 69 71 74 76 79 84 87 87 85 85 55 23 20 19 23 29 31 31 30 31 31 31 29 27 28 26 20 39 67 77 76 77 79 80 79 78 77 75 72 71 71 72 73 72 70 70 69 69 69 69 69 71 72 73 74 75 76 78 79 79 80 80 80 79 79 77 76 75 76 78 81 84 84 70 63 67 65 51 47 53 55 43
81 76 77 78 79 78 79 80 79 78 80 81 82 84 86 89 90 88 88 90 90 89 86 83 81 79 76 74 72 70 71 70 69 68 67 67 67 68 70 73 76 79 84 87 89 86 85 89 61 23 19 23 34 42 43 44 45 47 47 46 44 37 29 27 21 45 63 67 71 69 74 78 80 80 79 77 74 73 72 72 72 71 71 71 71 71 71 70 70 71 73 74 75 77 78 79 80 82 81 80 81 81 80 80 80 81 82 85 87 91 91 79 69 74 73 61 50 49 53 48
85 80 79 81 81 81 82 83 83 83 84 84 86 87 89 91 92 91 91 93 93 91 89 88 86 84 81 78 75 74 74 72 71 70 70 69 70 71 73 75 77 81 85 88 88 85 82 93 59 21 19 30 43 46 47 54 57 60 60 59 58 54 41 30 25 45 63 56 68 64 71 78 80 81 80 78 76 75 74 74 74 73 73 74 74 74 74 74 74 75 76 77 79 81 82 83 84 84 83 82 82 82 82 83 84 87 89 92 95 97 98 87 73 75 75 63 53 50 56 66
85 89 81 84 84 84 85 87 87 87 86 87 88 90 91 93 94 94 93 93 92 91 90 89 89 86 84 81 78 77 76 74 73 72 71 71 72 73 76 78 81 85 87 88 87 72 86 91 50 19 23 37 45 49 58 70 75 77 76 74 70 64 56 36 27 43 71 47 66 66 67 78 83 84 83 80 79 79 77 77 77 76 76 76 76 77 78 78 78 79 80 82 84 85 85 86 87 86 85 84 84 84 85 86 89 92 95 98 101 101 102 88 77 77 79 63 55 55 62 78
76 100 86 84 86 87 88 89 90 89 88 88 89 90 91 92 93 93 92 92 91 90 89 89 88 86 84 82 79 77 76 74 72 72 72 73 74 77 80 83 85 87 89 90 77 72 102 85 38 19 31 43 49 59 75 89 94 95 93 90 85 76 68 48 31 33 72 60 52 71 68 75 83 85 85 84 82 82 80 80 80 78 77 77 77 77 78 79 80 81 82 83 85 86 87 88 88 88 87 86 87 88 88 89 92 95 98 101 103 104 106 89 83 82 78 63 58 59 71 78
66 88 96 87 89 90 90 92 92 91 90 89 89 90 90 91 91 91 91 90 89 88 88 87 86 85 83 81 78 76 75 73 72 71 72 73 75 79 83 86 88 90 90 80 68 99 99 71 27 23 38 48 57 76 96 109 111 111 109 104 97 88 79 64 37 30 58 81 45 63 76 72 77 84 85 85 84 84 82 82 81 79 77 76 77 77 78 79 80 82 83 84 85 85 86 87 87 88 88 88 90 90 90 91 94 97 99 102 104 110 107 87 84 88 75 62 68 76 77 81
65 70 93 99 91 92 93 93 93 92 90 88 87 88 89 90 90 91 91 90 88 87 88 86 85 84 82 80 78 76 74 73 71 71 71 72 75 79 83 88 89 88 78 68 94 109 83 40 22 32 45 57 74 97 117 126 126 125 124 120 112 101 90 79 49 32 37 74 69 43 67 79 74 79 86 87 86 86 85 84 82 80 78 76 76 76 77 78 79 80 82 83 83 84 85 86 87 88 88 89 90 92 93 94 97 99 101 103 106 112 101 80 80 82 70 74 91 83 89 102
62 67 75 90 97 94 93 93 93 91 89 88 86 86 86 86 87 88 89 89 87 87 86 84 83 81 79 78 76 75 73 73 73 73 73 75 77 81 85 85 82 73 71 99 109 75 45 25 28 41 57 74 96 117 132 137 135 133 131 130 127 121 104 88 70 41 31 45 77 64 44 64 78 76 79 84 88 87 85 84 81 79 77 76 75 76 76 76 76 78 80 81 82 83 84 85 86 86 86 88 90 92 94 97 99 101 103 105 108 108 86 74 73 67 82 91 81 86 104 103
45 52 64 75 85 94 93 93 92 92 90 87 85 83 82 82 83 83 84 84 84 83 82 81 80 78 77 76 75 73 72 73 74 75 77 78 78 78 76 76 79 86 103 99 61 26 21 28 40 57 77 97 113 126 136 139 137 135 133 135 137 136 125 105 87 62 39 31 43 67 56 42 56 74 81 81 80 82 83 82 80 79 78 77 77 76 74 74 75 77 78 80 80 80 81 83 83 84 86 87 88 91 94 97 99 101 102 106 105 88 75 74 69 76 90 77 85 102 101 107
48 39 38 52 67 77 81 84 85 86 83 80 80 80 80 79 79 78 78 78 78 77 77 77 76 75 75 74 74 74 74 73 72 71 68 67 68 70 74 80 86 90 76 39 20 20 27 40 56 76 97 113 121 128 134 137 136 135 137 141 141 141 142 128 104 84 60 41 31 36 52 52 45 51 63 76 80 79 77 76 75 75 77 77 75 76 77 77 77 76 77 78 78 79 80 80 81 82 83 86 86 89 94 96 97 99 105 103 89 78 73 65 75 80 71 77 99 101 106 122
63 52 35 29 33 44 56 66 74 75 72 71 68 63 59 58 59 59 59 62 64 63 63 65 64 64 64 62 61 60 60 59 59 61 64 70 76 78 80 77 63 42 21 19 27 37 47 63 81 98 111 118 122 128 131 133 134 134 138 137 135 145 149 141 125 106 86 63 44 32 31 42 50 51 46 49 59 65 69 72 72 73 74 74 73 74 77 78 77 76 76 76 76 77 77 77 79 80 81 84 86 89 93 95 95 98 95 80 73 64 52 62 74 65 70 93 104 112 124 127
85 75 64 49 36 26 25 29 36 48 60 69 73 74 73 72 70 68 67 62 60 60 57 51 52 53 54 56 60 64 67 72 78 80 81 81 75 66 51 37 27 25 31 40 49 61 73 88 101 112 118 119 122 128 130 130 131 132 135 129 130 146 150 142 137 128 113 93 70 50 38 31 37 45 49 49 45 44 47 50 53 56 60 64 66 65 67 67 66 68 70 71 71 71 71 72 74 74 75 77 79 82 85 84 79 73 62 48 42 36 46 61 62 72 94 109 119 126 126 124
104 97 92 84 75 61 48 37 27 21 21 24 30 41 49 55 62 66 69 76 82 82 85 90 89 89 89 88 87 83 80 75 68 62 53 44 34 26 29 35 43 49 54 62 70 81 93 104 111 115 118 119 122 127 129 130 130 130 130 124 129 148 149 143 141 138 133 121 100 81 67 53 43 36 37 40 43 44 43 44 45 45 44 43 42 43 49 52 53 53 54 54 54 55 56 57 60 61 60 61 60 57 53 49 42 34 29 25 29 43 59 65 81 102 115 120 122 124 124 121
107 104 102 101 99 93 85 77 71 61 50 40 32 26 22 21 21 21 22 25 27 27 31 38 39 38 38 36 34 31 29 26 26 27 30 34 41 48 55 59 63 67 72 80 88 96 104 111 114 114 117 119 122 124 127 130 129 128 128 126 134 145 144 143 143 142 142 138 124 107 93 84 74 62 54 45 40 37 35 36 37 38 40 42 43 42 39 40 41 42 44 44 44 45 46 46 46 44 40 37 33 28 25 24 24 28 36 49 60 73 84 99 108 113 116 116 118 121 122 119
107 105 105 105 103 99 96 94 93 89 83 78 74 69 63 58 53 50 48 43 39 39 37 32 32 33 35 37 39 42 45 48 52 56 58 61 63 67 71 74 78 82 87 95 102 105 108 113 115 113 116 119 121 122 124 128 128 127 128 130 137 140 140 143 144 144 146 145 140 129 115 103 93 85 80 73 67 63 56 49 45 41 37 34 34 34 30 29 29 31 33 31 30 29 27 26 26 25 25 27 30 34 39 45 55 65 74 83 89 93 99 104 107 111 115 118 119 120 120 119
107 108 108 107 105 104 102 100 97 95 91 89 88 84 80 77 76 75 74 71 69 68 66 64 64 64 65 65 65 66 66 66 68 68 70 73 75 79 84 88 92 97 101 106 110 111 111 113 115 112 112 117 120 121 124 127 129 128 127 131 135 137 141 143 145 146 149 149 147 143 130 115 105 101 96 90 84 80 76 73 70 65 62 60 58 55 52 49 49 44 41 42 42 43 45 47 49 53 56 61 67 71 73 77 81 84 86 89 94 97 100 106 110 113 115 118 121 121 120 120
107 109 109 109 108 107 106 106 104 100 98 97 95 92 89 87 85 83 82 80 79 78 77 76 76 75 75 75 75 75 75 77 78 79 82 83 86 89 93 97 101 106 109 110 111 110 110 111 113 113 113 117 120 123 124 126 128 128 127 130 133 135 141 142 143 146 148 152 152 145 136 126 120 117 112 105 97 91 84 80 78 77 76 76 76 74 72 72 72 71 70 71 72 72 72 73 73 75 76 78 80 80 82 85 86 89 91 95 98 102 106 110 112 114 115 118 121 121 121 121
107 108 109 111 111 109 109 109 107 104 103 102 101 99 97 96 95 92 90 90 89 88 87 87 87 85 84 84 82 82 83 84 86 88 90 91 93 96 98 102 106 109 111 110 109 108 108 109 112 115 117 117 120 123 124 124 125 126 126 128 132 136 139 141 142 144 148 152 151 145 142 138 134 129 123 115 105 98 93 88 86 84 82 80 80 80 79 78 78 77 77 78 79 80 80 81 81 82 83 85 86 87 89 90 92 95 98 101 102 105 110 113 115 117 118 119 121 121 121 121
106 108 109 111 111 110 109 110 110 107 106 106 106 105 103 102 102 101 98 97 95 94 93 93 93 91 92 91 87 87 89 89 92 93 95 97 99 101 103 106 109 110 110 107 106 107 108 108 111 114 115 115 118 122 123 123 124 124 124 128 132 134 137 141 142 143 147 149 149 148 145 142 137 130 124 117 108 102 97 93 90 88 87 86 86 85 85 85 85 84 84 86 87 87 87 88 89 89 88 89 92 93 94 95 97 100 103 105 106 110 114 116 118 119 121 122 121 121 121 120
107 108 109 111 112 112 111 111 112 111 110 110 111 109 107 108 108 108 106 105 104 103 101 100 100 99 99 98 96 96 97 98 99 99 100 101 102 103 104 106 108 107 106 104 105 107 107 105 109 113 113 114 118 120 122 124 124 123 125 130 135 137 140 141 142 143 147 149 148 146 141 137 133 129 122 115 108 103 99 96 93 91 91 91 90 90 90 91 91 90 91 93 94 94 94 95 94 94 93 94 97 98 99 99 101 105 107 108 109 114 116 117 118 120 121 122 121 122 121 117
107 108 110 112 114 115 114 114 116 117 115 115 114 111 110 112 113 113 113 113 113 112 111 110 107 105 104 104 104 103 104 104 105 105 103 103 102 101 101 102 103 102 102 102 103 106 107 105 108 113 113 113 117 119 121 123 124 124 127 130 135 140 142 141 143 147 150 150 145 142 139 135 130 125 118 111 106 102 98 96 94 93 94 94 94 95 94 95 95 95 96 97 98 99 101 102 101 101 103 104 104 106 107 107 109 112 112 114 116 118 119 119 121 122 122 121 120 120 118 115
107 109 110 112 114 118 118 117 119 121 120 119 118 116 115 116 115 115 117 118 119 117 117 115 110 107 106 106 106 106 107 107 107 106 104 102 101 99 97 96 95 96 97 98 100 103 106 107 109 113 115 115 116 118 121 123 124 126 128 131 138 141 140 141 144 148 148 146 143 139 135 130 124 118 112 106 101 98 96 96 95 96 97 98 98 99 98 99 100 101 102 103 105 106 109 110 110 109 113 115 114 115 116 116 117 117 118 120 121 121 122 122 123 122 121 120 118 118 116 113
106 108 110 111 113 116 118 120 121 122 123 121 120 120 118 117 114 115 118 118 118 117 117 117 113 111 110 109 108 108 108 106 105 103 101 99 97 94 91 89 89 90 91 93 95 98 102 105 108 110 112 113 114 117 121 126 126 127 129 135 144 144 140 142 145 145 143 142 138 133 128 123 118 113 108 102 97 94 94 95 95 96 97 98 100 101 101 102 105 106 107 109 110 111 112 114 116 117 118 118 120 121 121 121 121 122 123 124 122 121 124 125 124 123 122 120 119 120 115 110
105 107 109 111 112 114 116 117 118 122 122 119 119 119 116 115 115 115 117 118 117 115 115 113 109 111 110 109 108 107 107 104 102 99 98 97 94 91 88 86 84 85 86 90 92 95 99 103 105 106 109 111 113 116 123 132 133 130 132 139 150 151 145 142 143 142 139 138 132 126 121 117 115 111 106 101 96 92 90 91 92 94 96 97 99 101 103 104 106 106 106 109 111 111 112 114 118 120 120 119 122 124 123 123 124 125 126 127 127 126 127 127 126 124 122 121 120 119 115 109
105 107 109 110 111 113 116 117 117 118 118 118 118 117 116 116 117 117 118 119 118 115 115 112 109 109 108 108 105 105 104 102 100 98 96 94 91 87 83 81 81 82 86 92 92 93 99 104 105 106 110 112 115 120 128 138 139 136 136 142 151 151 147 144 145 144 138 133 129 124 118 114 112 110 106 101 96 90 88 89 91 92 94 95 97 100 102 103 106 107 107 110 111 112 114 116 119 120 119 121 123 124 123 125 127 127 126 128 128 127 127 126 126 125 122 120 119 116 112 111
104 106 108 110 111 112 115 117 119 119 118 119 120 118 118 118 118 119 118 118 118 114 112 110 110 108 106 107 104 102 101 100 99 98 95 91 86 82 79 78 78 82 88 93 92 92 97 103 106 108 111 114 118 123 131 139 140 137 135 141 150 148 146 145 148 148 140 133 130 124 117 114 112 110 106 101 95 90 87 87 90 91 93 94 96 99 101 103 106 108 110 113 114 115 117 118 120 119 119 122 124 125 124 127 129 128 127 128 127 126 126 125 125 123 121 119 115 112 111 111
103 106 108 111 112 113 115 117 120 121 119 119 120 121 120 118 119 120 118 116 116 112 109 109 108 106 104 103 101 100 100 100 99 96 94 89 83 80 79 80 81 85 93 95 94 94 98 103 107 109 114 121 122 123 131 139 139 134 134 141 147 148 149 149 153 152 147 140 133 125 120 118 116 114 111 104 98 92 86 84 87 90 92 94 96 99 101 103 105 108 111 114 115 116 117 118 120 120 120 123 124 124 124 127 129 128 125 125 123 123 125 123 119 118 118 114 108 109 112 107
103 105 108 110 112 114 116 117 119 120 119 118 120 123 120 118 119 120 118 116 115 112 110 109 108 107 106 105 103 103 101 99 97 94 92 88 83 81 80 82 86 93 99 99 97 97 100 105 108 112 122 129 128 125 130 139 138 131 130 136 143 144 148 154 162 164 157 146 137 129 125 124 122 119 118 110 102 94 84 80 82 86 90 93 95 97 100 103 104 107 110 113 115 116 117 118 120 120 120 122 123 123 123 126 127 124 124 124 122 120 123 119 113 116 118 114 111 111 110 104
102 104 106 108 112 115 116 118 119 120 122 119 120 123 119 118 119 118 117 115 114 113 112 110 109 109 109 108 106 105 102 99 96 93 90 86 81 79 77 80 90 100 103 101 99 98 100 104 107 115 126 130 131 129 128 130 130 127 127 131 138 141 145 152 166 177 169 149 141 135 130 129 128 127 125 118 105 94 84 77 79 84 87 91 93 94 97 100 102 105 108 111 113 114 115 117 119 118 119 121 121 122 123 124 124 122 122 123 122 120 120 118 116 118 117 115 113 111 109 107
103 104 105 106 111 113 114 117 119 120 122 122 121 120 119 118 117 116 116 115 114 112 111 109 109 109 109 108 107 105 103 100 97 93 89 84 80 77 75 81 94 103 102 101 101 102 100 101 106 114 122 126 128 127 125 123 123 124 125 127 130 134 139 146 156 162 157 147 142 139 137 136 136 135 132 125 110 97 85 77 77 82 84 88 90 92 95 97 100 104 106 108 111 113 115 116 119 119 119 121 121 120 122 123 122 122 123 122 121 121 120 119 117 116 115 114 112 111 110 108
102 104 104 105 110 112 112 115 119 120 121 123 122 120 121 122 119 117 117 115 113 112 111 109 109 109 107 106 104 102 100 99 96 93 87 83 80 77 77 85 97 102 100 102 106 106 102 99 103 108 112 117 121 121 119 119 120 120 122 123 126 128 131 136 140 141 141 143 145 146 146 147 147 147 144 135 118 101 88 79 75 79 82 86 89 91 93 95 97 101 103 106 110 113 115 115 117 118 118 121 121 120 123 124 123 124 125 123 122 123 122 119 117 117 117 115 112 111 110 109
101 103 103 105 109 113 114 116 118 119 120 121 122 121 122 125 124 122 121 118 115 114 112 111 110 108 106 106 104 102 100 97 94 90 86 83 80 79 80 89 99 102 103 106 110 110 104 99 98 100 103 107 110 111 110 111 115 116 116 119 122 122 123 126 127 128 126 128 137 144 146 151 155 156 151 139 122 103 91 79 74 77 82 86 89 91 92 96 98 102 105 108 110 113 115 116 117 118 119 121 122 122 123 124 124 124 124 123 122 123 123 120 118 118 118 115 112 113 111 109
101 103 104 105 108 111 114 115 118 119 119 120 120 119 120 123 123 123 122 121 119 117 113 111 110 108 106 105 102 100 97 94 91 88 86 83 81 79 83 92 100 103 106 109 112 112 106 98 93 93 95 96 98 100 101 104 109 110 110 113 115 115 116 116 116 114 114 116 123 130 136 143 150 151 145 136 122 104 92 80 75 77 81 85 89 91 94 97 100 104 107 109 111 113 115 116 119 120 120 120 121 122 122 122 121 121 121 122 122 121 121 119 118 117 117 114 113 113 111 109
101 103 104 107 109 111 113 115 118 118 118 119 119 119 121 122 121 120 121 119 118 117 116 113 112 109 107 104 101 98 95 92 90 88 86 84 82 82 86 93 99 102 105 107 108 107 103 96 90 88 88 88 89 91 93 97 101 103 106 106 105 104 103 103 103 103 105 108 112 117 122 127 133 136 133 129 119 104 91 78 77 79 81 85 90 92 94 98 101 105 107 108 111 113 115 116 119 120 120 120 121 120 119 121 121 120 120 121 121 120 119 119 117 116 116 114 113 112 111 109
100 102 105 107 109 111 113 115 116 118 119 120 120 119 121 120 118 119 120 118 116 117 116 114 112 109 107 104 102 99 96 94 93 91 89 87 85 84 87 93 98 101 103 102 100 98 96 91 86 84 83 82 81 81 84 88 91 95 98 97 94 92 91 91 92 93 96 99 103 105 108 112 117 121 122 121 114 103 91 80 80 82 85 89 94 97 98 101 103 106 108 110 113 115 117 119 120 120 121 122 122 120 119 120 121 120 120 121 120 118 119 118 116 115 116 114 112 112 111 109
100 102 105 107 108 110 112 114 116 117 119 120 119 119 120 120 118 118 120 118 117 117 115 112 111 108 106 103 101 99 97 96 95 93 91 90 88 87 89 94 97 98 97 94 90 87 86 82 77 74 73 73 72 72 76 81 84 87 88 86 83 81 80 81 81 80 81 81 80 81 85 92 100 106 110 112 108 100 90 84 85 87 92 96 99 102 103 105 107 108 110 113 115 117 119 120 121 121 122 122 120 119 119 120 120 117 118 121 119 117 119 117 115 116 115 113 113 112 111 108
100 102 104 106 107 109 111 113 114 114 116 118 119 118 118 118 117 118 118 116 114 115 114 112 110 108 107 105 102 100 99 97 95 95 94 93 93 94 95 95 93 91 87 82 77 69 64 58 51 49 53 59 62 64 69 73 77 79 79 78 76 73 73 69 62 55 50 47 44 46 54 67 80 89 97 102 100 96 91 92 93 94 98 102 103 106 108 109 110 110 111 113 115 116 117 118 120 121 121 119 118 120 119 120 119 117 117 118 117 118 118 115 115 115 114 113 113 112 110 109
99 102 104 106 108 109 111 112 112 112 113 116 118 118 117 117 116 115 116 115 114 113 113 113 111 109 108 107 106 104 102 100 98 99 99 99 99 100 101 98 90 82 76 69 60 49 41 38 40 47 56 62 67 68 68 69 70 71 71 71 70 70 66 58 49 45 45 43 41 43 49 58 67 77 86 92 95 98 100 102 104 105 107 109 110 111 111 112 112 112 112 114 115 116 116 117 119 121 121 119 119 121 120 119 119 118 117 117 116 116 116 115 115 114 112 112 113 112 110 109
98 102 105 106 107 108 111 113 112 112 114 115 116 116 116 117 115 114 114 114 113 112 113 113 112 112 111 110 109 106 105 104 104 105 106 106 106 105 105 103 98 87 74 63 56 49 46 49 59 67 73 77 79 81 79 74 69 66 66 66 66 68 69 66 64 66 66 63 59 58 59 62 68 76 85 95 105 111 113 115 117 117 117 117 117 116 116 116 116 116 116 118 118 118 118 118 119 120 120 120 120 121 121 119 119 117 118 119 118 116 115 115 115 114 112 112 112 111 110 109
99 102 104 105 106 108 110 112 112 113 114 115 115 115 114 115 114 114 114 114 113 113 113 113 113 113 112 111 110 108 107 107 108 109 109 110 110 110 110 109 107 98 85 75 67 63 61 65 73 80 85 89 90 91 91 86 78 74 72 72 74 79 83 84 84 88 89 86 79 74 74 77 83 91 102 113 121 123 124 126 128 127 125 124 123 121 120 120 119 119 119 120 120 119 119 120 120 120 121 121 121 123 122 121 122 121 121 121 120 118 116 115 115 114 115 114 112 110 109 108
98 101 104 105 107 109 110 112 112 112 113 114 115 114 113 114 114 114 114 115 114 113 114 113 113 113 113 112 111 109 109 110 111 111 112 113 114 114 114 114 110 105 99 93 85 79 78 79 83 90 95 99 102 102 101 97 90 86 84 84 86 92 97 98 99 104 109 106 97 94 96 100 106 113 121 126 130 132 133 134 133 133 131 128 127 125 123 123 123 121 121 121 121 119 118 119 120 120 120 121 122 123 123 122 122 122 121 121 121 119 118 117 115 114 114 113 111 110 110 108
97 101 103 106 107 108 109 111 111 111 112 114 114 113 113 114 114 114 115 116 116 115 114 113 113 112 112 111 110 110 111 113 114 115 115 116 117 117 117 116 114 113 110 106 100 95 90 88 90 97 102 107 111 112 110 105 98 95 95 93 95 101 107 109 110 115 119 117 113 113 116 120 125 131 135 135 135 136 136 135 134 134 133 131 129 128 126 125 125 124 123 123 123 122 120 121 122 122 122 122 123 123 124 124 123 120 120 121 121 120 119 117 115 114 114 113 111 110 109 107
97 100 102 104 106 108 109 111 111 112 113 114 114 114 114 114 114 115 116 117 117 116 115 114 113 112 112 111 111 112 114 115 115 116 116 117 116 115 115 116 117 117 116 113 112 109 103 98 100 103 108 110 113 115 114 109 103 101 100 98 101 108 114 117 119 123 126 126 126 125 128 134 138 140 141 140 140 138 137 136 135 135 134 133 130 129 129 126 125 126 125 125 125 125 123 123 125 126 126 126 126 124 123 125 126 123 122 121 120 119 119 118 115 115 115 112 110 109 107 106
97 99 101 103 105 107 109 110 111 113 113 113 114 114 115 116 116 116 117 118 118 116 116 115 114 113 113 113 114 114 115 115 116 117 117 118 116 115 115 116 117 118 119 118 116 114 108 105 107 109 110 112 113 113 113 112 109 108 104 103 107 112 117 120 123 126 130 131 132 134 136 140 142 140 141 140 141 139 138 136 135 135 134 133 132 131 130 128 127 126 126 125 124 124 123 123 124 124 126 126 126 125 124 127 126 124 124 121 118 119 119 117 115 114 113 112 110 109 108 107
96 98 101 103 104 107 108 109 111 113 113 111 113 115 115 117 118 118 118 119 118 117 117 116 115 115 114 115 115 115 116 117 117 117 118 118 116 115 115 116 115 116 118 118 115 112 109 108 109 110 109 111 112 112 111 112 115 113 109 109 113 114 115 118 121 125 129 132 133 135 137 138 138 138 140 140 140 138 137 136 134 135 134 133 133 131 130 130 130 128 127 126 126 125 123 124 125 124 124 124 125 125 125 125 123 123 123 121 119 118 117 116 114 113 112 112 110 108 107 106
95 98 100 103 104 106 107 108 109 112 112 111 114 115 114 116 118 118 118 119 118 118 118 116 116 116 115 115 116 116 117 117 118 118 118 117 116 114 114 114 114 113 113 114 112 110 108 108 108 107 107 108 110 111 110 111 115 114 109 111 114 114 114 115 119 124 128 129 130 131 131 132 134 137 137 137 137 136 136 135 134 133 131 131 132 131 130 130 130 130 128 127 127 126 125 124 123 124 123 123 124 124 124 124 122 121 122 121 119 118 117 116 114 113 113 112 109 108 107 105
94 96 98 101 104 106 107 108 109 112 112 111 113 115 114 116 118 118 117 118 117 116 116 115 116 116 115 115 115 115 116 116 117 117 117 117 116 114 114 114 113 111 110 110 109 109 107 105 105 106 106 106 109 108 107 108 109 108 105 106 110 112 112 112 115 120 123 125 126 126 127 128 129 132 131 132 133 134 135 134 133 131 130 130 131 131 131 129 129 130 128 127 127 126 126 125 124 125 126 126 125 124 123 123 122 121 121 120 118 117 116 116 114 113 113 111 108 108 106 104
92 95 97 101 103 105 106 107 109 111 111 111 113 114 115 115 116 117 117 117 116 115 114 113 114 115 115 115 115 115 115 116 116 116 116 117 116 115 114 113 110 108 108 107 107 107 108 105 104 106 105 106 107 105 105 105 105 102 101 102 107 109 109 109 112 115 118 122 123 124 125 128 129 129 128 129 130 131 133 132 132 132 132 131 131 130 130 129 129 129 128 127 127 127 128 129 128 128 129 128 128 126 124 123 121 121 121 119 117 116 115 114 114 114 113 110 108 107 105 103
91 95 97 100 102 104 105 106 108 110 112 112 112 113 115 116 116 117 117 117 115 114 114 113 114 115 115 115 115 115 116 116 116 116 115 116 115 114 113 110 108 108 109 108 105 105 109 108 106 107 105 104 103 102 103 104 103 100 99 102 106 108 108 108 109 113 116 118 120 122 124 126 126 125 124 126 128 129 131 131 131 131 131 131 130 129 129 128 129 129 129 129 129 128 128 129 128 127 127 126 126 125 123 122 121 120 119 118 117 116 113 113 114 114 113 110 107 106 105 101
90 94 97 99 101 103 104 106 108 109 111 112 112 113 115 117 118 117 116 116 115 114 114 114 114 115 115 115 115 115 115 115 115 115 115 114 113 112 110 109 108 108 109 110 108 106 106 106 106 107 104 101 102 103 104 105 103 100 99 101 103 105 108 108 108 112 114 115 117 119 120 120 119 119 121 123 125 126 127 128 128 128 128 128 127 128 128 128 128 129 130 130 130 130 129 128 128 127 126 125 124 123 122 122 121 120 117 117 117 115 113 114 113 112 112 110 107 105 104 94
87 93 96 98 100 102 103 104 106 107 109 111 113 114 115 117 116 115 116 114 113 112 112 112 113 114 115 114 114 114 114 113 113 112 112 111 110 109 108 107 106 106 107 108 106 105 103 100 100 101 99 98 101 103 104 105 103 101 100 99 101 105 109 109 109 111 112 112 113 114 115 116 117 119 120 120 121 121 121 124 123 123 124 124 124 126 127 127 127 129 130 129 129 130 128 127 126 124 124 124 121 120 121 120 120 119 118 118 117 115 114 113 112 111 111 109 106 105 102 84
81 91 93 96 100 101 102 103 105 106 108 110 112 113 115 116 115 114 115 113 111 112 111 111 112 112 112 112 112 112 112 112 111 110 109 108 106 106 105 104 103 104 104 104 102 100 100 98 97 97 97 97 101 103 104 105 104 101 99 98 102 108 110 110 110 111 112 111 111 112 112 114 115 116 117 117 118 118 119 119 120 119 120 122 122 122 124 126 126 127 128 128 128 128 127 126 124 119 121 124 122 120 119 118 118 118 118 118 116 114 113 112 111 111 109 107 105 104 97 75
75 89 93 96 99 99 100 101 103 105 106 108 111 112 113 114 114 113 113 111 111 111 111 110 110 110 110 110 111 111 111 111 110 108 106 104 103 103 102 101 102 102 102 100 100 98 97 97 96 96 98 100 104 106 107 108 107 104 101 101 105 109 110 109 111 114 116 116 114 114 114 115 114 114 115 114 114 115 115 114 115 115 116 118 119 119 120 122 123 124 126 127 127 126 125 125 124 123 123 122 121 121 118 117 117 118 117 116 115 114 113 111 111 111 109 106 105 103 88 69
67 83 93 95 98 98 98 100 101 103 105 107 109 111 112 113 113 113 112 110 110 110 110 109 109 108 108 109 109 109 109 109 107 104 102 101 101 101 100 99 99 99 98 97 97 98 98 99 98 98 101 102 105 106 107 108 108 106 104 104 107 109 107 107 109 113 117 118 118 117 118 117 114 113 113 112 111 111 109 108 109 110 110 112 113 114 116 119 119 120 124 125 125 124 123 123 123 124 123 121 120 120 119 119 118 117 115 114 113 112 111 110 110 110 108 105 104 100 78 68
59 74 89 93 96 98 99 100 101 102 103 105 108 109 110 110 111 111 111 109 109 108 109 109 109 107 107 107 107 107 106 104 102 101 99 99 98 98 96 95 95 95 95 96 97 98 100 103 103 103 102 100 102 101 102 106 109 109 106 106 108 107 102 99 99 101 105 110 114 116 118 118 117 116 113 111 109 107 106 103 102 103 104 105 106 108 111 113 115 117 120 122 122 122 120 120 121 121 121 119 119 119 119 120 118 115 114 113 113 112 110 110 109 108 106 104 103 90 70 67
51 66 83 92 95 98 98 99 101 101 102 104 106 107 107 108 109 109 109 109 108 107 107 108 108 107 107 106 105 103 102 99 98 96 96 95 93 91 90 91 92 93 95 98 99 98 100 102 101 98 93 92 91 91 94 103 109 109 108 108 107 103 96 89 83 81 83 88 97 103 109 112 114 113 111 109 107 104 101 98 96 96 97 98 99 102 105 107 110 113 116 118 118 119 118 119 120 120 120 119 119 119 119 118 115 114 114 113 113 112 111 110 109 108 105 103 98 78 67 63
46 57 74 90 93 96 96 98 100 101 102 103 105 105 106 107 108 108 108 109 108 107 106 107 107 107 107 105 102 100 97 95 93 92 92 91 89 88 86 86 88 90 94 97 95 91 90 89 85 80 74 72 71 74 81 89 94 98 102 101 97 89 79 74 69 66 67 70 76 83 89 93 98 101 103 103 101 98 96 92 89 89 89 90 91 95 99 101 104 108 112 114 116 117 117 119 119 119 119 119 120 120 118 117 115 114 114 114 113 112 110 108 108 107 104 102 88 69 65 54
41 48 64 82 91 94 96 97 99 100 100 101 102 103 104 105 106 106 107 108 108 107 107 108 107 106 105 102 99 96 93 91 89 89 88 86 84 83 81 80 82 84 87 88 84 76 74 70 65 62 59 58 57 60 64 67 71 77 83 83 77 68 63 63 61 60 58 58 60 63 67 70 76 81 86 90 90 88 87 84 81 80 81 82 84 87 91 94 98 102 106 108 112 114 115 116 118 118 118 119 120 119 118 117 116 115 114 113 113 111 108 107 106 106 104 98 75 65 59 46
40 44 56 72 88 92 95 97 98 99 100 100 101 101 103 104 106 106 106 107 107 107 107 108 107 105 103 100 97 93 90 87 86 84 82 80 77 76 74 74 75 76 76 74 68 61 58 55 52 51 52 52 52 53 53 54 56 60 65 66 61 57 56 57 57 56 55 54 53 52 52 53 56 60 64 69 71 71 71 70 69 68 68 70 74 78 83 86 91 97 101 103 106 110 113 114 117 118 117 119 119 118 118 116 115 115 114 112 111 110 107 106 105 104 102 86 67 64 53 44
39 42 52 64 80 91 94 96 97 98 99 100 100 101 102 103 105 105 106 107 107 107 107 107 105 104 101 99 96 91 88 85 82 80 77 74 71 68 67 66 65 64 61 56 52 48 47 45 45 45 46 47 48 48 47 48 50 52 56 56 53 51 50 50 50 50 49 48 45 44 44 43 44 45 48 50 53 54 53 50 50 50 52 56 61 67 75 80 85 92 97 101 103 108 112 113 116 118 118 118 117 117 117 116 115 115 113 110 110 109 107 106 104 102 94 75 63 55 46 43
39 39 44 55 70 87 92 94 95 97 98 99 100 101 102 102 103 104 104 106 107 107 108 106 104 102 100 98 94 90 86 81 77 73 69 64 60 56 53 50 49 49 49 47 46 45 44 43 43 43 43 45 46 44 43 42 42 44 47 47 46 45 43 43 44 45 46 47 48 50 52 54 56 58 61 62 63 57 50 46 46 48 48 50 55 60 68 75 80 86 91 100 105 108 111 112 115 117 116 116 115 115 116 115 114 114 111 109 108 107 106 104 102 98 85 67 56 47 43 42
40 41 40 48 61 77 90 93 96 96 97 98 99 101 101 102 102 102 103 104 104 105 106 105 104 103 100 97 93 88 83 78 72 67 61 56 51 47 44 42 42 46 49 51 52 55 54 54 54 54 54 55 55 53 52 50 48 49 49 50 51 51 53 54 55 58 61 65 68 71 74 79 83 86 86 86 84 75 69 68 66 64 63 61 61 62 66 72 79 87 92 99 104 106 109 110 113 113 114 115 115 114 114 113 113 113 109 107 106 105 103 102 100 94 76 61 51 45 42 40
43 44 42 42 51 66 83 92 94 96 97 98 99 100 100 100 101 102 102 102 103 104 104 104 103 102 100 97 93 87 81 75 69 65 61 57 55 56 58 58 57 57 58 59 62 66 68 69 69 69 69 70 71 70 69 67 65 65 65 66 67 68 71 74 76 80 84 88 91 91 93 95 97 97 94 94 92 90 92 91 87 84 80 75 73 70 69 73 78 84 90 94 99 103 107 110 112 112 112 114 113 113 112 111 111 110 107 105 105 103 102 100 96 86 69 56 48 44 41 37
42 44 43 40 44 56 73 88 91 94 96 98 99 99 99 100 100 100 101 101 102 104 104 103 102 101 99 96 91 87 81 76 72 68 64 62 67 75 78 76 73 70 68 67 69 71 73 75 78 79 80 83 84 83 82 82 81 80 81 82 85 86 88 91 94 98 100 100 101 102 100 99 97 94 93 95 96 100 104 105 103 99 92 85 82 78 75 76 79 82 86 91 96 100 104 107 109 110 110 111 111 112 111 108 108 107 105 105 105 103 101 97 90 79 63 52 45 43 40 31
35 39 40 40 41 48 62 80 89 92 94 98 99 98 99 99 98 98 99 100 101 102 102 103 102 101 98 95 90 86 82 79 76 72 69 71 79 87 89 87 83 79 74 72 73 74 74 76 81 85 88 91 93 92 91 91 91 91 92 92 93 96 98 100 103 105 105 103 105 103 100 97 94 93 93 94 98 104 106 106 105 102 98 93 90 86 82 81 82 83 87 91 94 98 100 103 106 107 108 109 110 110 109 107 107 106 106 106 104 101 98 92 84 71 58 49 43 42 36 25
26 33 37 39 40 45 54 68 84 90 92 95 96 96 97 98 97 97 97 98 99 100 100 101 101 100 97 94 91 87 84 82 79 76 76 79 86 90 92 91 88 85 79 76 76 76 76 77 81 85 88 91 93 94 94 94 94 94 93 91 92 95 98 101 102 102 101 98 98 95 93 93 90 91 92 94 99 104 105 104 104 103 102 99 97 93 89 87 87 87 89 92 94 96 99 101 104 105 107 107 108 109 108 107 107 107 106 105 102 99 93 88 78 65 55 47 42 39 30 22
21 29 35 37 38 44 51 61 78 87 91 93 94 95 96 97 97 96 96 96 97 98 100 100 100 98 96 94 91 89 87 85 82 82 84 86 89 92 92 91 89 88 83 79 77 77 78 77 78 80 82 83 87 89 89 88 90 91 89 86 85 88 90 92 93 91 89 86 86 85 85 85 85 88 92 95 100 103 103 103 103 103 103 102 101 99 96 94 93 92 91 93 95 97 99 100 102 103 105 106 107 108 108 108 107 107 105 102 99 94 90 83 71 62 53 45 41 35 26 21
22 26 34 40 41 45 48 57 72 83 88 90 92 93 94 95 95 95 95 95 95 97 98 99 98 97 95 93 92 90 89 87 86 86 89 91 92 92 91 90 89 88 85 83 79 78 77 76 75 75 75 75 78 78 77 78 81 82 81 78 77 77 79 80 80 80 79 77 77 78 79 82 84 86 92 96 98 100 101 101 102 102 104 105 104 103 101 99 97 97 96 96 97 99 99 99 101 102 103 104 105 107 108 108 106 104 102 100 96 91 86 78 69 60 51 44 39 30 23 21
24 26 34 42 46 47 47 53 67 79 85 89 90 91 92 92 92 93 93 93 93 95 96 97 96 95 94 93 92 91 90 90 90 90 91 92 92 91 90 89 88 86 86 85 82 79 78 76 74 72 71 70 70 69 68 69 71 71 70 70 69 69 68 69 69 70 70 71 73 76 79 82 86 89 94 96 97 98 99 100 101 103 106 108 109 108 106 104 102 100 99 99 99 99 99 100 101 102 104 104 105 106 106 107 104 101 99 98 94 88 82 75 67 57 49 42 35 28 22 20
24 25 33 39 43 45 45 49 63 76 82 87 89 91 91 91 90 90 91 92 92 93 94 95 95 94 93 93 93 92 92 91 91 92 93 93 92 90 88 87 86 84 85 85 83 81 79 78 76 73 69 67 66 64 63 62 62 61 61 63 63 62 61 62 64 65 67 69 72 75 79 82 86 88 91 93 95 97 99 101 103 106 109 111 112 111 109 107 105 103 101 101 100 100 101 101 101 102 103 104 105 105 104 103 101 98 98 95 89 84 80 74 64 55 47 38 31 26 22 20
22 23 29 33 35 40 42 45 57 73 80 84 87 90 90 90 89 88 89 90 90 91 92 93 93 93 92 92 92 92 92 92 92 94 94 94 92 90 88 86 84 82 82 83 82 80 79 78 76 73 69 67 65 63 61 59 57 55 55 57 58 57 56 59 61 63 66 68 72 74 77 80 82 83 87 89 92 95 98 102 106 108 110 112 113 112 110 108 107 105 103 102 102 102 102 102 102 102 103 103 104 102 101 99 98 97 95 89 84 82 79 71 61 53 44 36 30 25 21 21
23 23 26 30 31 35 39 43 52 68 78 80 84 88 89 89 89 88 88 88 89 90 90 91 91 92 92 92 92 92 92 92 93 94 95 94 92 90 89 86 83 80 79 79 78 77 76 75 73 70 68 66 65 63 61 59 56 54 54 55 55 55 55 57 60 62 64 67 69 71 73 76 78 80 84 87 91 95 98 102 106 108 110 111 112 112 111 109 108 106 103 102 103 103 103 103 102 103 104 103 102 100 98 97 97 95 89 84 84 83 78 68 59 50 40 34 29 24 21 21
24 22 26 32 33 33 37 41 48 61 74 78 80 85 88 89 89 88 87 88 89 90 90 90 91 91 92 92 92 92 92 91 92 94 94 93 91 90 88 86 84 81 78 77 76 75 74 73 71 68 67 66 65 63 62 61 58 57 56 56 56 57 57 57 59 61 62 65 66 69 71 74 76 79 83 86 90 95 98 101 104 106 108 109 110 110 109 108 107 106 103 102 103 102 103 103 102 102 103 102 101 99 97 97 95 90 84 83 84 82 75 66 57 47 39 33 27 23 22 21
26 23 28 37 39 36 36 38 46 56 70 79 79 81 85 88 88 88 87 87 88 89 90 91 91 92 92 92 92 92 91 91 92 93 93 92 91 90 89 87 85 82 79 78 77 75 73 72 69 67 66 65 65 63 62 61 60 60 59 59 59 60 60 60 61 62 63 64 67 69 72 74 77 80 84 87 91 94 97 100 103 106 107 108 108 109 108 107 106 105 103 102 102 102 102 102 102 101 102 101 99 97 96 95 90 84 83 85 84 80 73 65 55 45 38 32 26 23 22 21
28 26 29 37 41 38 36 37 44 53 65 77 81 79 81 86 88 88 88 87 87 87 89 90 91 92 92 91 91 91 91 91 91 92 92 91 90 89 88 87 85 83 81 79 78 76 74 73 71 69 67 67 66 65 65 65 64 63 63 62 63 63 64 65 65 65 66 68 70 72 75 77 80 83 86 88 91 94 97 100 103 105 106 107 109 109 108 106 105 104 102 102 101 101 101 102 102 102 102 101 98 96 94 90 84 82 84 85 82 78 73 63 52 44 37 30 25 23 22 20
27 27 29 33 39 39 37 36 41 49 60 72 80 80 78 81 86 88 88 88 87 87 88 90 91 91 91 91 91 90 90 91 91 91 91 90 89 88 87 86 85 84 82 80 79 77 75 75 74 72 71 70 69 68 68 69 69 69 69 68 68 69 69 69 69 70 71 72 73 75 77 80 83 87 89 91 94 96 99 101 102 104 105 107 109 109 107 106 105 104 103 102 102 102 102 102 103 102 101 99 97 93 90 84 82 83 84 82 80 76 69 58 49 42 36 29 25 24 21 20
26 24 24 28 34 36 37 36 39 46 54 65 75 79 78 78 81 85 87 88 88 88 89 90 90 91 91 91 91 90 90 90 91 91 90 90 88 87 87 86 85 84 83 82 80 79 78 77 76 75 74 73 73 72 73 74 73 74 75 76 76 77 77 76 75 76 77 77 78 79 81 84 87 90 93 95 97 98 100 102 103 104 106 107 108 108 108 107 106 105 104 103 103 103 102 102 102 100 98 96 94 91 86 82 82 84 84 82 79 74 64 54 47 41 35 29 25 24 21 20
26 23 22 26 31 35 36 36 38 42 48 58 69 77 80 79 79 81 85 86 87 87 88 89 90 90 90 91 91 91 90 90 90 90 89 89 87 87 87 87 86 85 85 84 83 83 81 80 79 78 77 77 76 77 78 78 79 82 84 86 86 86 86 84 83 83 83 83 84 85 87 90 92 95 97 99 100 102 103 104 105 106 108 109 108 109 109 109 108 107 105 104 104 103 102 101 100 98 96 94 92 87 82 81 84 85 84 81 78 72 62 54 47 40 33 27 25 24 20 21
25 22 24 28 31 35 37 36 38 42 47 53 63 74 81 82 81 80 81 83 85 85 87 89 90 91 91 90 91 91 92 91 90 90 89 88 87 88 89 89 88 87 88 87 87 87 86 84 83 82 82 81 82 84 86 87 89 92 94 96 96 95 95 93 92 92 91 90 92 93 94 96 98 101 103 104 104 106 107 107 107 108 109 110 110 110 109 108 108 107 105 104 103 102 101 99 98 97 95 92 88 82 81 84 86 85 82 79 76 70 61 54 46 38 31 26 25 23 20 22
23 24 27 30 32 35 37 37 38 43 47 51 57 67 76 81 83 82 80 80 82 83 85 88 89 91 91 91 91 91 92 91 91 90 90 89 88 89 90 90 90 90 91 91 90 91 91 89 89 88 88 88 90 93 96 98 100 100 100 102 102 102 102 100 99 98 98 99 100 101 101 102 105 108 109 109 108 109 109 110 111 111 110 111 111 110 109 108 108 107 105 104 102 101 99 97 96 95 93 88 82 80 83 86 86 82 79 77 73 67 60 53 43 35 29 26 25 22 21 23
24 26 29 31 32 34 36 38 38 41 46 51 55 61 70 76 80 83 82 80 80 81 84 86 87 89 91 92 91 92 92 91 91 90 89 89 90 90 91 91 91 92 94 94 94 95 96 95 95 95 94 96 99 101 104 106 106 104 104 104 103 104 104 104 105 105 107 108 107 107 109 111 113 114 114 113 114 112 111 113 114 113 112 112 112 111 110 108 108 106 104 103 102 101 99 97 95 92 87 81 80 84 85 85 82 80 77 74 70 64 57 49 40 34 29 26 25 21 22 23
27 28 27 28 30 31 34 37 39 41 45 50 53 58 64 70 75 79 82 83 81 79 81 84 85 87 89 91 91 91 91 92 92 91 90 90 91 91 92 93 93 94 96 96 97 100 101 102 102 101 101 103 105 107 108 110 109 105 105 104 104 103 103 104 107 110 113 115 114 114 115 117 119 120 118 117 117 116 116 116 115 114 113 113 112 111 110 109 107 105 103 103 103 100 98 96 93 87 81 80 83 85 84 81 80 78 76 72 67 61 54 47 39 34 30 27 24 21 22 23
28 27 25 26 28 29 31 35 38 41 44 48 52 56 60 65 71 74 78 83 83 80 78 81 84 86 88 89 90 91 91 92 92 92 91 92 92 92 93 94 94 95 96 97 100 103 105 107 107 106 106 109 110 111 111 112 110 105 102 101 102 103 104 107 109 112 115 117 119 119 119 121 123 124 123 119 118 120 120 117 115 116 115 113 111 110 109 108 107 105 104 104 102 99 96 93 87 81 81 83 84 83 80 79 78 76 73 69 64 58 51 45 40 33 30 28 23 21 23 23
26 26 25 26 28 27 29 32 36 39 43 47 51 55 58 62 67 71 75 79 81 81 78 77 80 84 86 88 89 90 90 91 91 92 92 93 93 93 94 94 95 96 97 99 101 104 107 109 109 108 109 110 112 112 111 111 109 104 101 100 100 103 107 110 113 116 117 117 117 118 120 123 125 126 126 124 122 122 120 117 116 117 115 112 111 110 107 106 107 106 105 103 101 96 93 87 81 81 81 82 82 80 78 78 77 75 70 66 60 54 49 44 38 32 30 27 22 22 23 21
25 26 26 26 26 26 27 30 34 38 42 45 49 53 57 61 65 70 74 76 77 80 81 78 77 79 84 86 87 88 89 90 91 93 93 93 93 94 94 94 94 96 98 99 102 104 108 110 109 109 110 111 111 111 110 111 107 101 100 102 102 104 108 112 116 118 119 119 117 116 121 125 126 126 126 126 124 122 120 118 117 115 112 111 110 110 108 107 107 106 104 101 98 93 86 81 80 81 80 81 81 79 77 77 75 71 66 63 57 52 48 43 36 31 29 25 22 23 22 20
27 25 25 25 25 25 25 27 30 35 39 44 48 51 55 59 64 68 72 76 78 80 82 82 79 77 79 82 85 87 88 90 92 93 94 94 94 93 93 94 94 96 98 100 102 104 106 108 108 109 110 108 107 106 106 106 104 100 99 102 104 105 109 113 116 117 118 118 116 117 121 124 126 127 127 126 124 123 122 119 116 113 111 110 109 109 110 109 107 104 100 98 94 87 80 81 80 79 80 81 79 77 77 76 71 66 63 59 54 50 46 40 33 30 28 24 22 23 21 21
28 24 24 24 25 26 24 25 27 32 36 42 47 51 54 57 61 67 70 74 76 77 80 82 82 79 77 77 81 84 87 90 92 93 93 94 93 93 92 93 94 96 98 99 101 102 105 107 107 108 107 105 103 102 101 101 101 101 101 103 106 108 110 113 115 115 114 114 114 116 120 122 125 126 126 126 125 123 121 118 114 111 111 111 108 108 109 107 105 101 97 94 87 81 80 80 78 79 79 79 77 77 75 70 66 64 61 55 51 47 42 37 31 30 27 23 22 23 21 22
28 26 24 24 25 26 25 26 27 30 35 42 48 51 54 57 60 64 69 71 73 76 78 81 82 82 79 77 77 80 84 88 91 92 92 92 92 92 92 92 93 96 97 99 100 101 104 106 107 108 106 104 102 101 100 100 100 101 102 104 106 108 109 112 113 113 111 111 112 114 118 121 123 122 124 125 124 122 120 117 113 111 111 110 108 107 107 104 100 97 93 87 80 78 80 78 77 78 77 76 75 73 69 65 64 62 58 52 49 44 39 35 31 30 26 23 23 23 21 23
27 27 25 23 25 26 25 26 26 29 33 40 47 51 53 56 59 61 65 70 73 75 77 79 81 82 82 80 77 77 79 84 89 91 91 90 91 91 91 91 93 95 97 98 99 100 102 103 105 106 104 102 100 99 98 100 101 102 102 104 105 107 109 110 111 111 110 110 110 112 115 117 119 121 123 123 122 120 118 115 112 110 110 108 106 106 104 99 95 92 86 79 78 79 79 78 77 75 75 74 71 67 65 65 63 59 54 49 45 40 37 33 30 29 24 23 24 23 22 25
26 27 25 24 26 26 25 26 27 28 31 37 45 51 54 55 59 61 63 67 71 74 75 75 79 82 83 83 81 78 78 80 85 88 89 89 89 90 90 91 92 94 96 98 98 99 100 102 103 103 101 99 97 96 95 97 100 101 102 103 104 105 107 109 108 108 108 109 110 110 110 112 114 118 120 121 120 118 117 114 111 109 108 106 104 102 99 94 89 83 80 79 80 79 77 75 74 73 72 70 67 66 66 64 60 55 49 45 41 37 35 31 29 27 23 24 24 23 24 26
26 27 26 25 26 26 26 26 27 28 31 35 41 49 53 55 57 60 63 65 69 73 75 76 77 79 81 83 83 81 79 78 80 82 85 86 86 87 89 89 90 92 94 97 97 97 98 99 101 100 98 97 95 94 94 96 98 99 100 101 102 103 104 106 105 105 106 107 107 107 107 109 110 112 114 115 116 115 114 111 109 107 105 103 99 96 92 87 82 78 80 80 79 76 74 73 72 71 70 68 66 66 64 60 55 50 45 41 39 36 33 29 29 26 23 24 24 24 26 27
27 27 26 25 24 26 26 26 26 26 29 34 39 46 52 56 57 59 62 65 69 72 74 76 76 77 79 81 83 83 82 80 80 81 81 82 83 85 87 88 89 90 93 94 95 95 96 97 98 97 96 96 95 94 94 95 97 98 98 99 100 101 102 104 104 103 104 105 104 103 105 106 108 109 109 110 111 110 108 107 105 102 100 96 92 87 83 80 79 80 80 78 76 74 72 71 70 69 69 67 66 63 60 55 50 45 42 39 38 35 31 29 27 25 23 25 25 25 27 25
27 26 25 25 24 26 26 25 25 26 29 33 38 44 51 55 58 59 62 64 68 71 73 75 76 77 78 78 81 83 84 82 80 80 79 80 81 82 83 85 86 88 90 92 92 93 94 95 94 94 93 93 94 94 93 93 95 95 96 96 97 98 99 100 100 99 100 100 99 100 102 103 104 105 105 106 107 105 104 102 99 95 92 88 83 79 77 78 79 78 76 73 72 71 69 70 69 68 67 65 62 59 55 50 45 42 40 38 35 32 29 28 26 23 25 26 25 26 26 23
28 27 26 25 25 27 25 25 26 26 28 31 37 41 47 52 56 60 62 63 66 70 72 73 73 75 77 79 80 81 83 84 83 80 78 78 78 78 79 81 82 84 87 88 89 90 91 91 90 90 89 89 90 90 89 89 90 91 91 93 93 95 95 94 94 93 93 93 95 96 97 98 99 100 100 101 101 100 97 94 90 87 84 80 76 75 77 77 75 73 71 70 69 69 69 69 68 65 63 60 57 54 49 45 42 39 38 35 33 30 28 28 25 25 26 26 25 26 24 22
27 28 28 26 26 28 27 26 26 26 27 30 35 39 45 50 54 57 60 62 65 70 73 74 74 75 77 79 79 79 80 83 84 83 80 78 77 76 77 78 78 80 82 83 84 86 88 88 87 86 86 86 86 87 86 86 86 87 88 90 91 92 91 90 89 87 86 87 90 91 91 92 94 95 94 93 93 91 88 85 82 79 75 73 72 73 75 73 70 68 67 67 68 67 67 66 63 61 59 56 52 49 45 42 40 37 35 33 31 28 28 27 26 26 26 25 25 25 23 22
27 28 30 28 26 29 29 27 27 25 27 30 34 38 44 50 54 55 58 61 63 67 71 74 75 75 76 78 79 80 80 81 81 82 82 80 77 76 75 76 77 77 77 77 79 80 82 83 83 83 83 83 83 83 83 82 82 82 84 85 86 86 86 86 84 82 82 82 83 84 85 86 87 87 86 84 83 82 79 76 74 72 70 70 71 72 72 69 66 66 66 67 67 66 64 61 60 57 54 51 48 45 43 40 37 35 33 31 29 27 28 27 26 27 26 25 24 24 23 23
29 30 31 28 26 29 29 28 28 25 27 29 32 36 41 47 53 55 57 59 61 63 67 72 75 76 77 77 79 79 79 79 79 80 81 81 80 78 76 74 74 75 74 74 74 75 77 77 77 78 78 78 78 77 76 76 77 77 78 79 79 79 79 79 78 77 76 76 76 76 77 77 78 77 77 77 76 74 71 70 69 69 69 68 68 68 66 64 64 64 65 65 64 63 60 59 56 53 50 48 46 44 40 38 35 34 32 30 27 27 28 26 27 27 26 25 24 24 23 23
28 30 31 29 27 27 29 30 28 25 26 28 31 34 39 44 51 55 56 57 58 60 63 67 71 74 76 77 78 79 79 79 78 79 79 79 78 78 77 75 74 73 71 71 71 72 73 73 73 72 72 72 71 70 69 70 70 70 71 72 72 72 71 71 71 70 70 69 69 70 70 70 70 70 71 70 69 67 66 66 66 65 64 64 64 63 62 62 62 62 63 62 61 59 57 55 51 49 48 46 44 41 37 35 34 33 31 29 27 29 28 27 26 25 24 21 20 19 18 17
29 30 31 30 27 27 30 36 31 25 25 28 31 33 37 41 47 52 56 57 56 57 61 64 68 71 74 75 76 78 80 80 78 77 77 77 77 76 75 74 74 72 70 69 68 68 69 70 69 69 69 69 69 67 66 65 65 65 65 66 67 67 66 66 66 65 64 63 63 64 64 63 63 63 63 63 63 63 63 62 61 60 61 61 61 61 60 60 60 61 60 59 58 56 53 49 48 47 46 44 41 38 36 34 33 31 29 26 24 25 22 21 19 18 17 16 17 17 16 16
32 31 32 32 29 28 31 38 33 27 25 27 30 33 35 39 44 49 54 56 56 56 60 63 66 69 70 72 73 75 77 78 78 76 75 75 75 75 74 73 72 72 71 69 68 66 64 64 63 63 63 64 64 64 63 62 62 62 62 62 62 63 63 62 62 61 59 58 58 58 57 57 58 59 60 60 61 61 60 58 59 60 60 60 59 58 58 58 58 59 58 57 55 52 49 48 46 44 41 39 35 32 30 28 26 24 21 19 19 21 19 18 17 17 15 16 17 17 16 15
31 33 37 35 31 30 32 38 37 30 24 27 29 32 34 37 41 46 51 54 54 56 58 60 63 65 67 69 70 71 73 75 77 76 76 74 72 72 72 71 70 69 68 68 67 65 63 62 61 60 59 59 58 58 57 57 57 57 56 57 56 56 56 57 57 56 55 55 54 54 55 56 57 58 57 57 58 58 57 58 59 59 58 57 56 55 55 55 56 57 54 50 47 43 41 39 37 35 32 29 26 25 25 24 23 21 19 18 20 20 18 17 16 16 15 17 17 17 16 15
31 35 35 31 29 28 31 39 41 34 25 26 29 31 34 36 39 43 48 52 52 54 56 57 60 62 64 66 67 67 68 71 73 73 73 73 71 70 70 70 69 67 66 66 66 65 63 61 60 59 59 58 57 56 55 54 54 53 53 53 53 53 54 55 55 54 55 55 55 56 56 56 55 54 55 56 57 55 54 53 52 51 48 47 46 46 45 45 46 45 40 37 36 35 35 34 33 31 29 27 25 24 24 23 21 20 18 18 19 18 17 16 15 15 16 17 17 16 16 15
31 33 35 33 29 26 29 37 43 37 27 25 28 31 33 35 38 40 45 50 51 53 55 56 57 59 61 64 65 65 65 66 68 69 70 70 70 70 69 69 68 66 64 64 65 65 64 62 60 58 58 57 56 56 55 55 55 54 53 53 53 53 53 54 54 54 53 52 51 51 50 50 50 49 48 47 46 45 44 44 44 44 43 43 43 43 42 42 40 37 36 36 35 34 33 32 30 28 26 25 24 24 23 21 20 18 17 18 18 16 16 16 16 16 17 17 16 16 15 14
