79 81 82 82 82 83 83 83 83 84 86 88 90 90 88 88 88 90 93 94 96 97 97 97 97 97 98 99 99 99 100 103 105 106 107 107 108 109 110 110 109 110 110 111 111 112 113 113 114 115 115 116 117 119 120 121 122 123 123 121 119 117 117 119 121 121 120 118 117 117 116 115 114 112 110 110 110 110 110 111 112 112 112 110 109 108 107 107 106 104 103 103 103 103 103 103 102 101 99 98 97 97 96 95 94 93 91 89 86 85 85 85 86 86 84 82 81 79 76 72
80 81 82 83 83 83 83 84 84 85 87 88 89 89 89 88 88 91 93 94 95 96 97 96 96 98 99 99 99 100 100 102 104 104 105 105 105 106 107 107 107 108 109 110 110 111 112 112 112 112 112 113 115 117 117 118 120 121 121 120 119 118 118 119 121 121 119 117 116 116 116 114 112 111 111 110 110 111 110 110 110 110 109 108 106 105 104 104 104 104 103 103 103 103 103 103 103 102 100 99 98 97 96 96 95 94 92 90 87 86 85 86 86 86 85 83 81 79 77 72
80 82 83 83 83 83 84 85 86 87 88 88 89 89 89 89 89 91 92 93 95 96 97 97 97 98 99 99 100 100 100 101 102 103 103 103 102 102 103 105 105 105 106 107 108 109 110 111 111 110 109 110 113 114 114 115 116 118 119 119 119 119 119 119 120 120 117 115 114 115 114 113 111 111 111 110 110 110 109 107 107 107 106 105 103 103 102 102 102 102 102 102 102 102 101 101 101 102 101 100 99 98 97 96 95 94 93 90 88 87 86 86 86 86 85 84 82 81 77 72
80 82 83 83 83 83 84 86 87 88 89 89 89 88 89 90 91 92 93 94 96 97 97 97 97 98 100 101 101 101 101 101 102 103 102 102 101 101 102 103 103 103 103 104 105 106 107 107 107 106 106 107 111 112 112 112 113 115 117 118 118 117 118 118 117 116 114 112 112 112 111 109 108 108 109 110 110 109 108 107 107 107 106 105 103 102 102 103 103 103 103 103 103 102 101 100 100 99 99 99 98 98 97 96 95 93 92 91 89 88 86 85 86 86 85 84 83 80 76 70
81 83 84 84 83 84 85 87 88 89 90 90 89 89 90 91 93 94 95 95 96 97 97 98 98 99 100 101 102 102 102 103 104 104 103 102 102 103 103 103 103 103 103 104 106 106 106 106 106 106 106 107 108 109 109 109 110 112 114 115 114 113 113 113 112 111 109 108 108 108 107 106 106 108 109 110 110 109 108 108 108 108 107 106 104 104 104 105 105 105 105 104 104 104 103 102 101 99 98 98 97 97 97 96 95 94 92 91 90 88 86 86 86 85 84 84 82 79 75 70
81 83 85 85 84 85 87 89 90 91 91 91 91 90 91 93 94 95 96 96 96 97 98 100 100 100 100 102 103 104 105 105 107 107 105 104 104 105 105 105 105 106 106 107 108 108 108 109 108 107 108 108 107 107 107 108 110 111 112 112 111 111 111 111 110 109 108 107 107 107 107 106 106 108 111 112 111 111 111 110 110 110 109 108 106 106 106 107 107 107 107 107 106 106 105 104 102 100 99 98 97 97 97 96 95 94 93 91 90 89 87 86 85 84 84 84 82 79 74 68
81 84 85 85 86 86 88 91 92 93 93 92 91 91 92 93 94 95 96 97 96 96 98 100 101 102 102 103 105 107 108 108 109 109 108 107 107 107 107 108 109 109 110 110 110 110 111 112 110 109 108 108 108 108 108 109 111 112 112 112 111 110 111 111 111 109 107 107 108 109 110 110 110 112 113 114 113 113 114 114 113 112 112 111 110 109 109 109 109 110 109 108 108 107 106 105 103 101 100 99 98 98 97 97 96 95 94 92 92 91 88 86 84 83 83 83 81 78 73 66
81 84 85 85 86 87 89 92 93 93 93 92 91 91 91 92 93 94 95 96 96 95 96 98 101 101 102 103 106 108 110 111 111 112 112 112 112 112 111 111 111 112 112 112 112 112 114 116 115 113 110 109 109 110 111 112 114 114 113 112 111 110 110 112 113 112 109 108 109 111 113 114 115 116 116 116 117 117 116 116 115 115 115 115 114 113 111 110 110 110 110 109 108 108 107 106 104 103 101 100 99 98 97 97 96 95 94 94 93 91 89 86 84 83 82 82 81 78 73 66
81 83 84 85 86 88 90 92 93 93 93 92 91 91 91 91 91 92 93 93 94 94 94 97 100 101 103 104 107 109 111 113 114 114 114 116 116 116 115 114 114 115 116 116 117 118 120 120 119 117 113 111 112 114 116 117 118 117 115 115 114 111 110 112 116 115 113 112 113 115 116 117 118 118 118 120 122 121 120 120 120 121 120 119 117 116 114 113 112 111 111 110 109 108 107 106 105 104 103 101 99 98 97 96 96 95 95 94 93 92 89 87 84 83 82 81 80 77 72 65
81 83 84 85 86 88 90 91 92 93 92 91 91 90 89 89 90 91 92 92 93 93 95 98 100 103 106 108 110 112 114 116 117 117 118 118 118 118 118 118 119 120 121 121 122 124 124 123 121 120 119 117 118 119 121 121 120 120 119 119 119 117 114 117 119 119 118 118 119 121 122 123 123 124 125 126 126 126 126 126 125 124 124 123 121 119 118 117 115 113 112 111 110 109 107 107 106 105 103 101 99 98 96 95 95 94 94 94 93 91 89 86 84 82 81 80 79 76 71 64
81 83 84 85 86 88 90 91 91 91 90 89 89 89 89 89 91 92 92 93 93 95 97 99 102 105 108 112 114 116 118 120 121 121 121 120 121 122 123 123 123 124 124 125 126 127 128 127 125 125 124 122 123 125 125 125 125 125 123 122 121 121 121 122 123 123 123 124 124 126 127 128 129 131 132 131 132 133 133 132 130 128 128 127 125 123 122 120 118 115 113 113 112 109 107 106 105 104 102 100 99 97 96 95 94 93 93 93 92 90 88 86 84 82 80 79 78 75 69 63
81 82 84 85 87 88 89 90 90 89 88 88 88 88 89 90 92 93 93 94 95 97 99 102 105 108 111 115 117 120 123 125 126 125 124 123 124 126 127 127 128 128 128 129 130 132 133 133 131 130 128 126 128 128 129 130 130 129 126 124 125 126 127 127 128 128 128 129 129 131 132 132 135 136 136 136 136 138 139 136 134 133 132 130 128 127 127 125 122 119 117 115 113 110 108 106 105 103 102 100 99 98 96 95 94 93 92 92 91 89 87 85 83 81 79 79 77 74 68 61
81 83 84 85 86 88 89 89 89 88 88 88 88 89 89 90 92 94 95 95 97 100 102 105 110 113 115 117 118 121 125 129 130 129 128 127 128 130 131 132 133 133 133 134 135 135 137 137 136 134 133 133 132 131 132 134 135 134 133 131 133 134 133 133 132 132 133 134 135 136 136 137 138 139 139 138 138 140 140 137 136 135 134 133 131 130 130 128 125 123 120 117 114 111 108 107 105 103 102 100 99 98 96 94 93 93 92 91 90 89 88 85 83 80 78 78 76 74 68 60
82 83 84 85 86 87 88 88 88 87 87 87 87 87 87 88 90 93 94 95 96 100 103 107 111 115 117 118 118 121 124 129 131 132 131 131 133 135 135 135 135 135 135 136 138 137 138 139 138 136 136 139 138 137 136 137 139 139 139 138 139 139 137 136 135 135 136 137 138 139 139 140 141 142 142 140 140 141 139 136 133 133 135 135 132 130 131 130 128 125 121 117 114 111 109 107 105 102 100 99 98 96 94 93 91 91 91 91 91 90 89 86 83 80 78 77 76 74 69 60
82 83 84 84 85 86 87 87 87 86 85 84 83 82 82 81 83 86 88 91 94 97 100 103 107 109 112 114 115 117 121 124 127 129 132 133 133 136 137 133 132 134 133 133 136 137 137 139 141 141 140 141 143 142 140 139 140 140 140 140 142 142 140 139 137 137 138 137 138 140 141 142 143 143 141 140 140 139 136 133 131 132 134 132 129 128 129 127 124 121 117 113 109 107 105 104 102 99 95 93 92 91 88 86 85 86 87 89 90 90 89 87 84 80 77 76 76 75 71 63
82 83 84 84 85 85 85 86 85 82 79 77 75 74 74 74 77 81 83 85 89 88 88 91 94 96 98 101 103 104 107 110 111 115 122 124 125 128 131 128 127 127 126 128 131 134 133 135 140 143 142 141 144 143 141 141 142 142 140 141 142 142 140 139 138 137 138 137 139 140 140 142 142 139 137 136 134 132 129 126 127 128 127 125 122 120 120 118 113 109 107 104 100 98 96 93 91 90 88 86 83 81 79 77 76 77 80 83 86 88 89 87 84 81 77 76 75 75 73 67
82 83 83 83 84 84 84 82 79 74 68 66 66 66 68 69 71 73 73 72 71 70 71 72 73 75 77 79 79 78 80 83 85 88 96 103 106 110 116 118 116 114 117 116 120 125 126 126 134 140 141 142 144 144 143 144 144 143 142 141 141 140 139 138 137 137 138 139 139 138 137 138 137 133 131 128 124 119 114 111 113 114 111 107 104 101 101 100 95 90 89 89 86 83 80 77 77 77 77 76 74 72 71 71 70 70 71 75 79 84 86 87 85 82 78 75 75 75 75 71
81 82 82 83 83 83 81 77 72 66 62 60 60 61 62 62 62 60 58 57 55 53 52 52 51 53 55 53 51 50 51 54 57 60 65 75 84 92 99 103 100 97 96 96 103 107 109 117 128 134 138 140 141 143 144 144 145 144 143 142 140 138 137 136 136 137 138 138 138 136 133 132 129 124 120 115 110 103 96 93 94 92 87 80 75 72 71 68 66 65 64 64 65 64 62 61 61 63 67 68 67 66 66 67 68 68 68 70 73 77 80 85 86 82 78 75 74 74 75 74
80 81 81 81 82 81 77 72 68 64 61 60 58 56 56 55 54 52 50 48 46 43 41 40 39 40 40 39 39 38 38 40 42 45 48 55 66 76 84 89 87 82 81 84 86 89 98 114 123 127 132 135 138 142 143 142 142 142 142 140 138 137 135 134 135 135 134 134 134 131 127 124 121 114 105 97 93 87 80 78 80 75 67 60 54 52 50 46 46 45 44 44 45 46 47 47 48 51 55 57 59 62 62 63 65 67 68 69 70 72 75 81 84 82 79 75 73 73 75 75
78 78 79 80 80 77 72 68 64 61 59 58 56 55 55 55 52 48 44 41 39 38 37 37 36 34 34 35 37 37 38 39 40 42 45 48 54 62 73 78 81 80 78 80 80 84 95 108 116 121 127 132 136 139 141 141 139 139 139 136 134 134 133 132 132 131 131 131 130 126 120 116 113 104 91 82 81 79 74 71 71 66 57 50 47 46 43 41 40 39 38 37 38 39 39 40 41 42 44 47 51 54 57 58 60 62 65 68 68 68 70 75 80 81 79 76 73 73 74 75
76 77 78 78 75 71 67 62 58 56 55 54 53 53 53 51 48 44 41 38 37 37 37 36 35 35 36 37 37 38 40 41 42 44 48 51 52 57 67 73 78 80 79 82 81 84 90 100 109 116 124 128 132 135 138 139 137 136 135 134 132 131 131 129 129 129 129 129 127 123 118 112 106 97 84 77 78 77 73 71 68 62 55 49 47 45 44 43 42 40 40 40 41 41 40 41 42 43 44 45 46 48 51 53 54 56 59 62 63 63 65 68 73 77 77 76 73 73 73 75
74 75 76 74 69 65 60 55 52 50 49 50 51 52 51 49 46 44 42 41 40 39 39 40 40 40 41 41 43 44 46 47 49 51 53 57 58 59 67 73 76 79 83 84 86 87 87 93 101 111 119 124 128 132 135 135 134 133 132 130 128 128 127 125 127 127 128 127 124 121 117 110 102 94 85 80 80 77 75 74 71 64 57 52 51 49 48 47 46 46 46 46 45 44 43 43 44 44 45 44 45 46 48 49 51 52 54 56 58 58 59 62 65 70 74 76 74 72 72 74
74 74 73 69 65 59 55 51 48 47 49 51 52 52 50 49 47 46 45 46 46 45 45 45 46 46 47 48 51 55 57 58 59 61 61 62 62 63 67 71 75 80 85 86 87 86 87 94 102 108 114 121 126 129 130 130 130 128 127 125 123 124 123 122 123 123 124 124 122 118 113 107 100 94 88 84 82 81 81 79 74 69 63 59 58 57 56 56 57 57 56 54 50 48 47 48 47 46 46 46 47 49 50 51 53 54 55 57 58 58 58 59 60 63 68 74 75 72 71 73
72 71 69 64 60 56 53 52 52 54 57 59 60 60 59 59 58 56 54 56 57 57 57 57 57 58 58 59 62 65 67 68 69 69 69 67 66 68 70 72 73 77 81 85 87 88 90 96 103 107 111 118 123 126 126 127 127 126 125 123 121 121 119 118 119 119 120 122 120 114 110 106 100 96 89 86 85 86 86 82 78 75 72 69 68 69 70 70 69 68 67 65 61 59 58 60 61 61 61 61 61 62 62 63 64 65 66 65 64 63 63 61 60 60 63 69 72 73 72 72
71 69 66 63 61 59 60 63 66 70 75 77 77 78 79 80 80 78 77 76 74 74 75 75 75 76 77 75 74 74 74 75 76 76 75 74 74 74 76 77 76 77 80 84 89 92 93 97 104 109 112 115 119 121 122 122 123 123 123 121 119 118 115 115 115 116 118 119 118 113 109 103 99 97 92 88 89 90 88 87 85 83 81 80 80 80 80 79 77 76 76 76 75 74 74 77 80 81 82 81 80 80 80 80 80 80 81 80 78 75 73 69 66 62 62 65 69 72 72 72
71 69 67 67 68 70 74 80 85 91 96 98 96 92 91 92 92 93 93 93 92 91 91 90 88 88 90 89 86 83 81 80 80 79 79 79 80 80 81 82 82 81 83 87 91 93 95 99 104 108 111 113 114 117 118 120 121 121 120 119 118 118 117 116 115 115 116 116 114 111 106 102 99 98 95 92 92 91 90 89 89 88 88 88 88 87 86 84 84 83 83 85 87 88 89 91 94 96 97 96 95 95 95 96 97 98 98 96 93 89 85 79 74 71 66 64 67 72 73 72
72 71 72 75 77 81 87 94 100 104 107 107 105 102 100 99 99 99 101 103 103 102 102 101 100 98 96 94 92 89 87 85 83 82 82 82 82 82 83 84 84 84 85 89 93 94 95 97 101 104 106 109 112 115 118 120 121 121 120 118 117 117 117 116 115 115 113 111 109 105 102 99 98 96 95 93 92 91 90 90 90 90 91 91 91 90 89 89 90 90 92 95 96 97 99 102 105 106 106 105 106 106 106 107 108 109 108 106 104 100 95 89 84 80 75 70 71 74 75 74
72 72 75 80 84 89 95 101 105 107 108 106 104 103 104 104 104 106 108 109 110 110 109 108 107 104 101 98 95 93 91 89 87 86 85 85 84 84 83 83 84 85 87 89 92 93 94 95 98 100 103 107 112 117 119 121 121 120 119 117 116 115 114 113 114 112 110 109 107 104 100 98 96 94 93 92 91 90 90 90 90 91 91 92 92 92 93 94 95 97 99 101 101 102 105 108 110 110 111 111 111 111 111 111 112 111 109 106 106 103 98 94 91 87 84 79 77 79 79 77
73 75 79 83 88 93 97 99 101 103 103 103 103 104 104 105 105 106 109 110 112 113 112 112 111 108 106 103 101 98 95 93 92 91 90 89 88 87 86 85 85 86 87 88 89 91 93 95 96 99 102 106 111 116 118 119 120 121 121 118 118 117 114 113 113 112 111 110 108 104 100 97 95 94 92 91 91 90 91 92 92 92 92 93 95 96 96 98 99 101 103 105 106 107 109 111 112 113 113 112 111 111 112 112 112 109 105 103 102 101 99 96 94 92 89 85 82 82 82 79
75 77 81 85 89 93 97 98 99 99 99 100 103 104 104 105 105 105 108 111 115 116 115 115 115 113 109 106 104 102 99 97 97 97 96 94 92 92 91 89 88 88 88 88 88 90 93 95 97 100 103 106 111 115 117 119 123 125 124 122 122 121 119 118 116 114 113 111 107 103 100 97 96 95 93 92 93 93 94 95 95 95 95 96 97 98 98 99 101 102 104 106 109 111 113 114 115 115 114 112 112 112 112 111 110 108 105 103 103 101 99 96 95 94 93 90 86 84 83 81
79 80 83 86 90 94 96 98 99 99 98 99 100 101 104 105 107 108 108 110 114 118 119 117 116 115 112 109 108 106 103 102 101 101 100 99 96 95 95 93 91 90 89 88 89 90 92 95 97 100 104 108 113 118 120 123 127 128 127 127 127 126 125 123 120 117 113 108 105 102 100 97 96 95 94 94 95 95 97 98 98 98 99 100 100 100 100 102 103 104 105 107 111 114 115 116 117 117 115 113 112 112 111 110 109 107 104 103 101 99 97 96 95 95 94 92 89 86 84 83
82 83 86 88 91 95 96 97 98 98 97 96 96 99 102 104 105 107 108 110 114 118 118 117 117 116 115 113 111 108 106 106 105 104 103 101 98 98 98 96 93 92 90 89 90 90 92 94 98 101 104 109 115 122 126 129 132 133 132 133 134 134 133 129 126 122 116 109 105 102 100 97 96 96 96 95 96 97 98 99 99 100 101 101 101 102 105 108 107 105 106 109 113 116 117 118 119 119 117 114 113 113 111 109 108 105 103 100 98 97 96 95 95 95 94 93 91 88 87 86
86 87 89 90 93 95 97 97 97 96 96 95 95 97 100 102 103 105 108 113 117 119 118 118 117 117 116 114 111 109 108 108 108 107 106 104 101 100 100 99 96 93 91 91 92 92 93 96 99 103 106 110 117 124 131 135 139 140 140 139 139 140 140 137 134 129 122 113 108 105 102 99 99 98 97 97 96 97 99 100 101 101 101 102 102 105 110 110 107 105 105 109 114 117 119 120 121 121 119 117 116 114 111 108 106 103 100 98 97 96 96 95 95 95 95 94 92 91 91 89
90 91 91 92 94 96 96 96 96 95 95 95 95 96 98 100 102 105 108 113 119 120 119 117 116 116 115 113 110 108 107 109 110 108 106 103 101 101 101 101 97 94 93 94 94 94 95 97 100 104 106 111 118 125 132 138 141 143 143 143 142 144 145 142 138 133 124 116 111 108 104 102 101 100 98 97 97 97 98 100 100 100 100 101 103 106 108 105 101 101 103 107 110 112 113 115 116 118 119 118 117 115 112 109 105 101 98 97 97 97 97 97 97 97 98 97 96 95 94 93
93 93 93 94 95 95 94 95 95 94 94 93 93 95 97 100 102 105 107 110 115 117 117 115 113 111 110 108 106 104 104 106 107 105 103 101 99 99 99 99 97 94 94 94 95 96 97 99 101 105 108 113 119 125 131 136 140 142 142 141 141 145 147 143 139 132 124 118 114 111 107 104 102 99 98 97 96 96 97 97 96 95 96 97 98 99 98 96 95 97 99 101 102 103 105 106 108 111 114 114 113 113 112 109 104 99 96 95 95 96 97 97 98 99 99 99 99 98 97 95
95 96 96 96 96 94 94 94 93 93 92 92 92 93 95 98 100 102 102 103 106 109 110 109 107 105 104 102 100 97 97 98 98 97 97 97 96 95 96 96 95 94 93 93 94 96 99 102 106 109 112 115 119 124 129 136 141 144 143 141 141 143 144 141 137 131 124 119 117 114 110 106 102 99 99 97 95 95 94 91 89 88 89 90 90 89 89 90 91 93 96 98 99 100 101 102 104 106 108 108 107 107 108 106 102 97 95 94 94 95 95 96 97 98 99 100 100 100 99 97
97 98 98 98 97 95 94 93 92 91 90 90 89 90 92 93 95 96 97 98 100 102 102 102 100 99 99 98 95 92 91 90 89 89 89 90 91 91 92 93 93 92 91 91 93 98 103 108 112 114 115 115 118 122 127 134 140 145 145 144 142 143 143 139 134 128 122 120 118 116 112 107 102 98 98 96 94 92 89 85 83 83 84 84 84 84 85 86 88 91 94 97 99 99 99 100 102 103 103 103 103 102 103 102 99 95 93 92 92 93 94 96 96 97 99 100 102 102 101 99
99 100 99 99 98 96 94 92 92 91 89 87 86 86 87 87 88 89 90 92 94 94 93 92 90 89 88 88 85 82 81 81 81 81 82 84 86 87 87 89 89 88 89 91 95 100 107 112 115 116 116 116 117 120 123 129 135 140 143 143 143 143 141 138 132 125 120 119 119 119 116 110 104 98 96 95 92 89 85 82 80 80 82 82 82 80 78 77 79 81 84 87 90 91 92 93 94 95 95 96 95 96 97 97 94 92 90 90 91 92 93 95 96 97 99 102 103 103 102 100
101 101 101 100 99 97 94 92 90 89 87 85 83 81 80 79 78 77 77 76 74 72 71 68 64 61 59 58 57 56 57 60 65 69 73 77 80 82 84 85 86 86 88 90 95 102 109 114 116 117 117 116 116 117 119 123 130 136 140 141 141 141 138 135 130 123 119 118 119 120 120 116 108 100 95 93 90 87 84 81 80 80 80 77 71 63 56 55 54 53 53 57 60 63 69 68 71 71 73 75 76 79 83 86 86 86 86 88 90 91 91 94 96 98 100 103 105 105 105 103
103 102 102 101 99 96 94 91 88 86 84 80 75 70 66 62 60 60 59 56 49 45 43 40 37 34 34 33 33 34 36 43 50 53 58 66 74 79 81 81 84 86 88 90 96 105 111 114 117 118 116 115 115 115 118 122 127 131 135 137 137 137 133 128 125 121 117 116 116 118 123 121 113 104 97 92 90 87 85 82 81 80 72 61 51 42 36 37 36 32 33 34 35 37 40 41 48 54 58 58 55 56 60 65 68 73 77 81 84 86 89 93 96 98 100 104 107 108 107 105
105 104 103 102 99 95 92 87 83 79 75 71 62 55 50 46 46 49 54 53 43 33 30 28 27 26 26 26 28 28 33 47 52 48 48 53 63 76 83 84 85 88 91 94 102 111 114 115 117 116 114 112 113 114 117 120 122 126 130 132 133 132 127 122 121 118 114 113 113 117 123 123 117 109 101 96 94 91 90 88 83 69 53 45 45 40 32 31 29 27 27 28 28 29 29 34 47 58 62 58 53 47 44 46 50 56 61 66 71 77 82 88 95 99 101 105 108 110 109 106
106 106 105 103 98 92 85 79 74 69 65 60 53 47 45 45 46 52 60 62 53 38 29 27 26 26 26 27 27 31 43 58 61 52 49 50 52 64 83 93 93 94 97 100 109 116 114 112 113 113 111 110 110 111 113 114 118 123 129 130 130 129 124 120 119 117 114 112 111 114 119 120 120 116 109 105 103 99 98 92 72 53 47 46 51 50 41 33 30 27 26 27 29 29 31 42 59 70 70 66 60 51 46 45 47 52 56 59 62 68 74 83 93 100 103 106 109 111 110 106
108 108 107 104 98 89 81 76 71 67 64 61 58 56 55 55 57 62 66 68 66 55 40 33 30 28 27 28 31 43 58 69 67 59 54 55 55 55 69 92 103 104 106 111 118 118 111 109 109 110 110 108 109 109 110 112 117 123 127 127 124 123 121 118 118 116 113 111 109 110 112 117 121 121 118 114 111 108 102 83 59 55 57 57 60 62 58 48 40 34 32 34 35 36 41 56 74 81 78 73 67 63 59 56 56 59 63 66 68 71 76 83 93 102 107 109 112 113 111 108
111 111 110 106 99 91 86 82 77 74 73 72 70 68 66 67 69 72 72 73 74 71 63 53 47 44 44 46 53 63 70 72 71 68 68 71 75 72 70 85 105 111 114 118 123 118 107 106 108 108 108 108 108 107 107 111 116 120 122 121 118 115 116 117 117 115 111 110 109 107 108 113 118 123 123 118 113 108 97 81 74 78 78 75 72 72 72 67 59 52 51 53 55 57 63 74 81 82 80 76 75 74 72 69 69 70 73 76 78 82 87 91 97 106 111 114 116 116 113 111
114 114 112 108 104 98 94 90 85 82 80 79 78 78 77 78 80 80 79 78 77 77 77 74 71 71 70 70 73 75 76 76 77 80 85 91 97 97 92 93 103 111 118 122 122 113 104 105 106 107 108 108 107 104 104 109 113 117 118 118 114 110 111 114 115 112 108 107 108 107 107 109 112 120 123 117 111 103 95 94 99 101 95 89 84 79 78 77 74 71 71 74 75 77 78 79 81 85 86 85 85 85 83 82 81 81 82 83 87 92 99 103 106 111 116 119 119 118 116 113
117 117 115 112 108 103 100 95 92 88 86 84 84 84 85 87 89 89 88 88 88 89 87 85 83 82 80 78 78 81 81 82 84 88 93 100 106 108 107 105 106 110 119 124 118 107 103 105 106 107 108 107 105 101 102 108 112 116 118 116 113 111 109 110 111 109 105 106 108 108 107 105 108 116 122 120 112 103 99 104 107 104 98 92 89 85 82 81 81 79 79 83 85 85 83 85 88 93 95 95 95 95 95 93 92 92 91 92 95 101 108 112 114 116 120 122 121 119 117 115
120 119 118 114 108 106 105 102 98 94 91 89 88 89 91 93 96 98 99 101 104 104 102 99 96 94 92 88 85 86 86 86 86 88 93 99 105 108 109 109 109 112 121 121 112 105 103 104 105 106 106 105 103 101 103 109 112 115 116 113 111 111 109 108 108 106 103 103 106 108 107 105 106 112 120 122 117 108 105 106 103 99 94 90 87 84 83 84 84 83 84 88 93 95 95 95 97 102 103 102 103 104 103 102 101 100 100 101 104 109 115 118 120 121 123 124 123 121 118 115
121 121 120 116 111 110 109 107 106 102 99 96 95 95 95 97 99 101 104 106 109 109 107 104 102 99 96 92 87 86 86 85 85 87 92 98 102 104 106 109 112 117 121 117 108 104 104 104 104 106 105 104 104 101 104 110 111 113 114 110 109 111 108 106 107 105 101 100 105 108 108 106 105 107 114 121 121 115 110 106 101 97 93 90 88 85 84 84 84 85 86 89 94 97 100 101 103 106 106 105 106 107 107 106 105 107 108 109 111 116 119 120 122 124 125 125 124 123 120 116
122 122 121 118 116 114 112 111 111 109 106 103 102 100 100 100 101 102 103 104 105 105 105 103 100 97 94 91 88 87 86 86 87 90 94 97 100 103 108 114 119 120 118 110 103 103 105 105 104 105 105 105 104 102 106 110 111 114 115 112 113 114 108 104 107 107 103 101 103 107 107 106 104 104 109 117 123 121 116 110 102 98 94 92 91 89 87 87 88 89 90 91 94 96 98 100 103 105 106 106 107 108 108 109 109 111 114 115 117 120 122 122 123 124 125 125 124 123 121 117
123 123 121 119 118 116 115 115 115 113 110 109 108 106 104 104 105 104 103 102 101 102 103 101 99 97 94 92 91 90 90 90 92 93 95 97 101 108 116 121 120 117 111 104 101 102 104 104 103 103 105 105 102 101 105 109 112 116 118 116 118 117 109 107 109 108 103 100 101 105 107 107 105 104 108 114 122 125 124 117 108 103 98 95 93 92 91 91 92 94 95 96 98 100 101 103 106 108 110 111 112 112 113 114 115 117 119 121 121 124 125 125 124 124 125 126 125 124 122 119
124 124 122 120 119 117 116 118 118 116 114 113 112 111 109 109 109 107 104 101 100 101 102 101 100 98 96 96 95 95 95 95 96 95 97 101 107 115 123 122 116 111 108 104 101 101 102 102 102 103 106 104 101 101 106 108 111 117 120 120 121 120 116 113 112 107 101 98 100 104 107 110 108 106 108 112 118 124 127 124 117 111 105 99 95 93 93 94 96 99 101 102 104 106 108 109 111 114 115 117 118 119 119 120 122 123 124 124 125 127 128 127 126 125 125 126 126 125 123 119
124 124 123 122 120 119 119 121 121 120 118 117 116 115 114 114 114 113 109 105 103 104 105 104 102 101 100 100 99 98 98 98 99 100 103 110 116 121 124 121 113 109 106 104 102 101 101 100 102 105 105 103 100 102 106 107 110 117 122 122 123 123 120 117 114 108 104 102 103 104 106 110 109 108 108 110 114 120 125 128 125 120 113 105 99 95 94 96 99 102 104 106 110 113 114 115 116 118 120 122 124 125 125 125 127 128 127 127 128 130 130 129 127 127 126 126 126 125 123 119
124 124 124 122 121 120 122 124 124 124 123 121 120 119 119 119 119 118 115 110 108 109 111 109 106 105 104 103 101 100 101 102 104 108 114 121 123 124 123 120 113 109 107 106 106 103 99 99 102 105 106 103 101 103 105 108 113 120 124 122 123 123 121 119 115 111 108 106 105 103 105 109 109 108 107 108 112 115 120 126 130 128 121 114 107 101 98 99 100 102 104 106 111 115 118 119 119 120 123 125 127 128 129 129 130 130 130 129 130 131 131 130 129 128 127 125 125 125 123 119
124 125 124 123 122 122 124 126 126 126 126 125 124 123 122 123 124 123 119 116 114 115 116 114 111 110 108 106 104 103 104 107 111 117 122 126 125 122 118 116 112 109 108 109 107 103 99 101 104 107 107 104 103 104 106 110 114 121 125 124 124 123 122 121 119 114 109 106 105 102 105 109 110 109 108 109 112 114 117 123 129 132 129 124 116 109 104 102 101 101 102 104 109 114 117 119 120 122 124 126 129 130 131 130 131 131 132 131 131 132 131 130 129 129 128 127 126 125 123 120
124 125 124 124 124 125 127 128 129 129 128 128 127 127 126 127 127 127 124 121 120 121 120 118 115 114 113 109 106 108 112 116 119 123 126 127 124 120 114 112 111 109 109 110 107 102 102 104 106 106 105 105 104 105 108 110 114 121 126 126 127 125 122 122 120 115 109 106 106 105 107 110 111 110 110 111 113 115 117 120 125 130 134 132 126 119 113 109 106 104 103 104 106 111 115 117 119 122 125 128 130 131 131 131 131 133 133 133 133 133 132 131 131 130 130 129 128 126 124 120
124 125 124 126 128 128 129 131 132 131 131 131 131 130 129 130 130 129 127 124 124 125 124 123 120 119 118 115 114 117 121 124 125 128 129 127 123 119 114 111 111 111 110 109 104 101 103 106 106 105 105 105 105 105 107 109 114 120 125 127 127 124 122 122 120 114 108 107 108 108 108 111 112 111 111 112 113 114 116 118 122 129 136 137 133 129 124 119 115 110 108 107 109 112 115 116 118 122 126 129 131 132 132 132 133 134 135 135 135 134 133 132 132 132 131 129 128 127 125 121
124 125 125 126 129 130 130 133 133 134 134 134 133 133 133 132 131 130 128 127 127 128 127 126 125 124 123 122 122 125 128 130 132 133 133 127 122 120 117 114 113 112 111 107 102 101 105 107 107 106 105 105 103 104 106 110 115 120 125 127 124 123 122 121 118 113 109 107 109 109 109 111 111 111 111 112 113 114 116 116 121 129 135 136 136 136 134 129 124 119 116 116 117 118 118 118 120 123 127 130 131 132 133 133 134 136 137 137 136 135 134 133 133 133 133 131 129 127 126 124
123 125 126 127 130 132 133 135 134 134 136 137 137 137 136 134 132 131 130 130 130 130 130 131 130 129 128 126 125 128 131 134 136 135 132 126 122 121 119 117 116 113 110 105 102 104 107 108 107 106 105 104 103 104 107 111 116 120 125 125 123 124 123 119 116 113 109 108 109 109 109 110 110 111 112 112 112 113 113 115 120 127 133 133 134 137 136 133 130 126 124 125 125 126 125 123 123 126 129 131 133 134 134 134 135 137 139 139 138 136 135 134 134 134 135 134 131 128 127 125
123 125 126 128 130 133 136 136 134 135 137 139 141 142 140 138 136 135 133 133 133 133 134 135 135 134 132 129 128 131 135 138 139 135 130 127 125 122 119 119 117 114 111 106 103 105 107 108 107 106 104 103 103 105 108 112 115 119 120 121 123 125 124 121 117 113 110 108 108 108 108 109 110 113 113 112 112 113 113 115 120 126 131 132 134 137 137 135 132 129 127 129 131 131 131 129 129 130 131 132 134 136 137 136 135 136 138 139 139 137 137 135 134 135 135 136 133 131 129 126
124 126 127 129 132 134 136 136 136 137 138 140 144 145 143 142 141 139 138 137 137 137 137 136 137 136 133 132 132 135 139 141 139 135 130 127 124 120 117 117 116 113 111 107 104 105 107 108 107 105 103 103 104 105 108 111 114 116 118 121 123 125 126 123 118 114 110 107 107 107 107 108 110 113 113 112 111 112 115 117 121 125 128 131 134 137 138 137 135 133 131 132 134 135 134 135 135 135 135 134 135 138 140 138 136 137 138 140 140 140 139 138 137 136 136 137 136 133 130 126
124 127 129 130 132 133 134 135 136 136 137 141 145 146 146 145 143 142 142 142 140 138 137 136 134 133 133 134 136 139 141 141 139 135 130 126 124 120 117 117 116 113 111 108 105 107 109 109 107 105 103 102 103 105 109 112 114 116 119 122 122 123 125 123 118 114 110 107 107 106 107 108 110 111 113 114 112 113 115 118 123 127 129 131 133 135 137 139 139 138 137 136 137 137 137 138 138 138 137 137 137 140 141 140 139 140 141 142 141 141 142 142 140 139 139 139 138 135 130 126
126 129 130 132 134 134 134 133 132 132 135 139 143 146 148 147 145 144 143 142 139 136 136 136 134 134 135 137 139 141 141 140 138 134 129 126 124 121 119 118 118 116 112 108 106 108 109 108 106 104 102 101 102 103 107 111 113 115 118 121 120 121 123 120 117 114 110 108 107 105 105 107 107 109 113 114 113 114 116 119 124 129 131 132 133 136 138 141 141 141 140 139 138 138 139 139 139 139 139 138 139 142 141 141 141 142 143 144 143 143 144 144 143 141 142 141 138 136 131 126
127 130 131 134 136 136 135 133 130 130 133 136 141 145 148 148 146 144 142 140 137 135 136 137 137 137 135 136 139 141 140 138 135 132 128 127 125 122 119 118 118 116 112 109 107 108 107 106 104 103 101 100 99 101 104 108 110 113 117 119 120 122 123 120 117 113 109 107 106 103 104 107 108 110 113 113 112 112 115 118 123 128 130 131 133 135 138 140 141 142 140 139 138 138 139 139 139 139 139 140 141 144 143 141 141 143 144 145 145 145 144 145 144 142 142 140 139 136 130 125
127 131 133 136 138 138 136 134 132 132 132 133 139 144 146 146 145 144 142 141 139 139 140 142 141 138 135 135 138 142 141 138 134 130 129 127 124 121 119 118 116 113 111 109 107 105 105 104 103 101 100 99 99 101 104 105 109 113 116 118 120 121 121 119 116 112 108 105 105 104 105 108 109 111 113 113 112 113 115 118 120 124 126 129 130 131 132 136 140 140 139 137 137 138 138 138 138 139 141 142 143 144 143 142 141 144 145 145 146 145 144 144 143 141 140 140 139 136 130 124
127 131 134 137 139 138 137 137 136 135 134 135 139 142 143 144 144 143 142 142 143 144 145 147 146 143 141 140 141 142 142 139 136 132 130 129 126 123 122 118 114 112 110 108 105 104 103 102 101 100 99 99 100 102 104 104 108 113 116 116 119 121 120 118 115 112 108 104 103 104 107 107 108 109 111 112 112 114 116 119 121 121 123 125 125 122 123 131 138 139 138 137 137 139 139 139 139 140 142 143 144 144 143 142 142 143 143 143 144 143 143 141 141 139 138 138 137 134 128 123
126 130 134 137 139 138 137 139 139 138 138 138 140 143 143 144 144 142 141 143 145 148 149 149 148 148 146 144 143 142 141 139 138 137 134 132 128 124 122 117 113 112 110 106 104 104 103 100 98 99 98 98 100 103 104 103 106 112 115 115 117 119 119 118 116 114 110 105 103 103 105 106 105 106 108 109 110 112 115 119 123 123 125 128 126 118 116 127 136 140 140 140 141 143 142 142 142 142 142 142 143 142 142 142 143 142 140 140 141 141 140 139 138 137 137 137 135 132 127 122
124 128 131 135 138 138 137 139 140 139 138 139 142 144 145 145 144 143 144 145 146 149 150 149 148 148 148 147 145 143 139 137 139 140 136 133 128 123 121 117 114 113 108 103 101 102 101 97 96 98 98 99 101 102 105 106 110 115 118 119 119 119 119 118 118 117 114 109 105 103 104 105 104 103 104 106 108 110 114 119 123 125 127 130 130 126 123 130 136 140 142 142 143 145 145 145 146 144 143 142 141 141 140 141 142 140 138 137 138 138 137 136 136 135 135 135 133 130 125 119
122 126 129 133 137 138 137 138 138 137 138 139 141 145 146 146 146 146 148 147 148 151 151 149 148 147 147 147 148 146 141 138 140 140 135 133 130 126 123 118 114 110 104 99 98 98 97 95 95 97 98 99 101 104 108 110 114 118 122 123 123 123 123 122 122 121 117 113 108 104 104 105 102 100 100 101 104 106 112 118 121 126 128 129 131 132 133 134 136 139 141 142 144 145 146 147 147 146 144 143 142 141 140 141 142 140 138 137 136 136 135 134 135 135 134 133 131 128 123 117
120 124 128 131 135 137 138 138 136 135 136 137 141 145 146 147 148 149 149 148 149 151 152 151 150 150 150 149 149 148 144 141 142 140 136 135 135 132 127 120 112 105 100 97 95 94 93 93 94 98 100 101 104 107 111 113 117 122 125 125 124 126 128 127 127 125 120 115 112 108 106 104 102 99 97 97 99 101 107 113 120 127 128 128 129 132 135 135 136 139 141 143 144 145 147 148 148 147 146 146 144 142 142 143 144 142 140 139 138 137 135 134 135 135 134 132 130 126 120 116
118 122 126 129 132 135 137 137 137 137 137 138 141 145 147 149 150 149 147 147 148 151 152 152 153 155 154 151 150 148 145 142 142 140 138 138 137 135 129 119 108 102 98 94 93 91 91 92 95 99 102 104 107 111 114 117 121 126 130 129 127 128 132 134 134 135 128 120 116 111 106 103 102 100 97 95 95 96 100 108 117 124 127 129 131 133 133 133 134 138 140 141 143 145 147 148 147 145 145 145 145 144 144 145 146 144 142 141 141 139 138 136 135 135 133 130 127 123 118 114
117 120 124 126 130 133 135 136 137 138 140 141 142 145 147 149 150 149 147 146 148 150 152 153 154 154 153 150 148 147 145 142 140 137 136 137 136 133 126 114 104 99 94 91 91 90 91 94 97 100 103 107 110 114 119 124 131 141 142 137 134 134 140 148 156 157 141 127 120 112 107 105 103 101 99 97 95 94 96 102 111 120 126 131 135 135 133 133 134 136 138 139 141 143 145 146 145 144 144 144 145 145 145 147 147 146 145 144 142 141 139 136 135 133 130 127 124 120 116 112
115 118 121 124 128 131 133 135 137 139 140 141 143 144 146 147 148 148 147 147 148 148 150 151 151 151 150 148 146 146 145 142 139 136 134 133 131 127 118 106 99 95 92 92 92 91 93 96 99 102 106 111 114 118 123 132 148 163 159 145 139 138 145 156 168 169 147 131 123 116 112 108 105 102 101 100 98 96 96 99 106 117 127 132 136 136 135 135 136 137 138 140 142 143 143 144 143 142 143 144 145 144 143 145 148 148 147 145 142 141 139 136 134 130 127 124 121 117 113 110
112 115 119 123 126 129 131 133 135 137 139 139 140 141 142 143 145 146 146 146 145 145 145 146 147 148 148 148 147 146 144 141 139 139 137 134 128 120 110 100 95 92 93 94 94 94 96 98 101 104 109 115 119 122 128 141 158 172 169 153 140 140 147 154 160 158 146 137 130 125 120 113 108 104 103 102 100 99 100 100 103 113 125 132 135 136 135 136 137 138 140 141 143 143 143 143 142 142 143 145 145 143 142 143 146 147 146 145 143 140 137 133 131 128 125 122 118 115 111 108
109 112 116 119 123 126 128 131 133 135 136 136 137 138 139 140 141 143 144 144 142 141 141 144 146 146 147 147 148 146 143 141 140 139 137 134 126 116 105 96 93 94 95 96 97 98 101 103 106 109 114 120 125 130 136 145 154 165 169 156 141 140 145 149 150 147 145 141 140 139 130 118 111 107 105 104 102 103 104 102 101 107 119 129 134 134 134 136 138 140 140 141 142 143 143 143 143 143 144 145 145 143 141 143 144 145 145 143 140 137 133 129 129 125 123 120 116 113 110 107
105 108 112 116 119 123 125 128 131 132 133 134 134 136 137 139 140 142 142 142 142 141 142 145 147 147 147 145 144 142 140 140 139 137 134 131 123 112 101 93 92 96 99 100 102 104 106 109 112 115 119 124 131 137 143 146 146 149 152 145 136 136 138 141 142 141 141 143 147 147 135 120 112 110 108 107 107 108 109 107 103 103 113 125 132 133 135 138 140 141 141 141 142 143 144 145 144 143 143 144 144 143 142 143 144 144 143 140 138 134 128 125 125 123 121 118 114 111 108 105
102 105 109 113 116 119 122 125 129 130 131 132 133 133 135 137 139 140 141 141 143 144 145 146 146 146 145 143 141 139 138 138 136 134 132 128 120 107 97 93 96 100 103 106 109 110 111 114 117 118 118 119 123 129 136 138 135 133 133 131 129 129 130 132 133 134 134 136 138 136 126 115 110 110 112 113 113 114 114 113 108 106 111 121 129 133 137 139 140 140 140 141 142 144 146 146 144 142 141 142 143 142 141 142 142 142 140 137 135 130 124 122 121 120 119 115 112 109 105 103
100 103 105 109 113 117 120 122 125 128 129 130 131 132 133 135 137 137 137 139 141 143 144 144 143 142 141 140 139 137 135 134 132 131 130 126 117 103 94 95 100 105 109 112 114 114 115 115 115 115 112 110 109 112 119 122 122 122 122 122 122 122 124 126 126 125 124 124 121 115 109 105 104 107 113 117 118 119 118 116 112 108 109 117 126 131 136 138 139 139 139 140 142 145 146 146 145 143 142 142 141 141 140 139 138 137 135 134 131 126 123 122 120 118 116 114 111 108 105 102
99 101 103 106 109 114 117 119 122 124 126 128 128 129 131 132 133 134 136 136 137 139 140 140 141 140 139 137 135 133 131 129 129 130 129 123 113 100 94 98 104 110 114 116 116 114 112 108 105 103 102 101 99 101 105 109 111 113 115 116 116 116 118 120 119 116 114 112 107 101 98 97 97 101 106 111 114 115 116 116 115 110 107 114 122 127 132 136 137 138 138 139 141 144 146 146 145 144 142 142 141 139 137 136 134 134 132 131 128 125 123 120 118 117 114 112 110 107 104 102
98 99 101 104 106 110 114 117 120 122 123 125 126 127 128 129 130 133 135 136 136 137 139 140 140 140 138 134 132 130 128 127 128 129 128 121 110 98 95 100 106 112 115 115 111 104 96 86 81 79 83 87 89 92 95 99 103 106 109 110 110 110 111 111 110 108 106 102 95 91 88 84 83 83 85 91 98 102 108 112 112 109 107 112 119 124 129 135 137 138 139 139 140 142 144 145 145 144 142 141 139 137 135 132 132 131 129 127 125 124 121 118 116 114 113 110 108 106 103 100
96 98 100 102 104 106 110 114 118 121 122 124 125 126 126 127 128 130 133 135 135 137 139 140 140 139 137 134 132 131 129 128 129 129 126 119 108 97 95 100 106 110 111 105 94 78 63 49 43 42 47 56 66 77 85 91 95 98 101 102 102 102 103 103 103 101 98 92 85 76 64 53 49 46 47 58 71 83 96 103 105 105 105 112 119 123 128 133 136 138 139 140 140 141 142 144 144 142 141 138 135 133 131 129 129 127 125 123 122 121 119 116 114 112 110 108 106 105 102 97
95 97 99 101 103 104 107 110 114 118 120 122 123 125 126 127 128 129 131 133 134 136 138 139 140 138 136 134 133 132 131 131 132 131 127 118 107 97 95 99 103 104 101 89 69 49 35 27 24 25 27 32 43 59 72 82 89 92 93 93 93 94 95 96 96 94 91 83 68 48 34 27 26 26 28 37 51 68 84 93 98 101 104 111 116 119 124 130 134 137 139 140 141 141 142 143 142 139 137 135 133 131 129 128 127 125 123 120 120 118 116 113 111 109 108 107 104 103 99 95
93 96 98 100 102 103 106 108 112 115 117 119 121 123 124 125 126 128 130 132 134 137 138 139 139 139 137 136 134 133 133 134 135 133 128 119 108 98 93 95 97 96 89 73 52 37 29 27 27 29 33 41 52 61 67 73 82 86 87 86 85 85 86 88 89 88 83 73 54 37 29 26 26 29 32 37 48 63 79 89 95 97 102 108 113 117 122 129 134 136 137 138 140 140 140 141 140 137 135 134 132 131 129 126 125 124 121 119 118 116 113 110 109 108 107 105 103 102 98 96
93 94 97 99 101 103 105 107 109 112 115 116 117 119 121 123 124 126 128 130 133 135 137 139 139 139 139 138 136 135 134 136 137 135 130 122 111 100 92 90 89 87 80 65 49 41 40 44 48 53 59 68 73 75 74 74 78 80 80 78 77 76 78 81 83 83 79 73 66 56 49 46 44 47 51 54 60 69 79 86 89 92 97 103 112 119 125 131 135 136 137 139 140 139 139 139 138 137 136 134 131 129 126 124 124 122 121 120 117 114 111 110 109 108 107 104 102 102 100 100
93 94 96 98 99 101 103 106 108 110 112 113 114 116 118 121 123 124 126 129 131 132 134 136 138 139 140 140 139 138 138 138 137 134 131 124 116 105 95 87 82 79 73 63 57 57 63 70 78 86 91 91 87 83 80 78 78 77 75 71 69 69 73 78 82 81 77 79 86 88 85 81 77 77 75 72 73 75 79 83 88 93 96 103 113 122 129 134 136 136 138 141 141 139 138 137 136 136 136 134 131 128 125 124 123 122 121 118 116 113 111 111 110 108 106 103 103 104 103 101
94 95 97 98 99 100 101 103 106 109 110 111 113 114 116 119 122 124 127 129 130 131 131 132 135 137 140 140 140 140 141 140 136 131 128 125 117 108 98 87 80 75 70 65 67 72 80 89 100 107 107 101 97 92 87 84 81 77 73 69 67 68 73 79 81 81 82 89 100 109 110 107 104 100 92 86 82 79 81 88 96 101 103 108 116 122 128 132 134 136 139 141 141 138 136 135 135 135 134 133 132 129 127 125 123 121 119 117 115 113 112 111 110 109 107 106 106 105 103 100
95 96 97 99 100 100 101 103 105 108 110 111 112 114 116 117 120 123 126 128 130 130 131 131 133 137 140 141 141 141 142 140 135 130 128 125 118 111 102 93 86 80 77 77 81 84 89 97 105 108 106 103 104 105 104 102 97 89 81 75 72 74 79 85 91 96 100 106 111 116 117 115 113 108 102 97 92 90 92 97 103 107 111 116 119 123 128 131 132 135 138 140 139 137 135 134 133 133 132 132 132 130 128 125 123 121 119 117 115 114 112 110 110 109 109 109 107 105 102 100
97 97 99 101 102 103 104 106 108 109 111 112 113 114 116 117 118 120 124 127 130 131 132 133 134 137 141 142 142 141 141 139 136 133 129 125 121 115 108 101 96 92 92 93 94 95 96 98 99 101 102 103 109 115 119 121 118 109 99 89 86 88 96 106 114 117 117 118 117 117 116 115 114 111 107 105 104 105 106 107 109 112 117 122 122 124 127 128 129 133 136 138 138 136 134 133 132 132 132 132 132 130 127 125 123 121 118 116 114 113 111 110 110 110 110 110 108 105 102 99
99 99 101 102 104 105 106 107 109 111 112 114 114 115 116 118 118 119 122 125 128 129 131 134 135 137 140 142 142 141 140 138 136 133 129 125 123 119 115 111 108 105 103 102 103 102 101 98 98 102 105 108 113 120 125 128 127 122 113 104 102 108 119 129 131 128 125 123 119 116 114 114 114 113 111 111 112 114 115 113 114 119 122 125 124 125 126 126 128 132 135 138 139 137 135 133 133 132 132 132 132 130 126 125 124 122 119 116 114 112 111 111 112 112 112 112 109 106 102 98
100 101 102 103 103 104 105 107 109 111 112 114 116 116 117 118 120 120 121 123 126 127 130 133 136 139 142 142 142 140 138 137 135 132 128 125 124 123 121 118 116 113 109 108 109 108 106 103 103 108 112 114 117 124 128 129 130 129 125 120 119 124 134 139 138 134 130 127 125 124 120 118 118 118 117 116 116 116 117 116 119 123 125 126 125 127 128 128 129 132 135 138 139 138 135 134 133 131 131 132 131 129 127 126 124 122 119 116 114 112 112 113 113 113 113 111 109 106 102 98
101 102 103 104 104 103 104 105 108 110 111 113 115 116 117 118 119 121 121 122 124 126 128 131 136 141 143 143 141 138 136 135 133 130 127 125 124 122 120 119 119 118 115 112 112 111 110 109 110 114 118 118 122 128 131 131 132 135 135 131 128 131 140 143 141 137 131 129 132 132 128 124 121 122 121 121 120 119 119 118 120 122 124 126 127 129 129 129 131 132 135 137 138 137 135 134 131 129 129 129 129 128 127 126 123 122 119 116 115 114 114 114 114 113 112 110 108 105 101 99
100 102 103 104 104 104 105 105 107 109 111 112 114 116 117 117 118 120 122 123 125 127 128 130 134 139 141 140 138 135 133 132 130 126 123 122 121 119 119 120 120 120 117 114 113 113 114 115 117 120 121 122 126 131 131 131 135 139 138 133 129 129 137 142 144 140 132 132 135 133 128 123 119 120 122 122 122 122 121 120 119 119 123 126 126 127 128 129 130 132 134 136 136 136 135 133 129 126 126 126 127 127 126 124 123 122 120 119 118 117 117 116 114 113 110 108 106 103 100 100
100 102 104 105 106 106 107 107 109 110 112 113 115 116 118 118 118 118 120 123 126 127 128 130 133 136 138 137 135 132 130 128 125 122 120 121 122 121 121 122 122 120 118 116 113 113 116 118 121 123 123 125 128 132 132 132 138 141 138 132 125 125 132 140 143 140 135 134 135 131 127 123 118 121 123 120 119 121 122 120 118 120 123 125 125 126 128 128 128 130 132 133 134 134 134 132 128 125 124 124 126 126 124 122 123 123 121 121 120 120 119 117 115 113 111 108 105 102 100 101
101 103 105 106 107 109 110 110 111 112 113 114 116 117 118 118 118 117 117 120 124 127 129 130 132 134 134 133 131 128 125 124 122 119 119 121 123 122 121 122 122 119 118 116 113 112 115 119 122 123 124 126 129 133 133 133 137 139 136 128 118 121 132 138 140 137 134 134 134 132 131 129 125 128 127 122 119 120 121 120 118 119 121 123 124 125 126 125 125 127 129 131 131 132 133 131 128 124 122 123 124 124 122 122 122 122 122 122 122 121 119 117 115 114 112 110 106 103 101 101
101 103 105 107 109 110 111 112 112 113 114 115 116 116 117 118 117 116 115 117 120 125 128 130 131 131 131 129 127 124 122 121 120 119 119 120 120 120 120 122 122 120 117 113 110 108 113 120 120 120 122 126 130 134 134 135 138 136 131 124 116 119 128 133 134 134 134 134 132 133 134 132 128 128 128 125 117 117 120 120 120 118 118 120 122 123 124 123 122 124 126 128 129 130 131 130 126 122 120 120 121 121 120 120 120 121 122 122 122 120 119 117 116 115 113 111 108 105 103 101
102 104 105 108 110 112 113 113 114 114 116 116 117 116 116 116 116 115 114 114 117 121 125 128 129 129 128 125 123 120 119 119 120 118 117 117 116 117 118 121 122 121 117 113 110 109 114 118 116 116 121 125 128 131 134 136 137 133 125 120 117 118 121 122 127 132 134 132 129 130 131 130 126 125 126 121 111 115 120 121 121 118 117 119 121 121 120 119 118 120 123 124 125 127 128 127 124 121 118 118 119 119 118 119 119 121 122 121 121 119 118 117 117 116 114 112 108 106 103 103
102 104 105 108 111 112 113 114 114 116 117 117 117 116 115 115 115 115 114 113 115 118 122 125 126 126 124 121 118 116 115 117 118 116 114 114 114 114 117 120 120 119 117 114 115 115 116 117 116 116 118 121 124 128 132 131 127 122 113 107 107 108 108 112 121 129 132 129 127 126 126 127 127 126 125 123 121 121 122 123 121 119 119 120 119 117 116 116 116 118 119 119 122 124 124 124 123 119 117 117 117 116 116 117 119 120 121 121 120 118 117 117 117 115 114 111 108 105 103 104
101 103 106 108 111 112 114 115 115 116 117 117 117 116 114 112 112 112 112 112 113 116 119 121 122 121 119 116 113 112 113 115 116 116 115 115 114 114 117 119 117 116 115 112 111 113 116 117 116 113 114 118 122 124 126 124 118 112 104 100 100 99 99 105 116 126 130 130 127 123 122 125 126 125 126 126 126 125 125 124 123 121 120 119 117 116 115 115 116 117 116 115 118 120 121 122 122 120 117 115 113 114 115 116 117 119 121 121 119 118 117 117 117 115 113 110 107 105 102 104
101 103 106 109 112 113 114 116 116 117 118 118 116 115 113 109 107 109 111 112 113 115 117 119 119 117 114 111 110 111 112 113 114 115 117 117 117 115 118 119 116 114 112 109 109 112 113 112 112 113 116 122 126 127 128 127 123 115 107 103 102 102 106 113 120 127 133 135 132 126 123 124 125 125 126 126 125 126 126 125 124 122 121 120 119 117 115 114 116 116 114 112 113 116 118 121 121 119 116 113 111 112 113 115 117 119 121 120 119 118 118 117 116 115 112 108 105 103 101 103
101 103 106 109 112 114 115 117 117 118 118 119 117 115 113 109 106 106 109 111 112 113 115 117 117 115 111 107 107 109 111 112 113 114 115 117 118 117 117 116 113 112 111 110 112 114 112 113 116 118 120 124 126 125 124 123 122 119 116 116 115 116 119 121 119 118 122 127 128 127 127 129 130 127 126 127 127 126 124 123 122 122 121 121 120 118 115 113 115 115 113 109 109 111 114 119 120 117 114 110 109 110 112 114 117 119 120 120 119 118 118 117 117 115 112 107 104 101 100 103
102 103 106 108 111 114 115 117 118 119 119 119 118 116 114 111 108 107 108 109 110 111 113 115 115 113 109 105 103 106 110 112 112 113 114 114 116 116 114 112 110 110 111 115 119 119 115 112 110 105 102 102 101 101 100 99 101 105 108 112 111 109 109 106 102 99 99 103 107 110 113 119 123 123 125 128 129 127 124 121 119 119 118 118 119 118 115 114 114 113 111 108 108 107 111 117 119 116 112 109 109 110 111 114 117 119 121 121 120 119 118 118 116 114 110 106 105 103 102 104
101 104 105 108 111 113 115 117 118 119 119 118 118 117 115 112 110 109 108 107 107 109 111 113 113 110 106 102 100 105 109 111 111 111 112 113 114 113 112 111 112 113 115 118 116 110 101 92 88 83 82 83 83 84 83 84 87 90 93 95 94 93 93 91 89 87 87 87 88 89 89 92 97 102 107 112 118 121 124 123 120 117 116 116 118 117 115 114 113 112 111 109 106 106 111 116 117 114 111 110 109 110 112 115 117 119 120 120 120 119 118 118 116 112 109 107 106 104 104 105
100 103 105 108 110 112 114 116 117 119 118 118 118 117 115 113 111 108 107 105 105 106 109 112 112 108 103 99 98 101 105 108 108 108 109 111 112 112 111 111 113 112 109 102 93 86 80 75 72 72 73 75 75 75 76 77 78 81 82 83 82 82 82 81 79 78 78 77 78 77 74 73 74 77 80 85 90 95 102 111 115 116 115 115 116 115 113 112 113 111 109 107 106 109 112 115 115 113 110 109 110 110 112 115 117 118 119 119 119 118 118 117 115 112 110 108 106 104 105 105
99 102 104 107 110 111 113 115 116 118 118 118 118 117 115 114 111 108 106 104 103 104 107 109 109 106 102 99 98 98 100 103 104 104 105 106 108 108 107 105 101 94 86 79 74 70 67 65 64 65 67 69 68 68 70 70 70 71 72 73 73 73 73 74 73 72 71 71 72 71 70 67 65 64 65 68 70 73 79 86 96 104 109 111 112 111 108 107 108 108 107 106 106 109 112 114 113 111 109 109 110 111 113 115 116 117 117 118 118 118 117 117 115 113 110 108 106 104 106 105
98 101 103 106 109 110 113 114 115 118 118 118 118 116 115 114 112 109 106 104 103 104 107 108 108 105 103 100 99 97 96 97 98 98 99 100 101 99 95 89 81 74 69 66 64 62 61 61 62 63 64 64 63 64 65 65 66 67 67 68 69 69 69 70 70 69 68 69 69 68 67 64 62 61 61 62 64 66 68 71 75 83 92 98 102 101 99 100 103 104 105 106 107 109 112 113 111 110 109 110 110 112 114 115 116 117 118 118 117 117 116 116 114 112 110 109 106 105 106 104
97 100 102 105 107 109 111 113 114 116 117 116 117 117 115 113 112 110 107 105 103 104 106 108 108 105 102 100 99 96 93 92 90 88 88 89 88 84 78 71 67 64 62 61 60 59 59 58 59 59 59 60 61 62 63 64 65 64 64 67 69 68 66 66 66 67 66 66 65 63 61 60 60 60 60 60 61 62 62 63 65 68 73 79 85 88 89 92 97 101 104 106 108 110 111 111 110 110 110 110 111 113 115 116 117 118 118 118 117 116 115 114 113 111 110 108 106 107 106 104
96 99 101 104 105 107 109 111 112 114 115 115 116 117 116 114 112 110 108 106 104 104 105 107 108 105 103 102 101 97 92 88 83 77 74 74 72 68 64 60 58 58 58 59 59 59 58 56 55 55 55 57 58 59 60 63 65 64 62 64 67 67 64 63 63 63 62 61 59 57 56 56 58 59 60 60 60 59 59 59 59 59 61 65 72 76 80 86 93 98 103 106 108 109 109 110 110 110 109 109 110 113 115 116 118 118 118 117 116 114 113 111 110 109 108 106 105 108 106 104
95 97 100 102 104 106 108 109 111 113 114 114 115 116 116 114 113 111 109 108 105 104 104 105 107 106 105 104 103 99 94 87 80 72 65 60 59 57 55 53 53 54 55 55 56 56 56 55 53 52 52 53 55 55 55 57 59 57 54 54 56 57 57 58 60 60 59 59 58 56 56 56 57 58 59 59 59 58 57 56 54 54 57 60 64 69 76 85 93 99 103 105 106 107 109 110 111 110 110 110 111 113 115 116 117 118 118 117 115 112 110 109 108 106 106 104 105 107 104 106
93 96 99 101 103 104 106 108 110 112 113 113 114 115 115 114 112 110 109 108 106 105 104 104 105 106 106 105 104 101 97 91 84 74 63 55 53 52 52 52 54 56 57 57 59 59 59 60 59 59 59 59 60 61 61 61 60 55 53 53 55 55 57 59 61 62 64 67 68 68 66 64 63 64 64 64 62 62 59 56 54 54 58 60 62 69 79 87 95 99 102 102 104 107 109 111 112 112 112 112 113 114 114 115 117 117 117 116 114 112 110 108 106 105 104 101 104 104 101 109
91 95 97 99 101 103 104 106 108 111 112 112 113 114 114 113 111 109 108 108 107 106 105 104 105 105 105 105 104 103 101 98 92 82 70 61 58 57 58 60 62 65 67 69 72 72 72 73 73 73 73 73 74 75 77 77 75 72 70 69 69 70 71 73 75 77 79 81 83 83 81 78 77 76 78 78 76 73 70 66 64 64 65 67 70 79 87 92 97 99 101 102 104 107 109 111 113 113 113 113 113 113 114 115 115 116 116 115 113 111 109 107 105 104 102 99 99 101 102 114
90 93 96 98 100 101 102 104 107 109 111 111 111 113 113 112 111 108 107 108 107 106 106 106 106 106 105 104 103 103 102 102 100 95 87 77 70 68 68 70 72 73 75 78 81 81 80 82 84 84 85 86 87 88 90 90 90 89 89 88 88 90 91 92 93 94 95 94 92 90 89 88 88 87 86 86 85 84 81 79 78 76 77 80 86 94 98 98 99 100 101 102 104 107 110 112 114 113 113 113 113 113 113 114 114 114 114 113 112 110 108 106 105 103 101 97 94 95 105 120
89 91 94 96 98 100 101 103 106 108 109 110 110 111 111 110 110 108 107 108 108 107 107 107 107 106 106 103 102 101 102 103 104 105 103 95 86 80 77 76 77 78 79 81 82 82 82 85 88 89 91 94 97 99 100 100 99 97 97 99 99 101 103 103 104 106 107 105 102 97 95 94 93 91 89 88 88 88 87 86 86 85 87 93 101 106 106 104 102 101 101 102 105 108 111 113 114 113 113 113 112 113 113 112 112 113 112 111 109 108 106 105 103 102 98 94 92 92 106 125
87 88 92 94 96 99 100 102 104 107 108 109 108 109 109 109 109 108 106 107 108 107 107 107 107 106 105 104 102 102 102 104 107 110 111 108 100 92 86 81 80 79 80 81 81 81 82 85 88 90 93 97 102 105 105 104 102 100 100 102 103 104 107 108 109 111 111 110 106 101 99 97 95 91 89 87 87 88 88 88 89 91 95 102 109 112 110 107 104 102 101 102 105 108 111 113 113 113 113 112 112 112 112 111 111 112 111 109 107 106 105 103 102 100 96 93 90 89 101 124
87 85 89 92 94 96 98 100 102 104 107 108 107 108 108 107 108 107 105 107 108 107 107 106 106 104 104 104 103 103 103 105 107 110 113 113 108 101 94 87 83 81 80 80 80 79 81 84 87 89 92 96 102 104 104 106 104 103 103 104 105 105 107 109 110 111 111 108 104 100 99 97 94 90 86 85 85 87 88 91 93 96 100 106 110 111 109 106 104 102 101 102 104 107 110 112 113 113 112 112 112 112 111 110 111 111 109 107 106 105 103 102 101 97 94 91 86 82 86 97
92 84 86 90 92 94 96 98 100 101 103 106 106 107 107 107 107 107 105 106 107 106 106 106 105 104 103 103 103 103 104 105 107 109 111 113 110 106 100 93 88 84 83 81 79 78 79 83 87 88 89 93 98 100 102 103 103 102 103 104 105 104 104 105 106 106 105 103 99 96 95 93 90 87 84 84 85 88 90 93 97 100 103 106 107 107 106 105 104 103 102 102 104 107 109 110 111 111 112 112 111 111 110 110 111 110 108 106 105 103 102 100 98 94 91 87 81 78 72 68
96 87 83 87 90 92 94 96 98 98 99 104 105 105 107 106 106 106 105 105 106 106 107 106 105 104 102 102 101 101 102 104 106 108 109 110 109 107 103 97 91 88 86 83 81 79 80 83 86 86 88 91 94 98 99 99 98 98 99 101 101 100 99 99 100 99 98 98 96 92 89 88 86 84 84 86 88 90 93 95 98 101 102 103 103 104 104 104 104 103 103 103 105 107 108 109 109 110 111 111 111 110 110 110 110 108 107 105 103 101 100 97 94 91 88 82 74 68 61 48
98 91 82 84 87 90 92 94 96 96 97 100 102 104 105 106 105 105 104 104 105 106 107 107 105 104 102 102 100 99 99 102 105 106 106 106 106 105 103 99 94 91 89 86 84 82 82 83 84 85 87 89 92 94 94 94 93 93 93 94 94 92 91 92 93 93 92 93 92 88 86 85 85 86 86 88 90 92 95 96 97 98 100 101 101 103 104 104 103 103 104 105 105 106 107 108 108 109 111 111 110 110 109 108 108 107 105 104 101 99 98 95 91 88 83 76 65 53 43 37
97 88 79 81 85 88 90 93 95 96 96 98 100 102 104 104 104 104 104 104 105 106 107 108 106 105 104 103 101 98 98 100 103 104 104 104 103 102 101 99 96 93 91 88 86 84 82 82 82 83 84 85 87 88 88 88 88 87 86 85 85 85 84 85 87 87 86 87 88 86 84 84 85 86 87 88 90 93 95 95 95 96 98 100 101 102 104 104 104 104 104 105 106 106 107 108 108 109 110 110 109 109 108 107 106 105 103 102 100 98 96 92 89 85 78 68 55 43 33 32
92 76 70 77 82 86 88 90 93 96 97 97 99 101 103 103 103 103 103 103 104 105 107 107 107 106 104 103 102 100 99 100 103 104 104 103 101 100 99 98 97 95 92 90 87 84 82 80 79 79 79 79 79 80 80 79 79 78 76 75 74 74 74 76 78 78 79 79 81 81 81 81 83 84 85 87 89 92 94 94 95 94 95 98 101 102 103 104 104 104 105 106 107 107 107 108 108 108 108 107 108 107 106 106 105 103 101 99 98 96 93 89 86 80 70 58 44 34 30 30
72 64 65 71 78 83 86 88 91 94 96 97 98 100 101 102 101 101 102 102 102 104 105 106 107 106 105 104 103 102 101 101 103 103 104 103 101 97 95 95 96 95 93 91 88 85 82 79 76 75 74 73 71 71 70 69 68 67 65 64 63 64 64 66 67 69 70 72 73 74 76 78 80 82 84 86 89 92 94 94 93 91 93 97 100 101 102 103 104 105 106 107 107 108 108 108 108 108 107 106 106 106 105 105 103 101 99 98 96 93 90 86 81 73 60 45 34 29 28 29
51 57 60 65 72 79 83 86 89 91 93 95 96 98 99 100 100 100 100 100 101 102 103 104 105 105 105 104 102 101 101 101 101 103 103 103 101 97 94 94 95 94 93 90 87 85 82 79 76 74 72 70 68 67 66 65 64 62 61 60 60 60 61 63 65 67 69 70 72 73 74 77 79 82 85 87 90 93 94 94 93 92 94 98 101 102 102 103 105 106 107 108 108 109 109 109 109 108 107 106 105 104 103 102 100 99 97 96 93 89 86 81 74 62 47 35 28 26 27 27
45 45 50 59 65 73 79 82 86 89 91 93 95 96 97 98 99 98 98 99 99 101 102 103 104 105 105 104 103 101 100 99 100 101 102 101 99 97 95 94 95 95 93 91 88 86 84 81 78 76 74 72 70 68 67 67 66 65 62 60 59 60 63 65 68 70 72 74 75 76 78 81 83 86 88 90 92 95 97 97 97 96 98 100 102 103 103 103 105 107 109 109 110 110 111 110 109 107 105 104 103 102 101 99 98 96 95 92 89 86 81 74 64 49 35 27 25 25 26 26
33 33 42 53 60 67 74 79 82 86 89 91 93 94 95 96 97 97 97 98 98 99 101 102 103 105 105 105 103 101 100 99 99 99 100 100 97 93 92 95 97 96 96 94 91 88 86 83 80 78 76 75 74 72 71 71 71 70 67 64 62 61 62 67 72 75 77 79 80 82 85 86 88 89 91 93 95 99 101 101 101 101 101 102 103 104 104 105 107 109 109 110 111 112 112 111 109 106 104 104 102 100 98 97 95 93 92 89 85 80 74 64 50 35 27 24 24 24 24 25
25 29 39 50 56 63 69 75 79 83 86 88 91 93 93 95 96 96 95 97 97 99 101 102 104 105 106 107 105 103 101 100 99 98 98 98 96 93 91 94 98 98 98 97 94 91 89 86 84 81 78 78 77 75 74 74 74 75 74 71 67 63 61 69 77 80 83 85 87 90 92 93 93 94 96 98 101 103 104 104 104 104 103 104 105 106 106 107 109 109 110 111 112 113 113 111 108 105 104 103 101 99 96 94 92 91 89 85 80 74 65 50 38 30 25 23 23 23 24 25
25 28 37 50 56 61 66 71 76 79 83 85 88 90 92 93 95 95 93 94 97 99 101 103 105 106 107 108 108 105 103 102 101 100 99 98 98 97 95 96 98 99 99 98 97 95 92 90 88 86 83 82 80 79 78 78 79 81 82 81 79 75 72 78 84 87 89 92 93 96 98 100 100 101 102 104 105 106 106 106 107 107 106 106 106 108 110 110 111 111 112 113 114 114 113 110 107 105 104 102 99 97 95 92 91 89 86 81 73 65 55 42 35 29 25 21 21 22 23 24
24 27 35 49 56 61 65 68 72 76 79 82 85 87 89 91 93 93 92 92 96 98 100 102 104 106 107 109 109 108 106 104 103 103 102 101 101 101 100 101 101 100 100 99 99 98 97 95 94 94 92 90 90 89 87 87 88 90 92 94 93 92 91 92 94 96 98 99 99 100 103 104 106 106 107 108 108 108 108 108 109 109 109 109 109 110 112 112 113 114 115 115 115 115 113 109 106 104 102 99 97 95 93 90 89 85 82 77 66 60 53 41 35 28 25 21 21 22 23 23
24 26 34 49 57 62 66 68 70 72 75 78 81 84 86 88 90 92 91 91 94 97 99 101 103 105 106 108 110 110 109 107 105 105 104 104 103 103 104 104 104 103 103 102 103 102 101 100 100 101 103 103 104 104 102 100 100 102 103 105 105 103 103 104 106 107 107 106 105 105 106 108 110 111 112 112 111 111 112 113 112 112 112 112 113 113 113 114 115 116 116 116 116 115 112 109 106 104 101 97 95 93 91 89 86 81 78 73 65 62 56 42 35 28 25 21 21 22 22 23
23 26 32 48 57 63 67 70 72 71 72 74 77 81 83 86 88 90 91 91 93 96 98 100 101 104 106 108 110 110 110 109 108 107 106 106 106 106 107 107 106 107 106 107 107 108 108 108 108 109 113 115 117 116 113 110 110 112 114 116 115 112 112 114 115 116 115 114 113 113 113 115 117 117 117 116 115 115 116 117 115 115 115 115 116 116 116 116 117 117 117 116 116 114 112 109 106 103 100 96 93 91 89 85 82 78 75 73 69 65 56 43 35 29 25 21 21 21 22 23
23 25 31 47 56 63 68 72 76 75 72 71 74 77 80 83 85 87 89 90 92 94 96 98 100 102 105 108 110 110 110 110 110 109 108 108 108 109 110 110 110 110 111 112 114 115 117 117 117 118 120 122 123 122 119 115 115 118 121 123 122 119 119 120 122 122 121 120 120 121 120 121 122 122 122 121 120 121 121 121 120 120 120 119 120 119 119 119 119 119 119 118 116 113 111 108 105 102 98 94 91 88 84 81 78 76 76 76 72 66 58 45 37 30 26 22 21 21 21 23
22 25 30 46 55 62 68 73 78 80 77 73 72 73 76 79 82 84 86 88 90 92 94 96 98 100 104 108 110 111 110 110 111 112 112 111 111 112 113 113 114 114 115 117 119 121 122 122 122 122 124 125 126 125 122 119 118 120 122 122 121 119 119 120 124 127 127 125 124 124 124 124 125 126 126 126 127 127 126 123 123 123 123 122 123 122 120 120 120 120 120 119 117 112 109 105 102 98 94 90 87 83 80 78 76 77 79 79 74 67 61 48 37 30 27 23 21 21 21 23
22 24 30 45 55 60 68 73 79 82 82 79 74 72 73 75 78 81 83 85 88 89 91 93 95 98 102 106 110 112 112 112 112 114 115 115 114 114 115 115 115 117 119 120 122 124 124 124 124 124 125 128 127 125 122 122 121 121 121 120 120 121 122 124 125 128 130 127 125 124 127 129 130 129 129 130 130 129 127 125 124 124 124 124 124 123 121 121 121 120 119 118 115 111 106 102 98 95 90 86 83 79 76 75 77 80 81 81 76 68 62 49 38 31 28 24 20 20 21 24
21 24 29 43 54 60 68 73 79 84 84 83 80 76 73 73 73 76 79 81 84 86 88 90 92 95 98 103 108 111 113 114 114 115 117 119 118 118 118 118 118 118 121 123 124 124 125 126 126 124 124 125 124 122 119 119 120 122 123 121 120 121 124 126 127 128 129 129 128 129 132 134 133 131 131 132 133 132 129 127 126 126 125 127 126 124 123 123 122 119 117 114 111 108 104 99 95 91 86 82 78 76 75 77 80 82 83 82 78 70 63 51 39 32 29 24 20 20 22 25
20 22 28 42 52 60 67 73 79 85 86 86 84 82 78 74 71 71 74 77 80 82 85 87 90 92 95 100 105 109 111 114 115 115 117 120 122 122 121 121 121 120 121 123 124 124 125 126 127 126 123 120 120 118 117 117 118 119 119 118 119 120 123 124 124 125 126 128 129 131 133 135 135 135 134 135 135 135 133 131 128 125 125 127 127 125 124 124 121 117 114 110 106 103 99 96 92 86 81 77 74 74 77 80 82 83 84 83 79 72 64 52 40 33 29 24 20 20 23 25
20 22 28 41 51 59 67 73 79 85 87 88 87 85 83 80 74 71 71 72 75 78 81 84 87 90 93 97 102 106 109 112 115 115 116 118 122 123 123 123 122 121 121 122 122 121 121 121 123 124 121 119 117 115 113 114 116 116 115 114 117 120 122 122 122 121 123 125 126 129 133 135 137 138 137 137 137 136 134 132 129 126 126 126 125 123 123 122 119 116 112 107 102 98 94 91 86 80 76 74 74 77 80 82 83 84 85 83 80 73 65 54 41 35 30 25 20 21 24 25
20 22 28 41 51 59 67 72 79 85 88 90 89 88 87 85 81 75 71 69 70 73 77 80 84 87 90 93 98 104 108 111 113 114 114 116 119 121 123 123 122 121 121 122 122 120 117 117 119 120 120 119 116 113 110 112 114 113 113 111 112 114 116 116 119 121 122 122 124 128 131 133 135 135 135 136 136 135 133 132 130 128 127 125 124 122 121 119 116 114 110 104 99 94 90 86 80 75 74 75 78 80 82 83 85 86 85 83 80 74 67 57 44 37 31 25 21 22 25 24
20 22 28 39 49 58 67 71 78 84 88 90 91 91 90 88 86 82 77 72 69 69 72 75 80 83 86 89 92 98 104 108 111 113 114 114 116 120 122 123 123 122 121 121 121 119 116 113 114 116 117 116 116 114 111 110 112 113 112 110 110 112 112 112 114 119 121 121 120 122 123 125 129 132 134 135 134 133 131 130 129 128 126 124 122 120 118 114 111 109 104 99 95 90 85 80 76 74 76 78 80 82 84 85 86 86 85 84 80 74 68 59 46 39 32 26 22 23 24 24
20 22 28 37 48 57 66 71 77 84 88 90 92 93 92 92 89 86 83 79 74 69 69 71 75 79 83 85 88 93 98 103 108 112 114 115 116 119 122 123 123 122 119 118 118 117 114 110 110 112 114 113 113 114 111 109 109 110 110 109 109 109 110 110 111 115 118 120 119 119 118 118 122 127 130 131 131 130 128 127 127 127 125 123 120 118 115 110 106 102 98 95 89 84 79 76 75 77 80 81 82 83 85 87 87 87 86 85 81 75 69 61 47 39 32 27 23 24 24 24
20 22 28 37 48 57 66 71 77 83 87 90 92 93 93 94 93 91 87 84 80 75 71 70 71 75 78 82 85 90 94 99 103 108 112 115 117 119 121 122 121 119 116 114 114 116 115 110 108 109 111 109 106 108 109 107 105 106 109 109 106 105 106 107 109 111 115 117 116 116 116 115 117 120 123 125 126 126 124 123 122 121 120 119 117 114 111 106 102 96 92 88 83 79 76 75 78 81 82 83 84 86 87 87 88 87 87 85 82 76 70 62 48 39 33 27 26 24 23 24
20 22 28 36 47 57 65 70 77 83 87 90 92 93 93 94 94 94 92 89 85 82 78 74 71 71 73 77 81 86 91 95 98 102 106 111 114 117 118 119 118 116 113 111 112 114 114 109 106 106 107 105 100 101 104 104 102 103 107 108 106 102 101 103 108 111 113 113 110 109 111 112 114 116 118 119 120 119 118 117 117 116 115 113 111 108 105 101 96 90 85 81 78 76 76 79 81 82 84 85 87 88 88 88 89 88 87 85 82 77 70 62 49 40 34 28 27 25 23 24
20 23 28 36 47 57 64 70 76 82 87 89 92 93 93 93 94 94 94 93 90 87 84 80 76 72 70 71 75 80 85 90 94 97 100 105 109 112 114 115 114 112 110 110 110 111 110 106 103 103 103 102 97 96 100 101 100 99 102 105 104 99 97 98 102 107 108 107 104 104 105 108 110 111 111 110 110 109 110 110 111 111 110 107 104 101 98 93 89 84 79 77 76 77 80 82 83 84 86 87 88 89 90 91 90 89 88 85 83 77 69 62 50 40 34 30 27 24 23 24
20 23 28 35 46 56 64 70 76 81 86 89 91 93 94 94 94 95 95 95 93 91 88 86 82 77 73 70 70 73 78 83 87 91 94 97 103 106 108 110 109 107 106 105 105 104 103 102 100 99 99 99 96 94 96 96 97 96 98 100 100 97 95 96 98 101 103 103 101 101 102 103 104 105 104 102 102 103 105 105 106 106 104 101 98 94 90 85 81 78 76 76 78 80 83 85 86 87 88 89 91 92 92 92 91 90 88 85 83 77 67 61 52 41 34 30 28 24 24 25
20 23 27 34 46 56 63 69 76 81 86 88 91 93 94 95 95 96 96 96 95 94 93 91 88 84 80 75 71 69 70 74 80 84 87 90 94 97 99 101 103 103 101 99 98 97 96 97 96 95 94 95 93 92 92 92 93 93 94 96 96 94 93 94 96 96 97 98 99 99 99 98 99 99 97 95 97 99 101 101 100 98 96 93 90 85 80 78 76 76 77 79 81 83 86 87 89 90 91 93 94 94 93 93 92 90 88 85 83 75 67 61 53 41 34 31 27 24 24 25
21 22 27 34 45 55 63 69 75 81 85 88 91 93 94 95 96 97 97 97 96 96 95 94 92 89 85 81 77 73 69 69 71 74 79 82 86 90 91 91 94 97 96 93 92 92 92 93 93 91 88 89 89 90 91 89 89 90 91 91 92 92 90 89 90 92 94 95 95 94 94 93 93 92 91 90 92 94 95 94 92 90 87 84 80 76 74 74 77 79 81 82 84 87 88 89 91 93 95 96 96 95 95 93 91 90 88 86 83 73 66 62 53 40 33 31 27 24 25 25
21 22 26 33 44 54 62 68 74 81 86 88 90 93 94 95 96 97 98 98 97 96 95 95 95 93 90 87 83 78 76 72 68 67 68 71 76 80 83 84 87 90 90 88 86 86 87 90 88 86 84 84 85 86 86 85 86 89 89 88 89 89 87 85 84 86 88 88 88 88 88 87 87 87 87 86 86 87 88 88 85 82 79 76 73 73 75 78 81 82 84 86 89 90 90 91 93 96 97 98 98 96 95 93 91 90 88 86 80 72 66 62 51 40 33 30 26 24 25 24
22 22 26 32 42 53 61 67 73 81 85 87 90 92 95 96 97 98 99 99 99 98 97 95 95 94 93 91 87 83 81 77 73 68 64 63 65 69 72 76 78 82 83 83 81 81 80 81 81 79 78 80 80 80 80 80 81 84 86 85 84 83 82 80 78 79 79 80 80 81 82 81 80 80 80 80 80 79 79 79 77 75 74 73 73 76 79 81 83 84 87 89 91 92 93 94 96 98 99 99 98 96 95 93 92 90 88 85 77 70 66 61 49 38 33 30 26 25 24 24
23 22 25 31 41 52 60 66 72 80 85 87 89 92 95 96 98 98 99 100 100 99 98 97 96 95 94 93 91 88 85 82 78 75 71 66 63 62 64 67 70 72 74 75 75 76 74 72 71 70 70 71 72 73 73 73 74 75 77 78 77 75 74 72 72 73 73 72 71 72 73 73 73 73 74 72 71 70 69 69 70 72 74 76 78 80 81 82 84 87 90 93 94 94 95 97 98 100 101 100 99 97 96 94 92 90 88 84 75 69 66 58 48 37 33 29 26 25 24 25
23 22 24 29 38 49 59 65 71 79 85 88 89 92 94 96 97 99 100 100 101 100 100 99 97 96 95 94 92 90 89 86 83 80 77 73 70 66 63 62 63 64 64 64 64 67 68 65 63 62 62 62 63 63 64 64 64 64 65 67 67 66 65 64 65 66 66 65 64 64 64 65 65 65 65 64 64 64 66 68 71 75 77 78 80 82 83 85 87 90 93 95 95 95 96 98 100 100 100 99 98 97 96 94 91 89 87 80 72 69 65 56 44 36 32 29 25 25 25 26
23 23 23 28 37 46 57 64 70 78 84 87 90 92 94 96 98 99 100 101 101 101 101 100 99 98 96 95 94 92 90 89 86 83 80 77 75 73 70 66 64 62 60 58 56 57 58 57 55 55 55 54 54 53 53 53 53 53 53 54 55 56 55 54 54 55 56 56 56 56 56 58 59 60 60 61 63 66 69 71 73 75 77 77 79 81 83 86 88 91 93 93 93 94 96 97 98 99 98 98 97 95 94 92 89 87 83 75 69 66 61 52 40 34 31 27 25 24 24 25
23 23 23 27 35 43 54 63 69 76 83 87 90 92 94 97 99 100 101 101 102 102 102 101 100 98 96 95 94 92 90 88 86 84 81 79 76 74 72 70 68 65 63 59 58 55 55 54 52 51 51 51 51 50 50 50 50 50 50 51 52 53 54 54 54 54 55 56 57 58 59 60 62 63 65 67 69 72 73 75 76 77 79 80 82 84 86 89 91 93 94 94 94 96 98 98 98 97 96 96 95 93 92 89 87 85 79 70 66 64 57 46 37 34 29 26 25 25 25 25
24 23 23 26 32 40 49 60 67 74 81 85 88 91 93 94 96 97 99 99 100 100 99 99 98 96 95 94 92 90 89 87 86 84 82 80 78 75 73 71 70 68 67 65 64 62 61 60 58 57 55 55 56 55 55 55 56 56 57 57 58 59 59 60 60 61 61 61 62 63 64 65 66 67 67 67 69 70 71 71 73 74 75 77 79 81 83 86 87 88 88 88 90 92 93 94 94 91 90 89 88 87 85 83 81 78 70 63 61 57 49 38 33 31 26 25 25 23 23 24
24 23 23 24 30 37 45 54 63 71 77 82 86 88 91 93 95 96 98 99 100 100 100 100 99 98 97 95 93 92 90 89 87 85 83 82 80 78 76 73 72 70 69 68 66 65 64 63 62 60 59 59 58 57 56 56 56 56 57 57 57 58 58 58 59 59 59 60 60 61 62 63 63 65 65 66 68 69 70 70 71 72 74 76 78 80 82 84 85 85 86 86 88 91 92 92 91 91 90 89 88 87 84 83 79 74 64 60 59 53 43 35 33 29 25 25 25 23 23 24
