86 88 88 87 87 89 85 78 74 84 94 96 94 91 90 90 92 95 99 102 107 112 115 117 117 120 122 124 124 126 126 127 129 132 134 134 135 136 135 134 134 133 133 134 134 134 131 130 130 131 133 133 132 132 132 132 132 131 132 134 135 138 138 138 138 140 140 140 138 137 137 138 141 143 144 142 140 139 139 140 139 138 138 138 138 139 139 137 137 135 132 133 132 129 126 124 123 120 116 111 109 106 103 102 102 102 101 101 102 102 102 90 74 70 77 83 89 88 84 85
89 90 88 86 88 89 80 74 78 88 96 96 94 90 89 91 94 97 101 105 109 113 116 117 118 119 121 122 124 126 127 127 128 131 134 134 134 134 135 135 134 131 131 134 134 134 130 128 129 130 130 129 130 130 131 132 132 131 131 131 133 135 136 135 135 135 137 138 136 135 135 137 140 143 143 143 141 140 140 140 140 139 139 139 139 138 139 137 138 138 136 134 132 130 128 127 125 122 119 113 109 106 104 102 102 102 101 101 102 104 103 96 82 71 72 80 89 92 87 86
90 90 88 87 90 85 78 75 85 94 96 95 92 89 89 92 96 98 103 107 110 114 117 118 119 120 121 122 123 125 127 128 131 132 133 133 136 137 135 132 131 131 132 133 132 129 127 128 128 128 126 126 128 127 128 129 130 131 131 132 133 134 135 135 134 133 134 135 135 136 136 136 138 139 140 140 138 138 139 140 140 140 138 139 138 139 139 137 138 138 137 134 132 132 131 129 126 123 121 117 110 107 106 104 102 102 102 103 102 103 103 102 93 79 70 75 86 94 93 87
90 90 89 91 90 80 77 85 93 97 96 93 90 90 91 94 98 101 105 109 111 115 117 119 119 121 122 122 122 124 127 129 131 132 131 132 135 135 132 130 134 136 135 134 130 128 129 129 128 128 127 130 131 129 129 125 126 131 134 134 135 136 135 136 136 135 135 135 136 137 137 137 138 140 140 139 138 139 140 140 141 142 139 138 137 138 139 138 138 139 138 135 132 132 132 130 127 123 122 119 112 107 106 106 103 102 103 104 103 103 103 104 101 90 72 69 83 92 95 89
91 90 91 92 87 80 81 89 95 97 95 92 90 91 93 96 100 102 105 109 112 115 117 117 117 120 122 123 123 124 127 129 130 131 133 134 134 133 132 132 136 137 135 133 129 128 130 130 131 131 130 133 133 132 131 130 131 132 134 134 136 137 138 138 137 136 135 135 135 135 135 136 137 139 140 139 138 139 139 141 141 142 141 140 140 136 137 141 140 139 140 138 133 132 133 131 127 125 124 121 114 109 107 108 105 101 103 105 104 103 103 103 102 98 78 68 82 92 97 94
91 91 92 90 81 79 86 94 96 96 95 93 91 92 94 99 102 104 107 110 114 116 117 117 117 120 123 123 123 124 127 129 129 132 134 135 135 136 136 135 135 135 135 136 135 134 133 132 133 133 132 133 133 132 132 133 133 133 133 133 132 134 135 137 138 136 136 136 136 137 139 140 138 138 140 140 140 139 138 141 142 142 143 143 143 140 138 141 141 141 141 140 136 133 133 131 128 125 123 120 115 111 108 107 106 103 104 105 105 105 104 103 103 101 89 71 74 89 96 95
91 92 90 83 77 82 92 97 97 95 93 92 92 93 96 101 104 107 110 112 115 117 117 117 118 121 124 123 124 125 127 129 130 132 131 132 134 135 137 137 136 136 137 137 136 136 137 136 135 133 133 134 134 132 131 131 131 131 132 132 132 132 132 133 136 138 137 137 137 139 140 141 139 139 141 142 142 142 140 141 142 142 144 144 145 145 141 140 142 142 142 140 137 134 133 131 128 124 121 120 117 114 110 107 106 105 106 106 107 107 106 104 102 101 97 79 69 84 93 95
92 92 88 78 77 88 96 97 97 95 93 93 93 96 99 103 105 109 111 112 115 117 118 119 120 121 123 124 125 127 128 128 130 131 131 131 131 131 133 135 137 138 139 140 138 136 137 137 136 135 133 133 133 133 131 130 130 130 132 133 133 134 134 135 137 138 139 138 138 139 140 141 141 140 142 143 144 144 142 140 140 141 143 144 145 146 143 142 143 142 141 139 136 134 132 131 129 126 123 122 120 117 112 108 107 107 107 107 108 109 106 104 103 102 103 89 69 80 91 93
91 91 83 77 81 93 97 96 96 94 94 95 96 99 103 106 108 111 111 111 116 118 119 120 122 122 123 125 127 127 128 128 130 132 133 133 131 131 133 134 135 137 137 137 138 140 139 137 137 136 134 132 132 131 130 130 131 132 133 132 132 135 136 136 137 138 138 139 140 140 140 141 143 144 144 145 145 143 140 141 142 142 143 144 144 144 143 143 143 143 141 138 136 132 131 131 129 126 125 123 121 119 116 111 109 109 109 108 108 108 104 102 103 102 103 95 74 74 86 93
90 88 78 76 84 95 98 96 95 93 95 97 99 102 106 109 110 112 112 112 117 118 119 120 122 123 123 124 125 125 127 127 128 130 133 134 133 134 134 133 134 135 135 135 138 139 140 137 135 134 132 132 131 129 129 130 131 131 132 133 133 136 137 136 136 137 137 138 140 140 140 140 142 144 144 143 143 141 140 141 142 142 142 144 144 143 142 142 142 141 139 139 137 132 131 132 129 127 127 124 122 120 119 114 111 111 109 108 108 109 105 101 102 102 102 99 84 71 79 92
89 85 77 81 90 97 97 95 93 94 96 99 101 104 108 111 111 112 113 114 117 119 119 120 123 124 123 123 124 126 127 126 126 127 130 132 133 134 133 133 133 134 135 138 138 137 138 137 135 134 133 133 132 130 129 130 131 132 132 133 135 136 137 136 135 135 135 136 139 138 138 140 142 144 145 143 141 142 142 142 141 141 142 143 143 142 142 142 140 138 136 138 139 135 133 133 130 128 127 125 122 120 121 118 114 111 109 108 107 109 107 103 101 102 103 99 91 74 73 89
87 80 78 85 95 97 96 94 92 95 97 99 103 107 111 113 112 113 113 114 117 119 120 121 123 124 124 125 127 127 127 127 126 125 127 130 132 133 134 134 134 134 136 137 137 139 139 137 135 134 132 132 131 130 130 130 131 133 131 131 133 135 135 135 136 136 135 133 136 137 138 140 143 144 147 144 140 143 143 143 141 141 143 142 142 141 141 142 141 137 135 138 138 137 135 133 130 128 126 124 124 123 123 121 116 111 110 109 108 108 107 104 101 101 103 99 94 82 71 83
83 77 79 89 96 96 93 94 93 95 97 100 105 110 114 116 115 114 114 114 116 118 119 121 123 124 125 126 127 127 127 127 128 128 126 128 131 133 134 134 134 134 135 135 136 138 137 136 135 133 132 132 132 131 131 130 131 131 130 131 132 132 133 134 136 137 135 134 135 136 138 140 142 142 142 140 139 142 143 143 141 140 140 140 140 140 140 141 142 138 137 138 138 138 137 134 130 129 127 128 128 127 126 123 120 114 110 110 109 107 106 105 102 100 102 100 92 88 75 76
80 77 82 92 96 94 92 93 94 97 100 103 108 113 116 118 116 116 116 115 116 119 120 121 124 126 125 126 126 127 127 126 127 127 125 126 127 130 131 131 131 132 133 133 135 136 134 135 135 135 134 134 132 132 131 130 130 129 129 132 133 132 133 133 133 133 133 134 135 135 137 140 140 140 139 140 141 142 141 141 142 139 137 137 137 136 137 139 140 137 136 138 139 139 138 135 131 130 132 133 132 130 128 126 124 118 113 111 110 107 105 105 102 100 101 101 92 91 84 73
78 79 86 94 95 92 91 92 94 98 101 105 110 115 119 120 118 118 118 117 119 121 123 123 125 127 128 127 127 127 127 125 124 125 125 125 125 126 128 128 128 129 130 131 133 134 133 134 134 134 134 133 132 130 128 127 128 127 126 129 131 131 132 133 132 131 132 133 134 134 135 137 137 137 138 140 142 141 139 139 140 137 133 133 135 135 135 137 139 137 137 140 142 140 139 136 135 133 134 137 136 134 132 129 126 122 117 112 110 108 106 105 104 101 100 100 94 91 89 75
76 80 90 96 94 91 90 92 94 99 104 108 112 116 119 121 121 120 119 119 121 123 124 124 127 130 131 130 128 127 125 124 123 124 124 124 123 124 124 125 127 129 129 129 130 131 131 130 131 131 131 132 133 130 128 127 126 126 126 127 129 130 131 132 132 132 132 132 131 131 132 134 136 136 136 137 139 140 139 139 138 134 130 128 130 133 133 136 138 138 138 141 143 142 141 141 141 140 140 140 139 140 139 134 129 126 121 116 112 108 106 105 104 102 100 101 98 94 94 84
77 80 90 95 94 91 92 94 95 99 105 110 115 118 120 122 123 123 122 121 121 124 126 127 129 132 132 131 130 129 127 123 122 122 122 121 121 122 122 122 125 128 128 127 127 127 127 126 127 129 130 132 132 129 127 126 126 126 126 126 127 129 130 130 131 132 132 133 131 129 130 132 134 135 135 136 137 139 140 139 136 133 130 128 127 129 132 134 136 137 137 140 145 147 146 144 144 143 143 143 141 142 143 138 133 130 126 122 116 110 105 104 103 102 101 101 101 96 94 92
78 82 92 94 93 91 92 94 97 101 107 111 115 118 119 120 120 123 125 124 124 126 128 127 129 133 134 134 134 133 131 127 124 123 124 122 121 121 121 121 123 125 125 124 124 124 125 125 125 126 127 129 128 126 126 126 126 125 123 124 125 127 129 129 128 129 131 132 129 127 129 131 132 133 135 135 137 139 141 139 135 132 129 127 128 129 132 134 136 138 138 143 146 148 148 145 145 144 144 143 142 143 141 136 133 133 130 124 120 114 107 104 103 103 102 100 100 97 94 93
78 87 94 92 92 90 91 95 99 105 109 110 113 114 117 120 123 125 125 123 124 127 127 126 129 133 135 135 135 134 132 131 129 128 127 124 121 120 120 121 122 123 122 122 123 123 122 123 123 124 125 126 126 125 126 126 125 123 122 123 125 125 126 127 127 126 127 127 126 127 128 129 130 132 133 133 134 138 140 139 137 134 130 129 130 132 134 135 136 138 141 145 144 146 147 144 143 145 145 143 141 141 137 130 123 124 128 127 123 117 111 105 103 103 102 100 99 98 94 93
81 89 93 91 90 89 92 96 101 106 109 108 109 109 111 113 115 116 117 117 119 122 121 122 125 128 130 132 134 133 133 134 134 132 130 127 124 123 122 121 122 123 122 122 122 122 121 122 122 123 124 125 126 126 125 125 124 123 123 124 124 123 123 125 125 125 126 127 126 128 128 127 127 130 131 131 133 136 139 139 138 135 132 131 131 130 133 136 136 139 141 142 141 141 143 141 138 138 137 138 139 136 127 122 116 110 117 124 123 118 114 108 104 101 101 100 98 96 94 93
84 89 91 89 88 88 92 97 101 104 104 105 106 108 107 105 107 110 114 115 115 114 116 117 116 119 123 126 129 131 133 135 134 131 130 130 128 126 125 123 123 122 122 122 122 121 120 120 120 121 122 123 123 123 122 123 122 120 121 123 123 124 124 126 126 127 126 128 129 130 130 127 126 127 128 129 130 131 133 134 135 135 133 132 130 129 131 134 136 138 138 135 135 132 132 132 129 125 121 126 124 117 110 110 107 104 105 110 118 118 114 111 106 101 101 101 99 97 96 95
86 88 88 86 85 85 89 93 96 97 98 101 101 98 99 100 103 106 108 108 106 106 108 110 109 112 113 114 120 125 129 132 130 128 130 130 127 126 125 124 123 121 121 121 122 121 119 118 118 118 119 120 120 120 120 120 120 119 119 122 124 125 124 124 125 126 125 126 128 128 128 127 126 125 124 126 128 127 127 128 130 132 134 132 128 128 131 132 131 130 130 126 124 120 120 120 115 112 108 108 112 108 104 101 94 92 94 98 105 108 109 108 104 99 99 101 101 98 96 96
85 88 84 80 78 77 82 86 88 89 91 92 88 84 90 96 98 100 98 97 98 100 101 99 93 95 99 102 107 110 113 116 118 123 125 124 121 122 122 120 118 117 117 119 120 119 118 117 118 117 117 118 119 119 120 121 121 122 121 122 124 124 122 122 123 124 124 124 125 125 126 125 124 123 122 122 123 121 121 123 126 128 131 131 124 122 125 126 126 122 118 113 108 103 104 108 103 95 87 83 92 93 96 95 87 82 81 85 89 90 91 94 94 90 92 97 99 98 97 97
84 85 78 72 71 72 73 75 77 77 79 77 76 82 89 91 91 93 91 89 90 88 85 83 78 78 82 85 89 92 97 104 108 113 114 113 110 110 111 111 109 109 111 113 115 116 115 113 114 114 116 116 117 118 120 121 120 122 120 119 121 123 122 121 122 125 124 123 123 123 123 122 120 120 120 119 118 117 116 117 119 120 122 122 118 114 111 109 110 108 106 98 89 85 84 89 88 83 79 73 74 75 82 83 80 78 73 73 72 71 71 74 78 79 80 85 94 98 99 99
84 79 69 64 63 62 63 64 65 66 66 68 77 76 78 82 82 81 80 79 72 67 67 69 66 65 68 73 77 84 89 91 92 94 94 93 92 94 97 99 99 102 106 108 109 109 108 107 108 109 111 111 113 115 117 118 118 120 119 118 120 122 122 122 123 123 122 122 122 121 121 119 118 118 117 115 114 112 110 110 111 112 111 108 107 104 100 94 91 89 89 82 74 73 73 69 68 66 69 67 66 68 68 66 66 71 70 72 66 58 59 61 64 63 66 74 84 92 98 99
79 70 62 61 60 59 60 63 62 60 60 62 66 65 69 76 76 70 62 60 58 55 54 53 56 57 58 61 62 66 71 71 71 73 73 72 74 77 80 84 87 92 95 97 97 98 99 99 101 104 105 106 109 111 114 116 118 120 120 120 121 122 122 122 121 119 120 119 120 119 118 117 116 115 113 110 107 104 99 96 97 97 95 92 91 87 82 81 79 75 71 65 60 59 59 59 60 62 62 61 59 56 56 59 62 62 60 60 60 59 54 55 58 53 57 67 73 84 93 97
73 66 61 59 58 59 57 53 54 58 59 61 61 64 65 65 63 59 54 51 54 58 58 57 53 47 46 48 49 52 55 56 54 55 56 55 56 60 65 71 77 83 86 87 88 91 92 93 98 101 103 105 107 111 114 114 117 118 118 119 119 119 119 117 114 115 117 118 117 116 114 113 111 109 107 106 104 99 93 90 87 82 78 74 70 66 62 60 59 57 53 47 43 44 43 42 44 47 51 54 55 55 56 62 63 60 58 58 55 55 55 53 56 58 57 62 68 73 85 95
69 64 60 58 59 57 57 57 59 62 61 58 56 57 58 57 57 59 60 56 54 51 49 47 46 45 45 46 46 47 46 45 46 47 47 46 48 52 56 59 64 68 72 74 78 82 83 84 90 94 100 104 106 110 112 112 114 115 115 116 116 116 115 114 112 113 114 115 114 111 110 108 105 101 99 98 95 90 86 83 80 73 66 61 57 54 52 48 45 42 40 40 41 43 44 42 41 42 44 47 51 52 54 58 62 65 65 64 63 62 59 53 53 62 61 61 68 73 78 91
69 67 63 63 62 58 61 65 65 64 63 61 58 58 59 60 61 59 58 55 52 50 49 47 47 48 49 47 46 46 46 46 48 49 48 48 50 51 52 54 56 58 61 64 67 71 75 78 83 88 95 100 103 106 109 110 111 113 114 115 116 116 114 114 114 113 112 112 110 106 103 101 98 96 94 91 87 83 77 73 69 64 58 56 54 52 49 47 45 43 43 45 46 46 49 51 51 53 55 55 57 58 58 63 71 74 74 72 73 73 71 70 68 70 75 72 68 76 82 90
70 66 70 71 70 76 81 79 75 72 71 71 70 70 69 67 66 64 62 59 58 58 58 56 56 56 54 53 52 51 51 51 51 51 51 51 50 50 50 53 55 58 61 63 65 68 72 75 80 85 91 95 99 102 105 108 110 112 113 114 115 115 114 114 113 110 109 108 105 101 97 94 93 91 88 83 79 77 72 67 64 60 56 53 50 47 44 44 45 46 47 54 62 65 70 75 78 81 84 85 87 88 88 91 95 96 94 93 91 88 90 90 85 86 88 85 78 83 88 91
75 78 85 82 84 87 85 81 81 84 86 85 83 83 84 83 83 84 83 81 77 74 72 70 70 72 70 66 64 63 62 60 58 59 59 58 57 56 56 56 57 58 58 60 62 65 68 71 76 80 86 91 95 98 101 105 108 111 113 114 115 115 114 114 112 109 107 105 103 98 93 90 87 85 81 76 73 71 68 65 63 60 58 56 55 55 56 57 59 61 62 71 79 84 88 91 95 98 101 103 105 106 108 109 107 107 109 109 103 97 96 98 97 97 97 94 86 86 91 94
84 88 90 88 88 88 88 89 90 93 93 93 94 95 95 95 95 95 92 89 86 83 84 85 86 88 86 82 80 77 75 73 71 70 69 68 66 64 63 62 61 59 58 59 61 64 67 69 73 77 81 87 91 95 99 102 105 108 110 111 112 113 112 112 110 108 106 103 99 94 91 87 84 81 78 74 71 68 66 64 63 63 63 63 65 66 69 71 74 77 79 85 90 95 100 102 105 108 109 111 115 115 115 114 113 112 113 112 109 105 101 98 98 100 102 101 96 92 93 95
90 91 90 89 90 92 93 92 92 92 92 94 97 98 97 97 97 98 98 99 99 99 100 98 97 98 95 93 91 88 86 84 82 80 77 74 72 70 68 68 65 63 62 61 62 63 66 67 71 74 79 83 87 91 96 99 102 106 108 108 109 110 110 110 108 105 102 99 95 91 88 85 81 78 76 72 69 68 68 68 69 69 69 71 72 73 76 78 81 85 89 95 99 103 106 109 111 113 115 118 121 122 122 120 118 116 114 112 110 107 104 101 101 103 103 102 101 97 95 95
91 91 90 91 92 92 92 91 90 91 92 94 96 98 98 100 102 103 103 104 104 105 105 104 102 102 101 99 97 95 93 90 87 85 82 79 77 75 73 71 69 67 65 64 64 64 65 67 71 74 77 81 84 89 94 98 102 106 107 108 109 110 110 109 106 103 99 96 93 89 85 82 79 76 74 72 70 69 70 71 72 72 74 75 76 78 81 84 87 91 95 100 105 109 110 111 113 115 117 119 120 122 123 120 117 115 113 112 110 107 104 104 104 105 105 103 101 99 96 96
91 91 90 92 93 92 92 91 90 90 92 93 95 98 99 101 104 105 106 108 108 107 107 106 104 102 101 99 98 97 95 92 90 87 84 82 80 79 77 74 72 70 68 67 66 66 67 69 72 75 79 82 85 89 93 97 101 105 106 107 109 111 110 108 105 102 100 96 92 88 84 80 78 76 74 73 72 72 73 74 75 76 78 79 80 82 85 88 91 95 98 102 106 110 111 112 114 115 116 117 118 119 120 118 116 114 113 110 108 106 104 104 104 104 104 103 102 101 99 98
92 92 91 93 94 93 92 92 91 90 91 92 94 96 98 99 102 105 107 108 108 106 105 103 102 101 100 97 96 95 93 90 88 86 83 82 81 80 79 77 76 74 72 71 70 69 70 71 74 77 81 85 88 91 93 96 99 102 103 106 108 110 111 108 105 103 101 97 92 88 84 81 78 77 76 75 75 75 76 77 78 79 80 80 81 81 84 88 92 96 99 102 105 108 110 111 111 112 114 115 115 117 118 117 116 113 110 107 106 104 103 103 103 103 104 103 103 103 101 101
94 93 91 92 93 92 92 92 91 91 91 91 91 92 93 94 95 97 99 100 100 100 98 96 95 96 94 93 91 90 89 87 85 83 81 80 80 79 78 78 77 76 75 74 73 72 72 73 75 78 82 86 90 92 94 97 100 103 104 107 109 111 111 109 106 104 101 97 93 89 84 81 78 77 77 76 76 77 78 78 79 79 80 80 79 80 81 84 87 91 95 97 99 103 105 106 104 105 107 108 109 112 113 112 111 108 105 103 102 101 101 101 101 101 101 101 102 105 106 106
95 93 91 92 92 91 90 90 88 87 86 86 85 84 85 86 86 88 89 88 88 88 86 86 83 79 80 80 78 78 79 77 76 77 77 76 76 76 76 77 77 76 76 75 74 74 74 74 75 79 83 87 91 93 96 100 104 107 109 110 113 114 114 111 108 106 103 99 95 91 85 80 78 77 77 77 77 78 79 79 78 79 79 78 77 77 77 77 78 80 83 84 83 84 87 89 89 91 91 92 94 96 97 99 100 100 98 98 98 98 97 98 98 98 98 99 102 108 111 113
95 93 91 91 90 87 85 82 79 78 78 77 76 76 76 77 79 79 76 73 72 71 74 75 64 52 55 52 53 52 53 50 49 53 60 63 67 69 73 75 75 76 76 76 76 75 75 76 77 81 85 89 93 96 99 104 107 111 114 116 118 118 118 116 113 110 107 102 98 94 88 83 80 78 78 78 79 79 79 79 79 79 77 75 72 70 69 69 66 62 63 53 44 46 52 56 62 66 58 55 56 57 61 66 71 76 79 82 86 88 90 92 93 93 95 98 104 110 114 116
97 94 90 88 85 80 77 74 71 68 66 62 61 61 59 60 62 61 56 52 53 53 48 42 38 30 28 28 32 31 30 35 41 40 36 40 47 54 62 68 71 73 75 76 76 76 77 78 78 81 85 90 94 99 102 107 109 113 118 121 123 123 123 123 121 117 113 108 101 97 92 86 82 80 78 79 80 80 79 79 78 76 72 68 65 64 63 57 51 46 38 24 20 24 27 32 38 50 50 42 40 39 37 37 40 47 55 61 65 69 74 79 84 87 90 96 104 111 116 117
101 96 91 88 82 77 72 68 63 57 53 50 48 49 50 52 54 51 43 48 55 53 46 46 45 37 28 23 24 24 25 32 41 41 34 32 37 41 48 56 63 69 72 74 75 75 77 79 79 82 86 91 95 100 105 110 113 117 123 127 128 128 129 128 126 122 117 112 104 99 95 89 84 80 78 79 80 81 80 79 75 69 65 63 53 46 46 44 44 41 33 24 23 23 23 24 28 39 46 46 51 50 41 37 35 37 44 51 54 57 61 67 74 79 87 96 106 116 121 122
104 99 93 89 83 77 69 62 57 53 51 50 50 49 49 51 56 52 45 52 56 52 47 47 42 33 29 22 22 23 26 32 35 36 38 37 40 42 42 48 56 65 71 74 75 76 77 79 80 84 88 94 98 104 109 113 118 124 128 132 134 134 136 134 131 127 120 115 107 102 98 92 87 81 78 79 80 82 81 78 71 66 59 52 46 46 53 52 40 28 26 24 24 24 24 25 29 38 46 50 59 62 52 45 43 41 49 58 60 57 56 60 65 76 90 101 112 122 126 127
106 102 96 93 87 81 71 66 63 60 61 62 62 57 54 56 58 56 57 60 63 58 49 37 28 26 25 24 24 24 29 37 38 40 42 42 45 46 46 49 51 59 70 73 75 76 77 80 82 86 91 97 101 107 112 117 122 128 133 137 140 141 142 140 136 132 125 119 111 106 101 96 91 85 80 79 81 82 81 77 72 64 51 50 56 61 66 65 47 30 28 27 27 26 26 27 35 47 53 58 72 76 62 53 54 53 56 65 74 76 74 73 74 87 101 110 120 128 131 132
111 107 102 100 95 89 81 77 75 72 71 70 65 60 59 59 60 62 69 74 73 63 55 40 29 29 27 27 26 28 36 42 44 45 46 51 54 51 52 55 54 60 72 75 76 77 78 82 86 91 95 100 105 110 115 120 126 133 137 140 143 146 147 145 141 136 127 119 112 110 107 102 96 90 84 83 83 83 81 78 74 58 48 53 63 73 78 76 62 39 31 30 30 29 29 35 46 54 61 74 86 83 75 70 70 71 67 68 78 87 92 92 93 102 113 120 127 133 135 137
116 112 108 107 102 98 91 87 85 82 77 73 69 70 71 67 67 71 76 82 80 73 66 50 34 31 30 30 32 37 43 44 47 49 53 62 62 53 52 58 60 62 72 79 80 81 83 88 93 98 100 105 110 114 119 125 132 138 143 146 150 151 153 153 149 143 133 124 117 117 114 108 103 96 89 88 87 87 85 84 72 56 53 55 61 74 83 84 77 56 38 34 34 35 37 45 53 61 74 89 90 88 90 87 87 89 85 82 86 92 98 101 103 111 121 126 132 135 137 139
119 116 113 113 110 106 99 95 92 87 81 78 80 83 82 79 78 82 83 80 79 84 81 68 51 42 36 37 39 41 43 45 50 57 66 70 65 58 59 64 63 63 76 87 86 86 88 93 100 105 106 108 112 117 122 129 137 144 149 153 156 158 160 161 157 151 140 131 124 123 119 115 111 102 96 94 91 92 93 95 83 72 71 71 71 73 79 84 84 75 60 58 55 51 55 61 70 80 89 94 96 96 98 101 101 103 101 95 93 97 105 110 113 121 128 131 134 136 138 140
121 119 118 118 114 111 106 102 97 91 85 83 87 91 93 95 96 95 89 83 79 81 83 79 71 64 57 54 53 55 58 63 68 73 79 78 76 78 80 83 85 87 92 91 88 88 91 97 103 109 111 110 113 118 124 130 139 147 151 156 160 163 164 165 162 155 144 134 128 129 125 120 115 108 101 97 92 93 95 98 99 99 97 92 87 84 85 86 85 83 80 78 76 75 76 78 85 92 92 93 102 108 112 114 111 111 110 103 102 107 114 119 124 129 133 134 135 136 138 140
123 121 120 121 118 115 111 108 104 98 92 89 88 92 96 100 105 104 101 101 97 89 84 80 78 82 80 75 72 75 76 75 77 81 85 87 88 91 94 96 98 98 95 91 91 94 98 104 111 114 114 113 115 120 125 130 141 148 154 159 163 166 168 168 165 158 149 139 133 134 131 127 121 114 108 101 96 94 96 95 97 101 100 94 89 85 85 85 85 85 84 83 84 86 87 91 98 103 108 111 114 119 121 119 116 112 110 109 112 118 122 125 129 133 136 136 136 136 138 140
123 123 121 121 120 118 115 113 110 105 100 95 91 93 96 99 104 107 110 112 111 110 106 100 98 98 93 89 87 85 83 80 80 80 80 80 81 85 89 92 94 95 95 97 99 102 105 112 119 118 114 114 116 120 125 132 140 147 156 163 164 166 167 168 165 160 153 145 139 139 137 133 127 121 115 108 102 99 100 97 96 96 94 90 86 81 78 77 78 81 84 85 87 91 93 97 101 106 113 118 118 117 116 115 114 112 112 116 121 126 130 133 134 137 139 138 137 137 136 138
123 124 124 124 123 121 118 118 114 109 105 101 97 96 96 97 100 103 106 108 109 110 110 109 106 101 98 94 91 85 80 78 77 75 75 76 77 81 87 90 93 97 101 104 107 109 112 119 122 120 116 116 118 121 126 131 139 148 158 164 165 165 164 165 164 161 156 148 145 142 141 140 135 128 122 115 109 105 105 103 102 100 96 93 89 85 81 79 78 78 79 81 83 87 91 92 95 97 99 101 103 104 104 104 108 113 119 125 129 132 136 139 139 140 141 140 139 138 134 136
126 126 127 128 127 125 123 123 119 115 112 109 105 101 97 96 97 96 97 99 99 99 98 98 95 90 88 85 83 81 78 77 77 77 79 81 82 86 91 95 99 103 106 111 114 116 120 125 123 121 119 118 119 122 126 129 136 147 155 159 161 163 164 163 161 161 155 149 146 145 145 145 140 134 128 121 115 110 109 109 108 104 101 98 94 90 88 88 87 84 83 85 87 87 88 89 90 92 91 92 96 99 102 106 113 121 126 132 136 138 139 140 141 143 143 142 142 141 136 137
129 128 130 130 129 128 126 126 124 122 120 117 113 108 104 101 98 95 94 93 93 92 90 89 88 87 86 85 85 83 82 83 84 85 86 88 91 94 98 101 106 110 113 118 120 123 128 128 124 121 121 120 120 123 126 128 136 145 152 157 159 161 161 160 158 157 154 149 146 147 148 148 145 141 136 128 122 117 115 114 111 108 105 104 101 98 95 95 95 94 94 96 97 95 95 95 95 97 98 100 104 108 112 117 123 129 133 135 139 141 141 141 143 146 146 145 145 144 141 141
131 131 132 131 132 131 130 130 129 128 125 122 119 115 112 109 105 101 98 96 94 92 90 89 89 90 89 90 90 90 90 91 92 94 95 97 100 103 105 107 112 116 119 123 126 130 133 129 124 122 122 121 121 123 126 128 135 144 152 157 160 162 160 158 156 153 152 148 144 145 148 149 148 146 142 134 127 123 120 118 116 114 112 110 109 105 103 103 102 102 102 103 105 106 107 107 107 107 109 110 113 117 120 124 129 134 138 139 141 144 145 146 147 148 148 146 146 145 145 143
133 133 135 134 134 135 136 135 134 133 130 127 126 123 121 119 115 111 108 104 101 98 97 96 97 99 99 99 99 99 100 101 102 103 104 106 108 110 111 114 118 122 125 129 131 134 135 129 124 123 123 122 122 124 126 128 133 143 151 158 162 164 163 161 157 153 152 149 144 145 148 151 152 151 150 145 138 133 129 125 122 121 119 117 116 113 110 110 109 109 109 111 113 115 117 119 119 119 119 120 122 124 126 129 133 138 142 144 145 147 148 150 151 149 147 144 147 147 146 144
134 135 138 137 138 139 140 139 139 138 136 133 131 130 128 126 123 120 118 116 113 111 109 109 109 112 111 110 110 108 108 108 107 107 109 110 112 114 116 120 123 126 130 132 134 135 132 127 125 124 124 123 122 123 126 129 133 140 149 160 166 167 169 167 161 154 150 148 147 147 148 152 154 154 155 150 143 139 135 130 127 125 123 122 121 119 116 116 115 114 115 118 121 121 123 125 125 126 127 129 131 132 134 136 139 142 145 148 149 150 150 152 152 151 150 147 149 147 144 143
135 136 140 141 141 142 142 141 139 139 139 135 131 131 131 131 130 128 127 125 122 121 120 118 118 119 117 115 115 113 113 112 110 110 112 113 115 116 120 124 126 129 133 132 135 134 130 128 127 125 124 123 122 122 126 131 137 144 153 164 169 167 173 173 164 154 149 147 148 148 149 152 154 155 156 153 149 146 141 135 132 131 128 125 124 122 120 120 119 118 119 121 123 125 126 128 128 130 132 134 135 138 139 141 144 146 148 151 152 152 153 155 154 153 154 152 151 147 143 142
136 137 142 145 144 143 144 143 141 141 142 138 134 135 136 137 136 134 133 130 127 125 123 122 121 120 117 114 114 112 112 112 110 111 114 116 118 121 125 129 131 133 136 136 138 136 131 129 127 124 123 122 121 122 125 130 138 146 157 167 169 164 172 175 166 157 150 147 148 149 151 152 153 154 157 156 155 152 145 138 133 131 130 129 128 125 122 121 121 120 121 121 122 123 125 127 129 130 132 133 134 136 138 141 145 148 151 153 154 154 155 157 157 156 153 150 152 150 145 142
139 141 145 147 146 146 147 148 147 148 149 147 144 142 141 141 140 138 136 133 129 127 125 123 120 119 118 116 113 112 112 112 112 115 117 121 127 128 129 134 138 138 138 140 139 136 132 129 127 125 122 121 121 122 125 132 141 148 157 167 168 164 172 173 164 157 151 148 147 148 152 153 153 156 159 159 156 152 145 139 133 130 130 131 131 128 126 123 123 123 122 122 121 121 121 123 127 130 132 133 134 136 139 142 145 148 151 153 154 155 155 157 158 156 149 146 153 153 145 142
139 143 148 149 149 150 151 152 151 152 152 152 148 145 143 142 139 136 135 133 130 128 125 121 119 119 118 116 115 115 116 115 117 119 121 126 130 130 133 137 139 139 138 139 135 132 131 130 127 125 123 122 122 122 124 132 141 148 159 169 168 164 172 172 163 158 152 147 145 144 148 151 153 157 160 159 157 153 147 142 139 136 134 132 132 131 131 129 128 127 125 125 125 123 120 122 126 130 132 134 135 137 141 144 146 148 151 153 155 156 158 158 160 156 149 149 155 154 146 140
137 143 150 150 150 152 153 153 154 155 155 153 149 144 142 138 131 129 131 131 129 128 125 122 120 120 118 117 118 118 119 121 123 124 126 129 128 131 136 137 138 137 139 139 133 132 132 130 129 126 124 122 121 120 122 129 139 149 159 168 169 166 170 169 164 161 153 146 143 142 146 151 154 157 160 160 157 154 150 145 143 139 136 134 134 135 136 136 135 133 130 130 132 129 126 126 130 132 134 136 137 139 141 144 144 147 151 154 157 159 159 160 160 157 155 156 154 151 147 141
134 144 151 151 151 152 153 154 155 156 156 155 151 146 142 138 133 133 135 134 131 129 126 124 123 124 123 123 123 124 126 128 130 131 133 134 134 137 138 139 139 137 140 139 134 133 133 130 128 126 124 121 119 118 121 127 137 148 157 166 167 166 170 168 165 163 153 145 143 142 146 151 154 156 159 161 159 155 151 148 145 142 140 138 137 138 138 139 139 139 137 135 135 135 135 136 138 138 138 140 142 142 144 146 148 151 154 157 161 162 161 160 161 160 159 158 153 149 148 143
136 145 151 152 153 154 155 154 154 153 152 154 154 150 147 144 142 141 140 140 137 133 131 129 128 130 131 131 132 133 134 136 137 137 138 138 140 142 143 143 142 140 141 139 134 132 132 129 127 127 124 121 119 118 120 126 135 147 158 165 165 164 167 167 165 161 151 144 144 144 147 150 154 157 158 159 160 156 151 147 144 143 140 138 137 137 137 138 140 140 140 139 138 140 142 144 144 143 143 145 146 147 149 149 150 154 157 157 159 163 162 161 161 160 156 154 152 149 147 143
137 144 150 152 153 154 155 154 154 152 152 154 155 153 150 148 148 146 145 144 141 138 137 136 134 136 138 139 140 142 142 142 142 140 140 140 143 146 146 145 144 141 140 137 132 131 131 128 128 127 125 122 120 118 120 125 134 146 156 163 164 163 167 167 165 161 151 144 143 144 146 149 153 156 157 156 156 155 152 148 146 145 141 138 137 138 137 137 139 140 139 137 138 142 145 147 146 146 148 149 149 149 150 151 152 154 157 158 158 163 165 163 161 158 155 151 148 146 145 142
137 142 148 152 154 155 155 155 155 154 155 157 156 155 151 151 154 153 150 148 147 143 142 141 140 141 143 144 144 146 148 147 145 145 144 143 144 146 146 145 144 143 140 137 133 130 129 127 126 126 124 121 120 119 120 124 131 143 152 161 164 159 165 165 161 159 153 146 144 144 143 146 150 155 158 158 156 153 150 147 147 147 145 142 141 140 140 140 140 140 137 134 136 140 143 145 146 147 149 152 152 149 148 150 154 156 158 161 159 162 166 164 162 161 158 149 145 144 141 139
139 143 147 150 154 156 156 157 158 158 158 158 157 157 152 152 155 156 153 151 149 145 143 144 143 144 147 149 148 149 152 150 146 147 143 141 144 146 146 145 143 142 141 138 134 130 127 125 124 123 121 117 117 119 120 123 128 139 150 162 165 156 162 163 158 156 154 148 145 143 142 143 147 151 155 155 155 154 152 149 147 145 143 142 140 138 137 139 140 140 139 137 139 140 140 141 144 146 148 151 152 151 151 153 154 156 158 158 157 159 163 161 161 159 149 148 147 143 140 139
138 142 146 150 152 155 156 159 161 161 159 157 156 155 151 151 153 153 152 151 149 146 144 145 147 150 150 150 149 148 148 148 146 141 139 141 144 146 146 146 145 143 139 136 134 131 128 126 124 122 119 115 117 118 119 122 128 138 147 159 162 156 163 161 155 154 152 148 144 142 139 139 142 147 150 150 151 151 150 148 146 144 141 141 139 137 136 137 140 141 140 139 141 143 142 143 145 145 147 150 150 151 153 155 155 156 155 154 154 155 158 158 153 142 137 146 147 141 140 140
136 141 146 149 151 153 156 159 161 162 160 158 155 152 150 150 150 148 149 149 149 148 148 150 151 153 150 145 143 144 145 146 146 141 141 143 143 143 143 143 143 141 137 133 131 131 128 126 125 122 118 117 118 118 119 122 128 137 144 155 158 156 163 159 152 150 149 146 142 139 137 137 139 142 145 149 151 149 146 144 142 141 140 140 140 139 138 140 141 141 140 140 140 140 141 143 144 144 146 148 147 149 151 153 154 154 152 151 154 155 155 155 148 139 142 145 144 141 140 140
137 143 147 147 149 151 154 156 159 160 158 156 153 148 148 146 144 145 148 150 150 149 150 152 151 150 148 141 139 143 145 145 144 144 145 145 143 142 141 141 140 138 136 133 130 131 129 126 124 121 117 118 118 118 119 122 128 134 143 153 156 154 161 160 151 145 144 142 139 138 138 136 136 138 141 145 147 146 146 144 141 139 138 138 139 139 140 140 141 141 141 139 136 134 136 139 142 142 144 145 144 147 149 152 152 151 150 149 151 153 154 153 151 146 146 144 142 140 139 139
134 141 144 145 147 148 151 154 156 156 154 154 152 149 148 146 146 148 151 153 153 151 152 153 151 150 148 145 146 147 148 148 147 145 144 145 146 144 142 141 138 137 135 132 130 130 128 125 122 120 119 118 118 118 119 123 127 136 144 153 158 155 160 161 153 145 142 138 137 138 138 135 134 134 136 139 141 142 142 142 141 138 136 135 135 136 138 137 139 141 140 137 134 131 132 134 136 135 136 139 140 142 145 149 151 152 152 153 153 154 156 155 152 150 149 147 143 142 142 140
131 136 139 142 145 146 150 153 154 153 153 154 154 153 153 151 152 152 154 155 154 155 156 153 151 152 151 150 151 151 150 149 147 144 141 143 144 142 141 139 136 135 132 129 128 126 124 121 119 119 118 117 116 117 119 122 128 138 147 155 161 159 163 164 154 145 141 137 135 135 135 135 133 132 132 134 136 137 136 136 136 136 133 133 132 133 136 135 137 139 137 135 133 132 131 130 128 126 125 129 132 135 137 139 145 151 154 155 154 154 156 156 153 153 152 149 146 146 145 141
128 132 137 140 142 143 147 151 151 150 151 151 152 154 154 154 156 155 155 156 156 157 157 152 153 153 150 149 149 149 148 146 144 141 140 141 141 139 138 136 134 132 129 126 124 122 120 118 117 117 116 115 115 117 119 123 128 137 148 158 162 160 163 165 156 143 139 137 134 133 133 133 133 131 130 130 131 132 131 130 130 130 129 129 128 129 132 134 135 135 134 133 130 130 127 123 119 118 118 119 123 126 124 122 133 146 151 153 153 152 154 155 154 154 152 148 146 145 143 138
124 129 133 135 135 137 142 147 148 150 151 151 153 156 157 158 158 157 154 153 155 157 155 152 155 152 149 148 147 146 144 143 141 139 139 139 138 136 135 132 128 126 123 120 119 118 116 115 114 114 114 114 115 117 120 124 129 136 146 156 159 156 157 159 153 142 138 136 133 132 132 131 131 129 126 126 126 126 125 123 124 125 125 125 126 127 129 131 133 131 129 125 123 125 121 115 109 108 110 110 112 112 109 111 128 143 148 151 153 153 154 154 151 149 147 145 143 143 140 134
124 128 130 131 133 134 139 146 150 152 152 152 155 156 159 161 159 156 152 148 149 154 151 149 153 149 145 145 143 141 141 141 140 139 137 134 132 131 128 125 122 118 115 112 113 113 112 111 111 112 112 113 114 117 120 125 130 138 147 156 156 153 156 153 147 141 138 136 134 133 132 130 128 125 121 119 118 118 118 117 117 119 121 122 124 125 127 129 131 129 126 120 119 121 118 114 108 104 100 97 97 99 103 113 127 138 143 148 153 156 156 154 149 145 143 142 142 141 138 133
125 128 130 130 131 132 136 143 149 152 152 152 153 153 156 160 158 156 154 149 149 150 146 149 151 147 145 145 141 140 139 137 136 135 133 129 125 124 121 118 114 110 108 106 106 106 107 106 107 108 110 112 115 116 119 124 130 139 148 158 159 157 158 156 152 144 139 137 134 132 131 129 126 123 118 114 111 110 111 111 110 112 114 117 120 121 123 125 127 129 129 125 125 123 120 119 116 111 105 100 99 101 105 114 125 136 142 148 154 156 154 152 148 144 142 142 141 140 137 132
124 127 129 129 131 134 138 142 147 152 152 152 153 152 152 155 155 155 154 151 150 144 142 151 151 149 148 145 142 140 137 134 133 131 129 127 124 121 118 114 110 105 102 101 101 101 103 104 104 106 109 112 115 117 121 125 132 140 150 157 158 158 160 165 164 150 143 140 134 131 130 129 125 122 119 113 108 104 104 105 104 106 110 115 117 120 122 124 125 127 129 130 130 127 126 125 125 123 120 118 117 117 117 120 129 140 147 152 154 153 151 150 146 141 139 138 139 139 136 131
121 124 127 129 131 133 138 141 146 151 153 153 154 153 152 153 153 153 152 153 151 145 147 152 151 149 146 143 140 138 135 132 130 129 127 126 123 118 115 112 107 100 97 97 99 100 103 106 106 105 108 113 116 119 123 127 134 143 153 158 156 157 160 167 167 155 148 140 135 131 129 128 123 121 121 118 112 106 102 102 101 100 104 108 111 115 119 121 122 124 126 129 131 131 131 133 133 132 130 131 133 133 131 130 133 141 149 152 151 148 147 146 140 136 134 134 135 135 132 128
118 121 124 127 128 130 134 139 145 149 152 154 155 156 155 154 153 152 151 153 151 148 151 152 150 147 143 141 139 136 134 131 128 124 122 119 113 111 111 108 103 98 96 97 101 105 108 110 108 106 108 113 116 120 124 129 138 148 155 160 162 159 158 164 164 154 149 142 137 133 130 128 123 121 123 123 120 114 107 103 102 100 99 101 104 109 114 117 119 120 123 126 130 134 135 135 135 136 137 139 140 140 139 136 134 137 145 150 148 145 145 143 138 135 134 134 132 132 130 127
114 118 122 124 125 126 130 134 139 143 147 150 152 154 154 153 153 153 153 153 150 150 152 152 149 143 139 137 135 132 130 128 124 119 116 109 98 100 106 103 100 98 97 99 106 111 112 111 110 108 109 113 116 120 125 131 139 148 156 160 160 158 159 165 166 160 154 148 140 134 131 130 126 124 126 127 125 122 115 106 105 104 100 99 101 105 109 114 116 118 121 124 127 133 134 132 132 135 139 140 141 142 144 142 140 142 146 150 148 144 143 141 138 135 134 132 130 130 129 125
114 116 119 121 122 124 128 131 137 141 144 147 147 148 149 150 151 151 150 150 151 149 149 148 145 139 136 134 131 128 126 125 122 117 114 107 98 100 102 100 100 98 98 105 111 113 113 115 114 111 110 114 117 122 127 134 143 152 159 159 155 154 158 165 167 165 163 158 146 138 132 129 128 128 130 131 130 129 124 113 103 100 100 98 99 101 105 110 113 117 120 122 125 130 132 131 131 134 136 138 140 143 145 144 144 146 146 147 146 144 142 140 136 133 132 131 130 129 126 119
112 114 116 118 120 123 127 130 134 137 141 143 143 142 144 146 148 148 147 147 146 143 143 142 140 136 133 132 130 127 124 122 119 116 113 109 105 102 98 98 98 98 103 112 114 114 116 118 117 113 111 113 118 125 130 138 147 154 159 158 152 149 153 161 166 166 166 167 158 150 137 129 129 132 133 135 136 135 131 120 106 95 95 94 95 97 100 104 108 114 119 122 125 129 130 131 132 133 135 139 142 143 143 141 142 144 143 143 143 142 139 137 134 131 131 131 129 126 121 117
110 112 115 117 119 120 123 126 130 133 136 137 138 138 138 140 142 144 145 143 140 139 138 137 135 131 130 130 127 124 121 119 116 113 111 108 104 99 96 96 96 99 108 115 116 118 120 121 120 117 114 113 118 126 133 141 147 150 152 153 149 146 148 152 157 164 168 171 164 152 136 130 132 136 139 142 142 140 135 128 115 100 93 92 94 95 97 100 104 110 115 120 124 128 130 131 133 134 135 136 138 139 140 139 140 143 144 143 142 138 134 131 129 129 130 128 126 123 120 117
108 110 113 115 116 118 121 124 128 131 133 135 135 136 137 138 139 142 142 140 138 137 136 135 133 129 128 127 125 122 119 116 113 111 109 106 102 97 94 94 93 100 111 115 117 121 122 126 126 122 116 113 117 124 134 143 143 144 143 141 141 140 142 144 148 153 161 168 163 146 133 131 135 141 147 151 150 144 137 129 119 104 95 95 96 96 97 98 101 107 112 117 122 126 129 132 133 134 132 130 129 133 135 135 134 137 139 140 139 137 133 130 128 127 121 119 123 122 118 117
104 104 108 114 115 117 120 122 127 130 131 133 135 136 137 137 138 139 140 139 138 137 136 134 132 129 127 125 123 120 117 114 111 108 106 102 99 94 92 90 91 102 111 114 117 120 123 126 127 122 117 111 111 117 125 133 133 134 134 135 135 136 138 139 139 139 143 149 146 131 123 126 129 135 142 148 147 141 134 128 120 106 96 95 96 96 96 98 101 106 110 116 120 123 128 131 132 133 131 129 129 132 135 134 133 134 136 137 137 137 135 134 133 127 116 114 121 120 117 116
103 101 106 113 115 116 118 120 124 127 129 131 134 136 136 136 137 138 138 139 138 137 136 133 130 128 126 124 121 118 115 112 109 105 103 99 97 93 90 87 89 102 109 111 112 114 118 116 115 112 111 109 107 108 112 117 121 123 126 129 130 132 135 135 133 132 131 129 126 118 113 113 114 117 122 127 128 128 127 124 118 106 96 95 95 96 96 98 101 106 110 114 118 121 126 129 130 131 132 134 135 136 137 138 137 137 138 138 137 136 135 135 133 129 125 122 121 116 115 113
105 105 107 111 112 114 116 118 121 124 125 127 130 133 135 136 135 135 137 138 137 137 136 133 130 128 126 124 121 117 114 111 108 105 103 99 96 93 90 87 89 100 104 105 105 104 106 99 94 95 97 101 102 101 101 104 108 112 116 121 124 126 129 128 126 125 123 119 116 108 100 97 93 96 100 106 110 115 118 116 113 103 95 94 96 98 98 100 102 106 109 113 117 121 126 129 130 132 134 136 137 137 137 138 138 138 138 138 136 135 134 133 131 128 125 122 118 113 112 111
105 106 107 109 111 113 115 117 120 121 122 124 127 130 132 134 134 133 134 136 135 134 133 131 129 128 127 124 120 116 113 110 108 106 102 99 96 94 92 89 90 97 99 98 95 93 88 73 63 61 65 77 90 95 96 96 98 103 107 112 115 119 122 121 120 118 114 109 102 91 78 63 54 58 70 86 96 104 107 108 108 102 97 98 100 102 102 104 105 107 110 114 119 123 126 129 131 132 134 135 135 136 136 137 138 137 137 135 133 132 132 130 128 125 121 119 116 112 112 112
104 105 107 109 111 113 115 117 119 119 121 124 126 127 128 127 129 131 132 133 132 132 132 130 129 127 125 122 118 116 113 110 108 105 101 97 96 95 93 93 91 92 92 91 87 81 73 58 45 38 38 48 63 80 88 90 92 94 98 101 106 109 112 113 111 108 104 97 89 76 53 37 34 40 50 68 82 92 97 99 102 101 103 105 108 109 109 110 110 112 114 118 122 124 126 127 128 130 132 133 133 135 136 134 133 133 133 132 130 128 128 127 125 123 120 117 115 112 112 112
102 103 105 105 108 110 112 115 117 117 119 122 123 124 126 124 125 127 128 129 129 130 130 129 127 124 122 121 118 116 115 112 109 106 102 99 99 98 97 96 94 91 88 84 81 75 68 58 50 44 46 52 57 64 75 84 86 87 89 92 96 99 103 103 102 100 96 91 88 77 62 54 51 49 51 60 71 82 89 95 101 107 111 114 117 119 119 117 116 116 117 121 125 126 127 128 129 130 132 133 133 133 133 129 124 126 129 129 128 126 125 123 122 121 118 116 113 111 111 112
102 102 103 103 104 107 109 112 115 116 118 119 120 122 124 124 124 125 126 126 126 127 126 125 124 122 122 122 119 118 117 114 110 107 105 103 103 104 103 102 100 96 88 81 75 71 66 61 56 55 62 70 75 77 78 79 80 83 84 85 87 89 92 93 92 91 89 88 86 81 81 79 73 67 64 66 73 80 88 99 111 117 120 124 127 128 127 125 122 120 120 123 126 128 128 128 129 130 131 132 133 132 131 128 123 124 127 127 126 123 122 121 120 117 115 113 111 110 111 112
102 102 102 103 104 106 108 111 114 115 116 118 119 120 121 121 121 122 124 125 125 126 126 125 124 125 125 124 122 120 118 116 112 109 107 107 108 109 108 107 106 104 96 86 76 68 64 62 62 65 70 76 81 84 82 77 75 76 77 78 78 80 82 83 83 83 84 84 83 84 87 86 83 82 79 78 80 88 100 113 123 125 128 132 135 135 133 130 127 124 122 122 125 125 126 127 128 129 131 132 133 134 134 133 132 129 128 125 122 121 121 120 118 116 114 112 110 110 111 113
101 101 101 103 104 106 108 110 111 113 114 116 118 119 120 120 120 120 122 123 124 126 127 127 126 126 126 126 125 122 119 117 114 112 111 111 113 114 113 113 111 110 105 100 90 76 68 69 70 71 75 79 83 85 84 80 76 72 71 72 72 73 74 77 79 81 84 85 87 89 92 91 90 90 90 90 95 107 118 126 131 133 135 137 139 140 138 136 132 129 126 124 124 124 124 125 127 129 130 131 131 132 132 131 129 127 125 122 121 120 120 119 117 115 113 112 111 112 113 114
102 101 101 101 103 105 108 108 110 111 112 115 117 118 119 120 120 120 122 123 124 125 127 128 128 127 127 127 126 124 122 120 118 116 115 116 118 119 118 117 115 115 112 109 103 93 85 84 82 81 83 86 90 91 90 89 86 80 75 73 71 72 76 80 84 88 92 96 99 103 108 106 104 103 104 108 115 124 130 134 137 139 141 141 142 142 142 141 138 135 132 129 129 128 127 127 128 129 129 129 128 127 126 122 120 123 124 122 121 119 119 117 115 113 111 111 110 111 113 115
102 102 101 101 102 104 106 107 108 109 110 113 115 116 117 118 118 120 121 122 123 125 125 126 128 128 127 127 127 126 125 123 121 120 119 120 122 122 122 120 119 118 115 113 108 101 94 93 94 95 95 95 97 99 100 101 99 94 89 86 81 80 84 88 94 101 107 113 116 119 125 123 121 121 119 121 127 132 136 138 140 142 144 143 144 144 143 142 140 137 135 134 132 130 129 129 129 129 129 128 127 124 120 114 114 120 122 121 120 119 117 115 112 111 110 109 109 111 113 114
102 102 101 100 101 103 104 105 106 107 108 110 112 114 115 115 116 118 119 121 122 124 125 126 127 126 126 127 127 126 125 124 123 123 123 124 125 124 123 123 121 119 117 114 111 105 98 96 98 100 102 104 107 109 110 110 108 105 102 99 93 90 91 96 105 114 119 124 127 130 134 133 133 133 131 131 133 136 139 140 141 143 144 145 145 145 144 143 140 136 136 136 133 129 129 129 130 130 129 128 126 124 122 118 118 119 120 120 119 117 115 112 111 109 109 109 109 112 114 113
103 103 103 101 102 103 103 104 105 106 108 109 111 113 113 113 114 116 117 119 120 121 123 125 125 125 125 125 125 125 125 125 125 126 127 128 128 126 125 125 122 120 118 115 112 107 100 98 99 100 105 110 113 113 113 114 114 113 110 107 103 99 96 101 112 121 125 130 133 135 139 138 139 139 138 136 136 138 139 140 141 142 143 143 144 144 143 143 141 138 138 137 133 129 128 129 131 130 128 126 124 123 123 122 121 119 119 119 118 116 114 112 111 111 110 111 112 114 115 113
104 104 104 103 102 103 103 104 106 107 109 110 111 113 113 113 114 115 116 117 118 119 120 122 122 122 122 122 122 124 125 125 127 128 129 130 130 129 128 126 123 121 118 116 114 110 104 103 103 104 108 113 115 114 114 116 117 117 116 113 109 103 99 104 115 124 130 134 137 139 141 140 140 142 142 140 138 139 140 139 140 142 141 140 142 142 141 141 141 140 138 137 134 129 127 127 127 127 125 123 122 122 123 122 121 120 119 119 117 115 114 113 113 112 111 112 113 114 113 111
103 104 104 102 102 102 103 105 106 108 109 110 112 114 114 113 114 115 114 115 115 114 115 116 116 116 117 120 122 124 125 126 127 128 130 130 130 130 130 127 124 121 117 115 115 113 109 109 109 109 112 114 116 116 116 117 119 120 119 117 112 106 101 106 117 126 134 138 140 141 141 140 140 142 142 141 139 139 139 139 141 142 140 139 140 140 140 140 140 140 138 136 134 131 127 126 126 125 123 122 122 122 122 122 122 121 119 118 117 115 114 114 114 113 111 112 114 114 112 108
103 103 103 101 101 101 102 104 105 106 108 109 111 113 114 113 113 113 112 111 109 105 102 104 106 106 110 116 120 123 124 126 127 129 130 130 129 129 128 126 124 122 118 117 116 114 112 113 113 114 115 116 116 117 119 119 121 123 122 120 116 110 104 108 117 127 136 139 141 142 140 140 140 141 141 141 141 140 139 139 140 141 140 139 139 139 139 139 138 138 137 136 135 132 129 127 126 126 125 124 124 124 123 122 122 121 119 118 116 115 115 115 114 113 112 113 114 112 109 104
102 102 101 100 99 100 101 102 103 105 107 109 110 112 113 113 113 112 110 107 103 97 91 91 93 97 106 114 119 121 123 125 126 128 128 127 126 126 124 123 122 121 120 119 118 116 115 114 115 117 117 117 117 119 120 121 124 126 125 124 121 115 110 111 118 127 134 137 140 141 139 139 140 139 139 139 139 138 138 138 139 140 140 140 139 138 138 137 136 136 135 135 132 131 130 128 126 126 125 125 124 124 123 121 121 121 120 119 118 116 116 115 114 113 113 113 113 111 106 98
101 101 100 99 99 99 101 102 102 104 106 108 109 110 111 112 111 111 110 106 102 97 91 89 91 100 110 115 118 120 122 123 123 125 125 123 123 122 121 121 120 119 119 119 118 119 118 116 117 118 119 118 118 120 121 122 125 127 127 126 124 121 116 116 121 127 131 133 137 139 138 138 139 139 138 139 139 139 139 139 139 139 139 138 135 134 134 132 133 132 132 131 128 126 127 127 125 124 123 122 122 122 121 120 121 121 120 119 118 117 115 114 114 113 112 112 110 107 102 90
100 101 100 99 98 99 100 101 102 103 105 107 108 109 109 110 109 109 109 108 106 104 101 100 102 110 114 117 119 120 121 121 122 122 121 119 119 120 120 120 119 119 119 118 119 121 120 118 118 118 119 119 120 120 120 122 125 128 129 129 127 123 119 120 125 129 130 132 134 134 134 137 138 138 136 137 138 137 137 137 137 137 137 135 131 130 130 127 127 127 126 125 122 121 122 123 123 123 123 122 121 120 120 121 121 121 121 120 118 116 115 114 113 113 112 110 107 103 95 81
99 100 100 100 100 100 100 101 103 104 106 108 109 111 111 111 110 110 112 111 111 111 109 110 112 116 117 119 120 120 119 118 119 119 118 117 116 116 117 118 118 119 118 117 118 119 119 119 120 119 119 118 118 117 117 118 122 124 127 132 130 124 120 120 125 128 130 128 126 126 126 130 133 134 133 134 136 135 135 135 135 134 133 131 127 126 125 123 121 120 119 119 117 118 118 119 120 122 122 122 120 120 120 121 122 123 122 121 119 118 116 115 114 112 111 107 104 96 85 70
97 99 100 100 100 100 101 102 103 105 107 108 110 112 114 114 113 114 113 113 113 113 113 114 115 117 117 117 117 117 115 113 114 114 112 112 112 112 113 114 115 116 116 116 116 117 117 117 117 116 116 115 112 109 109 109 110 111 118 127 129 125 122 120 121 122 120 114 110 110 107 114 120 123 126 128 130 131 132 132 131 131 130 127 124 122 120 118 118 115 114 114 114 116 115 115 117 118 119 120 121 121 121 122 123 123 123 122 120 118 116 113 111 110 108 104 100 88 75 55
95 97 99 99 99 100 101 101 102 104 106 108 110 112 114 114 114 114 113 112 112 112 111 114 116 116 115 115 114 112 110 110 110 109 109 108 108 110 111 110 111 113 113 113 115 117 116 113 112 110 108 104 99 97 94 89 89 93 102 111 116 118 117 116 114 109 102 95 93 91 86 91 97 100 105 111 116 120 124 125 125 124 124 122 118 115 113 113 115 114 113 112 111 111 112 113 115 117 118 119 121 122 123 123 123 124 123 121 119 116 114 111 108 107 104 100 91 79 62 39
92 94 97 97 99 100 100 100 101 103 106 107 110 112 114 115 115 114 114 113 113 112 112 114 114 113 112 111 109 106 106 106 105 105 105 104 103 106 107 107 108 109 109 110 111 112 111 106 102 99 93 87 82 80 78 73 74 76 81 87 93 100 104 101 97 91 84 80 80 79 77 80 81 82 83 86 90 94 99 102 105 110 112 112 107 105 103 105 108 109 109 109 108 108 109 110 112 116 118 120 121 122 123 123 122 123 121 119 117 113 111 108 106 104 101 92 82 69 44 29
87 92 96 96 98 99 100 100 101 103 105 108 110 113 114 115 115 115 114 114 114 115 114 115 114 113 111 108 105 103 103 102 100 100 100 99 99 100 101 102 104 104 103 103 103 101 98 91 81 78 75 73 72 71 70 68 67 67 67 70 74 83 88 85 80 75 73 74 76 76 76 77 76 74 73 72 73 74 76 77 80 86 89 90 89 89 90 92 95 98 102 105 105 107 107 107 109 113 118 119 120 121 122 122 121 121 119 116 114 111 108 106 104 102 96 85 74 51 29 27
81 88 93 95 96 98 99 100 100 101 103 105 108 110 112 113 113 114 113 113 113 114 114 113 112 111 110 107 104 103 101 100 97 96 94 93 92 91 92 93 94 93 91 89 87 84 79 73 65 64 65 66 66 66 67 66 65 65 64 65 68 73 77 77 75 72 72 74 75 74 72 71 71 70 69 69 67 64 63 62 62 62 62 62 62 64 67 72 79 84 92 97 99 104 106 107 109 112 116 118 118 119 120 120 119 119 116 113 112 109 106 103 101 98 88 76 60 34 26 29
71 83 88 91 94 96 98 99 99 100 101 103 106 108 109 110 111 111 112 112 112 112 112 111 110 109 106 104 101 99 98 96 93 91 88 84 82 81 79 79 79 77 74 70 68 66 63 59 58 60 61 62 62 63 65 66 67 65 63 64 67 69 72 74 73 71 71 71 70 69 67 66 65 63 64 64 64 63 60 58 56 55 54 53 50 46 46 52 61 70 79 87 92 99 104 106 109 112 114 116 117 118 118 118 118 116 113 110 109 106 104 101 98 92 78 65 42 25 26 27
57 74 84 87 91 94 95 97 99 99 100 102 105 106 108 109 109 109 111 112 111 110 110 110 108 106 104 101 98 95 94 90 86 83 77 71 67 65 63 60 59 58 55 54 53 54 54 54 55 57 58 58 58 58 61 63 63 62 62 63 65 66 68 70 69 68 67 68 69 67 62 58 57 57 59 60 62 63 65 65 68 72 73 71 66 58 55 55 58 64 71 79 86 94 100 104 108 110 111 113 116 116 116 116 115 113 109 107 106 103 100 97 92 82 70 49 29 24 27 26
45 62 76 83 87 91 92 94 96 97 98 100 103 105 106 107 107 108 109 110 110 109 109 108 106 105 102 100 97 94 90 85 78 72 65 59 55 52 49 46 48 49 49 48 47 48 49 51 53 53 53 53 53 55 58 59 59 60 61 61 61 64 67 69 68 69 71 72 70 65 60 60 62 66 71 75 78 83 86 86 86 89 89 86 84 79 77 76 73 72 74 79 87 93 98 102 105 107 110 112 114 114 114 114 113 110 107 104 103 100 97 92 83 74 59 34 25 24 26 26
36 48 65 76 82 87 89 91 93 94 96 98 100 102 104 106 106 107 109 109 109 108 108 107 105 104 101 98 96 92 88 82 74 66 62 58 52 49 49 51 56 59 60 59 59 57 55 57 59 57 55 56 57 59 62 61 61 64 67 66 63 65 70 73 72 72 75 73 67 66 72 77 80 83 88 93 95 97 98 97 95 94 94 93 93 93 92 93 91 87 84 85 90 94 98 100 102 104 107 110 111 112 111 111 110 109 106 103 101 97 93 85 75 71 50 29 26 25 25 26
32 35 43 56 71 81 84 88 90 92 94 95 96 98 100 103 105 106 107 108 108 108 107 106 105 104 101 96 94 90 86 82 75 69 68 65 62 64 65 68 71 72 71 73 75 76 71 72 76 73 71 73 72 73 75 73 71 73 75 72 68 67 71 73 74 75 76 78 77 83 94 97 97 99 100 101 102 100 99 99 98 96 97 98 100 100 100 103 102 98 94 93 94 96 98 100 101 103 105 107 109 109 108 108 107 104 102 99 97 93 86 76 71 60 34 26 26 24 25 26
30 33 34 40 57 73 80 85 88 90 91 92 93 94 96 99 102 104 105 106 106 106 106 105 103 101 99 95 92 89 85 82 78 76 77 75 74 77 79 80 79 77 77 80 82 82 79 83 85 84 86 83 85 89 88 87 84 83 85 84 82 82 84 85 90 92 94 95 96 103 107 107 107 108 106 103 103 101 99 99 99 99 102 104 105 104 104 108 109 105 102 100 99 99 100 99 99 102 104 105 105 105 104 103 101 98 96 94 92 86 76 71 64 41 25 27 26 24 25 26
26 31 32 34 46 63 75 81 85 87 89 91 91 91 91 93 96 98 99 101 102 102 103 102 101 99 97 94 91 88 85 83 83 83 83 82 83 85 85 85 83 81 81 83 84 82 82 85 85 88 91 89 94 99 99 98 98 99 99 100 99 99 103 104 106 108 109 107 108 111 108 105 104 106 105 102 102 100 99 100 102 104 106 107 108 109 111 116 115 111 107 105 104 103 101 99 99 101 102 102 102 101 100 98 97 95 93 91 86 77 71 67 47 26 26 27 25 24 25 27
24 26 29 31 37 48 64 75 81 83 87 89 90 90 90 90 92 93 95 97 98 99 100 100 100 98 96 94 93 91 89 89 89 88 87 88 89 89 89 87 85 84 84 84 85 84 82 83 84 87 89 91 96 100 102 103 105 107 107 106 105 104 107 110 109 110 112 111 111 111 107 105 104 104 103 100 100 100 102 105 106 106 107 109 110 113 116 119 117 113 110 108 106 105 103 102 101 101 101 101 100 98 97 94 93 92 90 86 77 71 67 53 31 24 27 26 24 23 26 29
23 22 25 30 33 37 49 65 77 81 84 87 89 90 90 91 91 91 93 95 95 96 98 98 98 97 96 95 94 93 92 93 93 92 92 94 93 92 91 89 86 84 84 85 86 87 85 83 84 86 86 89 91 95 99 100 102 102 103 104 104 103 104 107 106 107 110 111 111 111 110 108 106 105 103 101 101 103 107 107 105 106 109 112 115 117 118 118 115 113 111 109 107 106 105 104 103 103 102 100 99 97 95 93 91 89 86 77 71 67 54 35 26 25 26 25 24 24 27 31
22 21 21 25 32 34 38 52 69 78 82 84 87 88 89 90 90 90 90 91 92 94 95 97 97 96 96 95 94 94 94 94 95 96 97 97 96 95 94 93 90 86 85 84 86 87 87 85 86 87 85 86 89 92 96 97 98 99 100 102 101 101 103 103 103 105 109 110 110 111 112 111 109 107 106 105 106 107 107 106 107 110 112 113 116 117 116 114 111 111 110 109 107 105 105 105 105 104 103 101 100 97 95 93 88 84 78 71 69 56 37 28 26 24 25 24 23 25 29 32
22 21 20 21 27 33 34 40 54 69 78 81 85 86 87 88 89 89 89 89 90 91 93 94 95 95 95 94 93 94 95 95 95 96 97 97 97 96 96 97 95 91 89 86 83 84 84 83 85 87 87 88 90 92 94 96 97 98 100 101 100 100 101 101 101 104 106 108 108 109 111 111 109 108 108 107 106 106 108 110 112 113 113 111 111 113 112 110 108 109 108 107 105 104 104 105 105 104 104 102 100 96 93 90 83 77 72 69 59 40 30 28 25 23 25 24 24 27 30 31
22 21 20 20 23 29 33 34 42 57 71 78 82 85 86 87 88 89 90 90 90 90 91 91 92 93 94 94 94 95 95 94 95 96 97 97 97 96 97 97 97 96 95 91 86 84 83 83 82 84 86 88 88 91 93 94 96 98 99 100 100 99 99 97 97 100 101 103 105 107 107 107 105 104 104 104 103 105 110 112 112 111 109 107 108 109 108 105 106 107 107 105 102 102 103 105 105 105 104 102 100 95 92 85 75 72 71 61 43 31 29 26 25 25 24 24 26 29 31 29
22 21 20 20 22 26 30 33 35 43 59 71 79 82 85 86 88 89 91 91 92 92 92 92 93 94 94 95 95 95 94 94 95 96 96 97 96 95 95 96 96 96 96 94 92 90 88 86 84 82 82 83 85 87 90 92 94 94 95 95 95 94 93 91 92 95 96 97 99 100 98 98 98 98 99 101 104 107 109 108 107 106 105 105 105 105 104 104 105 107 106 104 102 102 104 106 106 105 103 101 98 93 88 80 73 71 63 46 34 30 29 26 25 25 23 24 27 30 29 26
23 22 20 20 22 24 28 31 34 36 47 60 73 79 82 84 87 89 90 91 92 93 93 94 94 95 96 96 97 96 95 95 96 96 96 96 96 94 93 93 93 92 92 92 93 92 92 90 88 85 82 81 81 82 84 85 87 87 87 88 87 86 84 85 88 91 90 87 89 89 88 89 92 95 97 99 101 102 102 101 101 102 103 104 103 103 104 105 106 106 105 104 104 106 107 108 107 106 103 99 95 87 81 75 71 65 50 37 32 30 27 25 25 25 24 26 29 29 27 26
23 22 21 21 22 25 28 30 32 34 40 49 63 72 78 81 85 87 89 91 92 93 93 94 95 96 97 97 97 96 96 96 96 96 96 96 95 94 92 91 90 89 88 87 88 87 88 87 87 86 83 81 80 78 77 78 80 79 79 80 79 77 76 77 80 82 80 76 79 80 81 85 88 92 92 93 94 94 95 96 97 99 102 103 102 103 104 104 105 106 105 105 107 109 110 109 107 104 101 96 91 82 75 72 66 53 40 35 31 29 27 26 26 26 25 27 29 28 27 25
24 23 21 21 23 25 28 30 31 34 39 45 54 64 73 78 81 85 87 89 91 92 93 94 95 96 97 96 96 96 96 95 95 95 95 95 94 93 92 91 90 88 86 85 84 83 83 82 82 82 82 80 79 78 77 76 75 74 73 73 73 71 69 69 71 72 70 70 73 75 78 80 82 84 84 86 89 91 93 95 97 100 102 102 102 102 103 103 105 106 106 108 110 111 110 109 106 102 97 91 83 77 72 67 56 45 37 34 32 29 26 26 27 26 26 28 29 27 26 25
25 24 22 22 23 25 28 30 31 33 39 42 47 55 66 74 78 82 84 87 89 90 92 94 95 96 97 97 96 96 95 95 95 94 94 94 94 94 93 91 90 88 86 85 84 82 81 79 78 78 77 77 77 78 77 77 77 76 73 71 70 69 69 70 71 71 70 70 72 74 77 78 79 81 84 87 90 93 95 97 99 101 102 102 102 103 103 104 106 107 109 110 113 112 110 108 104 98 91 84 77 73 67 58 49 43 37 33 31 29 26 27 28 27 26 29 28 26 26 24
26 24 23 24 24 24 28 30 31 34 39 42 46 51 59 68 74 79 82 85 87 89 91 93 95 95 96 96 96 96 96 95 95 95 94 94 94 94 93 92 91 90 88 87 86 85 83 82 82 80 78 78 78 77 77 78 78 78 76 74 74 75 75 76 77 77 76 76 77 80 84 84 84 87 90 92 93 96 97 99 101 102 102 102 103 103 104 106 108 110 111 112 113 111 109 105 100 93 85 78 73 68 61 53 48 42 36 33 31 29 27 28 29 27 27 29 27 26 26 24
26 24 23 24 24 25 27 30 30 33 38 43 46 49 54 62 69 74 78 82 84 87 89 92 94 95 95 95 96 97 97 96 96 96 95 95 95 95 94 93 92 91 90 89 88 87 86 86 87 86 85 84 83 81 81 82 83 84 85 85 87 88 88 87 88 89 88 88 89 90 93 93 93 94 96 96 96 97 98 100 102 103 103 103 104 104 105 107 109 111 112 112 112 110 106 101 94 86 79 74 69 62 56 52 46 39 36 34 30 29 28 29 29 26 28 28 26 26 25 24
26 24 23 24 25 26 28 29 30 33 37 42 48 51 53 60 65 70 74 78 80 84 87 90 93 94 94 95 96 97 97 97 97 97 96 96 96 95 95 95 94 93 93 92 91 90 90 90 90 90 89 89 88 87 87 89 90 92 94 96 98 99 98 96 97 98 98 99 98 99 102 101 100 99 100 100 100 100 102 103 104 105 105 105 105 106 106 108 109 110 112 111 108 106 101 95 88 81 74 70 65 59 54 52 45 39 36 33 31 29 29 29 28 27 28 27 26 26 26 25
26 24 23 25 26 26 27 29 30 32 37 42 48 53 55 59 64 68 71 74 76 81 85 88 91 92 94 96 96 96 97 98 98 98 97 97 97 97 96 96 96 95 95 95 94 93 93 93 94 93 93 93 92 93 94 95 96 98 102 105 108 109 109 109 110 111 112 112 111 110 112 110 108 106 105 106 107 106 106 106 107 107 107 107 107 107 108 108 108 110 109 104 101 101 96 89 82 77 71 66 62 58 55 51 45 39 36 34 31 29 29 28 27 28 28 26 27 27 26 26
26 24 24 25 26 27 27 29 30 32 37 41 47 52 57 62 65 68 69 71 73 77 81 84 87 90 92 95 95 96 96 98 98 99 99 99 98 98 98 97 97 96 96 96 96 95 96 97 98 98 98 98 99 101 102 103 104 107 110 114 117 120 121 122 123 123 123 122 121 120 120 117 114 112 111 111 111 110 109 109 109 109 109 109 108 109 110 110 109 109 105 98 98 96 91 84 78 72 67 64 62 59 56 51 44 39 36 34 31 30 29 28 28 29 27 26 27 27 26 26
24 24 24 25 26 27 28 29 30 32 36 40 47 52 57 64 69 70 70 71 71 73 76 80 84 87 89 92 94 95 95 97 98 99 100 100 100 100 99 99 98 98 98 98 98 98 99 100 102 102 102 103 105 107 109 110 111 114 118 121 124 126 128 129 130 130 129 128 127 125 121 119 117 115 113 112 112 112 111 111 110 110 110 110 109 110 111 112 110 108 104 99 97 93 87 79 72 69 65 63 62 60 56 50 43 39 37 35 31 29 29 29 29 29 27 26 27 27 27 28
24 24 25 26 26 27 28 28 29 32 36 40 46 52 57 64 70 73 74 73 72 71 72 75 80 83 86 89 91 93 94 96 97 98 100 100 101 101 101 102 102 101 101 101 100 101 102 103 105 106 106 106 107 109 111 112 114 117 119 122 124 127 130 130 131 131 130 128 127 124 120 118 116 114 113 112 112 113 112 112 111 111 111 111 110 111 111 111 108 106 103 100 94 88 81 72 67 68 66 64 64 61 54 48 42 40 38 35 31 30 29 29 29 29 27 27 27 27 28 28
24 24 25 26 26 26 27 28 29 32 37 40 45 51 57 65 71 75 77 78 75 73 71 71 74 77 81 85 88 91 93 95 96 98 99 99 100 101 102 103 103 102 103 104 104 104 104 105 107 108 107 106 106 107 108 109 111 114 116 119 121 124 126 126 127 127 126 125 123 120 117 116 114 113 112 112 112 113 113 112 112 111 111 111 111 111 110 108 106 103 99 96 89 81 74 68 67 67 67 66 63 59 52 47 43 40 38 35 31 30 29 29 30 28 27 28 27 27 29 28
24 25 26 26 26 26 27 28 29 33 37 40 45 51 57 66 72 76 79 80 80 78 75 71 70 71 75 79 83 87 90 93 95 97 98 99 101 102 102 102 102 103 104 106 106 106 107 108 109 109 108 107 106 106 106 107 109 111 113 115 117 119 121 122 122 122 121 119 118 116 114 114 113 112 112 111 111 112 112 111 111 111 110 109 109 108 106 104 102 99 94 90 82 75 70 67 69 69 69 67 61 56 52 48 44 40 38 35 31 30 30 31 30 28 27 28 27 27 29 28
25 25 26 26 27 26 27 28 29 33 37 40 45 51 58 67 73 77 80 82 82 82 81 77 73 69 70 74 78 83 88 91 93 95 97 99 101 102 103 103 103 103 104 106 106 107 108 108 108 109 109 108 107 106 106 107 109 110 111 113 115 118 119 119 117 116 116 115 115 114 112 112 111 110 109 109 109 110 110 109 109 109 107 106 106 104 102 99 98 95 90 85 76 71 68 68 71 71 69 64 61 59 53 49 44 40 38 35 32 30 30 32 30 28 28 29 29 28 29 27
25 25 25 26 27 27 27 28 29 33 37 39 44 50 57 66 74 78 81 83 83 84 86 86 80 76 74 72 74 77 82 86 89 93 96 97 99 101 103 103 103 104 104 105 105 105 106 106 105 106 106 106 106 105 104 105 105 106 108 109 111 114 116 115 114 113 113 113 113 112 109 108 107 107 106 106 107 107 107 107 107 106 104 103 102 100 98 96 95 91 86 80 75 72 70 71 73 73 68 63 64 62 55 50 45 41 39 37 33 30 31 32 31 29 28 29 29 30 29 27
24 24 24 27 29 29 28 28 29 33 37 39 43 48 54 62 72 78 81 84 84 86 88 87 86 86 85 81 76 74 76 80 84 88 92 94 96 99 100 100 101 102 103 103 103 103 103 103 102 102 102 103 103 102 101 101 101 102 104 105 106 109 110 110 110 110 111 111 109 107 105 103 103 102 102 102 103 105 105 104 104 103 100 98 97 96 95 93 89 84 80 77 75 74 74 76 75 70 67 67 67 61 54 51 46 42 40 38 34 31 33 32 31 29 29 30 30 31 28 28
24 24 24 27 30 30 29 29 30 34 38 40 42 47 54 63 73 80 84 85 85 86 87 88 89 90 91 89 84 78 75 77 79 83 87 90 93 95 97 97 98 99 100 100 100 100 101 100 99 99 99 99 98 97 96 95 95 96 99 101 102 103 105 105 105 105 106 105 103 102 100 99 98 97 97 99 101 101 101 100 99 97 96 95 93 92 91 87 83 79 78 78 77 76 75 76 73 70 71 71 67 59 55 52 46 42 41 38 34 33 33 32 31 30 29 31 31 31 27 30
24 24 25 27 30 30 29 29 31 35 39 40 43 47 54 63 73 80 84 86 86 87 88 90 92 92 92 93 91 86 81 77 76 78 81 85 88 91 93 94 95 96 97 97 97 97 98 97 96 95 95 94 94 93 91 90 91 91 93 94 96 98 99 100 100 100 100 99 97 97 97 96 94 93 95 97 97 93 91 93 94 93 93 92 90 88 86 82 79 80 81 81 80 77 76 75 73 74 74 71 65 59 56 53 47 43 42 38 34 34 33 32 31 29 30 32 33 31 28 34
23 24 25 27 30 30 29 29 31 35 39 40 43 47 53 62 73 79 85 88 89 90 92 92 93 93 94 94 94 93 90 86 80 76 76 78 81 84 87 90 92 93 94 94 94 94 95 94 93 92 91 91 90 90 88 86 86 86 86 88 90 92 92 93 94 95 94 93 91 92 93 93 92 92 94 94 91 86 85 90 91 90 89 87 85 84 82 81 82 84 84 84 82 78 77 77 77 78 75 70 65 60 58 54 47 45 43 38 35 34 33 32 32 30 30 32 33 31 31 37
22 23 25 27 30 30 28 29 31 35 39 41 43 47 52 62 72 79 85 90 92 93 93 94 95 96 96 96 95 95 95 93 90 83 78 76 76 78 81 84 87 88 90 91 91 91 92 91 89 89 90 89 89 89 86 85 84 83 82 83 85 86 86 86 88 89 89 88 88 89 88 88 89 89 89 89 88 87 87 88 88 87 85 83 83 84 85 86 87 87 86 86 82 79 79 80 80 80 75 71 65 61 59 53 48 46 43 38 36 34 33 33 32 30 31 33 33 31 34 37
21 22 24 27 29 29 28 29 31 36 39 42 44 47 52 61 72 79 85 91 94 94 94 95 96 98 99 98 98 98 97 96 95 92 87 82 78 76 76 78 81 84 86 87 88 89 89 88 87 88 89 89 89 88 87 86 85 84 83 82 82 82 82 83 85 86 85 84 84 84 84 84 85 86 87 87 87 86 86 85 85 84 84 83 85 87 88 89 90 87 87 87 82 79 81 82 82 82 77 71 66 63 60 52 48 47 43 38 37 34 33 33 32 31 31 33 33 32 36 35
21 22 24 26 28 28 28 29 31 36 39 42 45 47 52 60 71 78 85 91 95 95 94 96 97 99 100 99 99 100 100 98 96 94 93 91 86 81 77 76 77 78 80 82 84 86 87 87 86 87 87 88 88 87 87 86 85 85 84 82 82 82 82 83 83 84 84 83 82 81 81 82 83 84 84 84 83 83 84 83 82 83 85 86 89 91 91 92 91 89 88 85 81 81 82 83 84 83 76 72 68 64 60 53 49 47 43 39 37 34 34 33 32 31 32 34 33 35 37 34
22 22 25 26 28 27 27 29 32 36 40 43 46 47 51 60 70 77 84 90 95 96 97 98 99 100 102 102 101 101 101 100 99 98 97 95 92 88 85 81 78 76 75 77 79 80 82 82 82 82 82 83 85 85 84 84 84 83 83 82 82 81 81 81 81 82 83 82 81 81 81 81 81 82 82 82 83 84 85 84 84 87 90 91 94 96 95 95 92 90 89 84 82 83 83 86 87 83 76 72 69 64 60 54 50 47 43 40 37 35 35 33 33 32 34 34 34 37 36 32
22 23 25 26 27 27 27 29 32 37 40 43 46 48 52 60 70 77 83 89 95 97 99 99 100 102 104 104 104 103 103 103 102 101 100 98 96 93 91 88 84 81 79 77 77 77 78 78 78 78 79 79 80 80 79 80 80 80 80 80 80 79 79 79 79 80 81 81 81 80 80 81 81 82 83 85 86 87 88 88 89 92 95 96 97 98 98 98 94 91 89 85 84 84 85 87 88 83 75 71 69 64 59 55 51 47 44 40 37 36 35 33 33 33 34 34 35 39 35 32
23 24 25 26 26 26 28 29 32 37 40 43 47 49 52 60 69 75 82 88 94 98 100 99 100 102 104 105 105 105 105 105 105 104 103 102 100 99 96 93 89 86 84 81 80 78 76 76 77 77 78 78 78 77 77 77 78 78 77 77 78 78 78 79 79 80 80 81 80 80 82 83 84 85 86 87 88 90 90 90 92 95 97 98 100 100 100 97 94 93 92 87 88 88 86 87 87 82 75 72 69 64 60 55 50 47 44 40 37 37 36 34 34 35 34 33 37 39 34 32
25 25 26 26 26 26 28 29 32 37 40 43 47 50 53 60 68 74 81 87 93 97 99 100 99 101 103 104 106 106 107 107 106 105 105 104 103 102 101 97 94 92 90 87 84 82 79 79 78 78 78 78 78 78 78 79 79 79 79 79 79 80 81 81 81 82 82 82 83 83 85 86 87 87 88 89 89 91 92 94 96 99 102 103 103 103 101 96 95 96 94 90 92 92 89 89 86 81 75 73 70 65 61 55 50 48 44 40 38 37 37 35 35 36 34 33 39 38 34 33
27 26 26 26 26 26 28 29 32 37 40 43 48 51 54 60 67 73 81 87 92 96 99 101 100 101 102 104 106 107 108 109 108 108 108 106 105 105 104 102 99 97 95 92 91 89 86 85 83 81 79 78 78 78 79 79 80 81 81 81 82 83 83 83 83 84 84 85 86 86 87 88 89 89 90 92 94 95 97 100 102 104 105 105 104 103 99 97 99 96 95 94 94 94 92 90 87 82 75 73 71 66 62 56 51 48 44 40 39 38 37 36 36 36 34 35 39 38 35 32
28 28 27 26 26 26 28 29 33 37 40 43 49 52 54 60 67 73 80 86 92 96 99 101 102 102 102 104 107 109 111 111 111 112 111 110 109 109 108 106 102 100 98 95 94 94 92 90 89 87 86 85 83 82 81 80 80 81 82 83 83 84 84 85 86 86 87 88 89 89 90 91 93 94 95 97 98 100 102 105 106 107 107 107 105 102 100 100 101 99 100 99 96 96 93 92 89 83 76 74 71 67 62 54 52 48 44 41 40 38 38 36 37 36 34 38 38 38 35 32
29 29 27 25 25 27 29 30 33 37 39 44 49 52 55 60 66 72 78 84 91 96 99 102 103 103 104 105 108 110 112 113 113 113 112 112 112 112 112 109 106 104 101 98 97 96 94 93 92 91 91 90 88 87 86 86 85 85 85 87 87 87 88 89 90 91 92 93 92 92 93 95 97 99 100 101 102 103 106 107 109 109 108 108 105 103 104 104 103 104 105 100 98 97 94 93 90 85 77 74 72 66 60 54 52 49 44 42 40 38 38 38 37 35 35 39 39 37 36 31
29 29 27 26 26 27 29 30 34 37 40 44 49 52 56 60 66 71 77 83 90 95 99 102 103 105 106 107 108 110 112 114 114 114 114 113 114 114 114 112 110 109 106 102 101 99 97 96 95 94 93 92 91 90 90 90 90 90 90 90 90 90 91 93 94 95 95 96 96 96 97 98 99 101 102 104 104 105 108 110 111 111 110 108 106 106 107 106 105 108 108 102 99 98 94 93 89 84 78 75 73 66 58 55 53 49 44 42 40 38 38 39 37 34 36 39 39 38 35 31
