19 19 20 20 20 20 22 22 22 23 25 28 31 34 36 39 47 55 65 73 78 86 96 95 93 100 104 102 101 99 92 93 102 118 120 107 93 84 73 70 86 103 114 115 113 114 112 112 115 119 117 122 127 126 126 126 125 126 126 127 128 128 129 130 129 131 135 138 140 142 142 143 144 141 137 133 131 132 137 141 140 143 146 143 142 135 132 136 141 137 134 133 131 128 126 125 122 116 111 109 103 100 100 100 100 101 100 97 93 93 87 69 40 47 53 46 44 39 36 35
19 20 20 20 21 21 22 22 23 25 28 32 36 40 44 49 60 69 77 78 84 94 97 92 96 104 104 100 100 97 99 106 119 122 111 94 84 83 79 86 103 116 115 114 114 113 110 112 115 117 119 123 125 125 126 125 125 125 126 128 128 127 128 129 129 129 130 133 135 138 140 142 143 142 139 135 133 135 139 144 142 141 145 143 140 138 133 132 141 138 136 136 135 132 129 128 126 123 116 112 109 105 101 99 100 101 103 100 96 98 91 83 54 43 49 51 46 41 37 35
20 20 21 21 21 21 22 22 24 28 32 37 43 49 55 64 76 81 84 88 95 97 96 95 103 106 102 101 101 103 108 118 124 110 89 80 81 84 94 105 114 116 114 114 114 113 113 114 115 114 119 124 124 125 127 127 126 125 126 128 128 127 128 129 130 129 129 131 133 136 138 139 141 142 140 139 138 138 141 146 145 143 144 143 138 138 136 132 138 138 137 137 138 137 134 132 132 129 123 117 114 111 106 102 101 102 102 103 103 98 100 91 74 47 42 53 47 43 41 36
20 20 21 21 21 22 23 25 28 32 39 46 53 62 71 80 86 87 92 98 98 97 101 106 106 107 107 104 104 113 114 116 109 89 80 75 86 95 107 113 117 115 116 116 115 115 114 118 119 117 121 125 126 127 128 128 127 126 126 128 128 128 128 128 128 129 129 131 134 137 139 140 141 141 142 143 142 143 144 145 143 143 144 143 138 138 137 133 135 138 137 137 139 140 138 138 137 135 130 124 119 115 112 108 104 103 102 103 105 101 99 101 93 64 45 49 54 47 42 39
21 20 20 21 22 23 26 29 35 42 51 59 67 77 85 89 89 93 104 102 96 102 110 112 109 110 103 104 118 117 107 99 92 83 83 89 95 112 117 117 116 117 119 120 118 117 120 121 120 122 125 127 128 128 129 129 127 125 126 126 127 129 130 129 129 130 131 132 134 137 139 142 144 145 146 146 145 144 147 146 143 143 146 146 139 140 139 133 137 139 138 138 139 140 140 140 141 140 136 132 124 118 114 112 108 105 104 104 104 106 101 99 102 85 55 45 52 53 46 40
20 20 21 22 24 27 31 36 45 55 63 72 82 91 97 99 100 105 106 98 103 115 114 109 113 105 103 114 116 106 97 87 84 89 93 101 114 121 119 116 116 119 123 124 120 120 127 125 119 125 128 128 129 129 129 130 128 126 126 126 127 129 131 131 131 132 132 132 135 137 139 142 145 148 150 150 147 145 148 148 143 146 150 149 139 142 144 131 136 144 142 141 139 140 141 141 141 141 141 139 132 124 117 114 112 108 105 105 104 104 104 99 99 99 76 45 43 54 50 43
20 20 22 23 27 32 39 49 58 66 75 86 96 105 108 109 113 109 101 107 120 118 109 108 107 104 110 111 106 101 92 81 85 92 98 112 122 124 123 119 118 123 127 124 122 127 131 127 126 129 132 131 131 131 130 130 130 128 129 130 130 131 132 131 131 131 131 131 133 137 141 143 145 146 148 150 149 148 148 148 143 148 152 150 138 142 147 135 133 144 144 143 142 141 142 143 142 140 140 141 138 131 122 117 115 110 106 105 104 103 105 102 99 101 88 57 40 48 52 46
20 21 23 27 33 41 52 62 70 80 92 103 111 114 112 114 113 107 111 123 122 112 110 106 102 111 110 107 107 92 84 85 88 92 108 119 122 126 125 124 126 128 130 125 126 134 135 129 133 136 136 135 135 134 134 135 135 133 133 134 132 132 133 133 132 132 133 132 134 138 141 143 146 146 146 147 149 150 149 146 145 147 152 151 139 142 148 144 135 142 145 144 144 142 143 145 144 143 141 140 140 137 129 121 116 113 108 106 105 103 102 102 101 100 96 82 50 39 50 49
23 25 28 36 43 53 65 75 86 99 108 117 118 115 116 116 109 114 124 124 114 109 107 105 110 114 112 110 95 83 87 86 89 104 117 120 122 125 126 129 132 133 129 126 130 136 137 133 139 141 140 140 138 138 140 140 140 138 137 136 134 133 135 136 134 134 134 133 133 136 140 142 144 146 147 146 146 150 149 142 146 150 153 153 143 144 149 148 137 142 148 146 145 144 143 144 145 145 143 141 139 138 134 128 120 115 111 108 105 104 101 102 102 100 100 92 69 46 43 50
25 29 38 47 56 70 81 94 107 114 121 126 120 117 119 117 120 126 125 116 107 104 103 113 117 117 114 101 89 91 92 92 102 118 120 120 123 126 127 130 134 137 132 128 135 136 133 138 142 142 143 144 141 140 141 141 142 141 140 138 137 137 137 137 136 136 136 133 131 133 139 141 143 145 148 149 148 150 149 142 148 154 154 153 145 147 151 151 140 139 150 149 147 147 146 144 143 145 145 143 140 138 138 135 127 120 114 110 106 105 103 101 101 102 99 96 89 63 42 47
30 38 50 61 73 88 99 113 121 125 130 127 122 123 123 129 131 125 119 112 106 105 110 116 117 119 110 94 97 99 101 111 122 123 122 122 125 129 130 131 138 138 134 138 138 137 131 138 141 138 141 144 141 142 143 140 139 141 142 140 139 139 139 139 137 137 137 137 135 134 137 140 142 145 149 152 153 152 149 146 150 155 154 154 148 150 154 154 146 138 148 151 149 149 149 147 144 143 145 145 143 140 140 138 133 126 118 113 109 106 104 101 100 101 98 99 95 79 55 42
42 54 69 82 91 103 117 126 130 135 132 126 127 127 128 134 130 124 120 116 115 117 119 121 122 110 96 93 105 114 117 125 127 125 125 125 127 132 136 136 141 140 138 146 143 138 137 141 141 140 143 144 142 144 144 141 139 141 142 140 139 140 140 139 138 137 137 138 137 135 135 137 140 144 147 150 152 154 147 147 152 154 155 155 152 154 156 156 152 142 145 153 150 149 150 150 147 144 144 146 145 143 141 140 137 132 124 116 110 107 104 102 100 99 99 99 98 93 73 49
59 74 89 99 108 120 128 133 136 134 129 128 129 130 133 130 125 127 126 125 126 129 133 129 113 95 97 107 120 128 128 127 125 125 129 131 132 136 139 143 138 139 147 148 145 139 144 147 145 143 144 144 142 143 143 141 140 141 141 138 138 140 140 138 137 137 137 136 137 137 137 137 139 143 146 148 150 152 145 146 153 155 157 154 152 157 158 158 157 147 146 154 154 151 151 152 152 149 146 146 146 144 142 143 141 137 131 124 116 110 104 101 100 98 99 98 99 98 87 66
76 92 103 110 119 129 134 135 133 130 132 132 133 134 135 135 134 131 129 132 138 140 138 124 103 100 113 125 131 130 129 126 125 126 130 135 136 137 139 142 139 140 148 145 142 142 147 149 146 144 143 143 142 142 142 141 139 139 138 135 136 138 139 136 136 138 137 136 137 139 140 141 141 143 147 149 148 148 146 147 152 155 157 152 151 155 158 160 160 153 151 157 160 156 154 154 154 153 150 148 147 145 144 145 144 140 135 129 121 113 105 100 99 98 97 98 98 98 93 77
93 105 112 120 128 134 134 131 130 132 133 133 134 136 140 144 141 132 132 138 144 143 125 109 106 121 130 132 131 129 128 129 129 128 130 132 134 136 137 133 137 141 142 141 137 142 148 148 145 143 142 142 142 141 140 139 138 136 135 134 134 135 136 134 134 136 136 135 135 137 140 143 144 145 146 149 147 144 146 147 149 153 155 152 151 155 159 161 162 158 152 155 160 161 159 157 155 153 153 152 150 147 145 146 146 143 138 134 126 118 109 102 98 98 97 96 97 98 96 88
106 114 121 128 132 135 131 126 132 136 129 125 127 129 138 137 130 130 132 138 135 126 112 107 121 136 136 132 128 125 125 127 129 131 130 129 129 131 131 128 133 139 136 135 134 139 144 145 144 141 140 141 140 139 136 134 134 135 133 133 133 133 133 132 131 132 133 134 134 135 136 140 144 144 143 144 143 141 143 147 147 150 152 150 151 157 159 160 162 158 153 155 160 161 161 158 154 152 153 154 153 151 148 147 147 146 143 139 133 124 114 105 98 97 96 95 94 96 98 96
113 120 125 130 132 131 128 126 130 126 117 111 106 106 112 109 115 124 122 122 114 104 107 116 127 130 127 125 123 120 122 124 126 128 128 128 127 126 121 122 130 135 131 128 132 136 139 140 140 139 137 135 133 133 132 130 131 133 133 132 131 131 132 131 131 131 132 134 136 136 134 135 140 140 140 138 134 137 141 144 144 146 148 145 147 154 158 157 160 160 154 156 162 164 160 156 154 150 149 150 154 156 155 152 151 149 146 143 139 131 120 111 103 97 96 95 93 93 95 98
118 123 126 129 129 126 126 124 116 108 101 91 83 85 87 92 101 106 99 94 91 95 104 110 113 114 114 113 114 114 117 122 124 125 125 125 124 120 117 120 124 125 125 124 128 132 134 134 136 137 136 133 129 128 129 131 130 130 131 129 127 129 130 131 131 132 132 132 135 136 133 132 135 136 136 135 129 128 136 141 141 142 145 142 140 146 154 154 156 161 157 154 160 162 158 157 155 149 147 144 146 152 156 157 158 155 149 146 143 136 126 117 108 100 95 95 94 92 93 96
118 123 122 122 121 124 126 115 100 93 85 73 71 73 78 84 82 79 75 74 82 91 93 91 93 99 101 101 102 106 111 117 120 121 119 119 118 114 117 119 117 113 115 122 124 127 130 130 131 132 134 132 128 128 128 129 129 129 128 127 126 128 129 129 131 133 132 129 132 133 132 131 131 133 130 127 126 127 131 136 137 138 139 137 136 140 145 146 143 146 148 140 143 149 145 144 145 149 151 145 139 139 144 150 154 157 154 150 146 141 132 122 114 106 97 95 94 93 92 94
114 113 110 112 115 118 113 99 88 81 70 64 66 66 68 68 60 61 65 69 75 75 75 75 79 84 86 87 87 92 99 106 110 113 114 114 111 111 116 117 111 107 111 116 118 121 124 123 125 128 130 129 129 128 127 126 126 127 126 125 125 126 128 127 128 130 127 126 127 128 128 127 128 130 127 120 121 126 130 132 131 132 130 128 127 132 134 132 127 126 127 119 114 121 119 113 118 129 136 135 127 127 132 141 149 156 155 150 148 144 135 126 117 110 101 95 94 93 93 93
104 100 98 101 104 104 97 86 77 69 62 60 58 55 55 54 52 55 62 61 56 59 63 62 64 67 67 69 70 72 81 89 92 97 103 103 103 106 110 110 106 107 111 112 111 115 118 116 119 124 126 125 126 126 126 126 123 124 123 122 122 122 124 123 124 123 122 123 123 123 123 122 123 124 120 120 121 123 125 125 123 122 118 114 112 115 115 114 108 106 106 99 95 96 96 91 92 101 107 110 102 104 115 125 131 143 153 150 145 139 134 128 119 111 105 99 95 94 94 94
91 89 87 89 91 88 80 72 65 59 58 55 51 49 49 50 50 50 50 46 44 49 51 48 48 50 51 51 51 52 60 67 69 74 82 83 88 92 94 93 95 101 106 106 104 109 114 114 116 120 122 121 124 125 124 124 123 123 122 119 115 115 119 120 120 119 118 119 119 119 120 120 119 116 113 117 120 118 117 115 110 109 102 94 89 90 93 95 92 86 84 80 77 77 78 78 74 76 83 91 87 84 92 104 114 116 126 137 136 131 128 125 120 113 108 103 98 95 94 95
81 79 80 84 82 76 67 61 56 53 54 50 46 45 44 40 39 43 40 37 37 39 38 35 35 37 38 37 37 38 44 48 49 53 59 61 67 68 67 69 77 88 94 98 99 104 109 112 115 118 118 116 120 123 124 123 122 121 119 113 108 109 114 117 116 117 115 114 113 115 117 116 112 107 107 111 111 108 106 99 89 85 77 73 70 66 69 70 73 68 63 61 62 62 63 65 65 64 65 70 77 76 80 83 94 106 108 109 112 111 114 116 116 112 107 105 101 97 94 94
77 79 81 79 74 65 56 52 51 52 53 50 47 45 42 37 38 39 39 38 36 35 35 34 33 34 35 34 35 36 38 39 40 41 42 43 46 46 48 53 62 73 80 85 91 97 101 105 112 115 116 113 115 119 120 121 120 118 116 110 106 106 110 111 112 115 114 113 110 109 109 108 103 99 100 100 94 88 86 80 73 67 58 55 52 47 47 49 48 50 49 46 47 49 49 50 53 56 58 62 66 69 73 78 80 86 91 95 96 96 95 97 105 107 106 105 103 99 97 95
80 85 77 70 65 59 57 57 59 62 61 59 59 63 61 56 55 54 55 54 52 51 49 47 45 43 42 41 42 43 43 43 45 44 41 42 44 45 51 55 58 63 69 74 79 85 89 96 105 110 113 112 113 114 115 116 117 116 115 114 112 110 109 105 104 109 111 109 103 99 97 94 92 87 83 79 72 65 61 57 53 51 45 42 41 37 37 38 37 36 39 39 40 42 46 47 47 49 51 54 58 61 60 62 75 82 82 83 85 87 84 79 82 94 103 102 102 100 98 98
81 76 68 66 63 62 66 69 72 78 81 83 88 92 90 88 85 81 82 82 81 78 75 72 67 62 60 58 58 58 55 54 55 55 53 53 55 55 57 62 63 64 66 66 69 74 78 86 96 101 108 111 111 111 113 113 113 114 114 117 118 117 114 107 101 104 107 101 92 86 85 83 82 76 65 59 54 50 49 46 43 41 41 41 40 39 39 40 39 37 38 36 36 38 42 46 48 49 49 50 53 60 61 56 60 70 71 72 74 76 78 75 71 74 89 98 97 98 96 96
75 71 72 70 71 78 83 87 93 98 102 105 109 113 113 111 106 104 105 104 103 99 97 96 91 84 81 80 77 74 69 67 66 66 65 64 65 65 64 65 69 68 66 63 65 67 69 76 86 92 102 107 109 109 109 110 112 113 113 116 118 117 116 112 105 103 99 89 81 78 79 78 76 72 65 57 51 49 50 50 49 47 47 49 49 47 46 46 45 45 45 45 46 50 52 55 59 57 56 57 58 65 67 64 67 73 72 74 74 72 74 76 73 70 73 87 92 96 97 95
80 83 88 87 92 97 100 103 107 112 116 118 122 124 123 121 119 119 120 120 119 115 112 110 108 102 99 95 93 89 83 78 74 75 74 73 73 73 71 70 70 70 67 65 67 67 63 65 75 84 97 104 107 108 108 110 113 114 113 113 113 111 110 109 104 100 92 84 78 74 74 73 70 67 65 61 58 57 56 59 60 58 59 60 59 58 57 58 60 64 67 67 69 76 81 85 83 76 74 78 81 81 83 82 84 85 84 81 79 76 75 77 76 77 73 74 81 88 95 100
89 94 100 102 105 108 112 115 117 121 123 124 125 125 125 128 131 132 131 131 129 127 124 122 119 116 112 108 106 103 94 86 83 84 84 82 81 80 78 76 75 75 73 71 70 67 62 61 68 79 92 100 104 106 108 111 114 115 115 113 109 106 104 103 100 95 90 85 78 70 67 67 67 65 64 64 65 67 68 70 72 72 73 72 72 74 76 79 84 90 94 95 94 101 105 109 108 101 97 99 104 109 108 105 103 101 96 91 88 84 82 83 82 78 78 79 78 81 87 95
94 99 105 108 112 114 116 119 122 125 127 127 128 128 131 136 134 134 136 135 134 132 130 128 126 123 120 117 115 109 100 92 93 95 92 89 87 84 82 81 80 79 78 75 73 70 65 62 69 79 90 97 102 104 107 110 114 115 116 115 112 108 104 99 96 93 86 80 73 68 67 67 69 69 70 71 73 75 76 78 80 80 82 83 84 88 93 98 104 109 112 113 111 117 120 123 124 121 120 120 121 125 126 121 117 116 112 108 104 100 93 91 90 90 83 79 81 82 85 89
99 103 107 109 111 114 117 122 125 126 128 130 132 131 132 133 131 133 139 138 136 134 132 131 131 129 127 125 122 114 107 101 102 101 99 96 93 90 87 84 83 81 81 79 77 75 72 67 70 79 86 92 99 103 106 108 110 111 111 112 112 108 102 98 94 91 84 76 74 72 72 72 73 75 77 79 80 81 82 84 86 87 90 92 95 101 107 112 118 122 123 122 122 129 133 135 134 132 130 131 132 132 133 132 127 122 119 116 112 107 104 101 99 98 96 91 86 86 88 91
104 108 109 111 114 116 119 122 124 125 128 131 131 130 132 135 134 136 141 141 138 136 134 133 133 133 132 131 127 119 114 110 106 103 101 99 95 93 90 87 85 83 83 81 79 79 79 76 75 80 84 90 95 100 105 105 106 107 107 108 110 109 105 101 96 92 87 80 79 79 77 78 77 78 80 81 83 84 86 88 91 93 97 101 106 111 116 120 124 128 129 125 125 132 138 140 140 137 137 137 137 138 137 135 131 126 120 116 115 111 107 103 101 101 101 100 97 95 95 98
105 106 107 109 112 114 117 119 120 122 124 127 127 128 131 135 137 139 141 140 140 139 136 135 135 136 135 131 127 121 118 115 110 106 103 101 99 96 93 90 88 86 84 82 80 80 82 82 82 83 86 90 94 97 101 102 105 106 106 107 107 108 108 103 95 90 89 85 83 82 82 82 81 79 80 82 84 86 89 93 96 99 104 108 112 115 120 125 130 133 134 130 129 133 137 139 140 139 138 139 139 139 139 137 133 129 123 119 116 113 109 105 101 98 97 97 98 99 99 101
103 104 104 106 108 109 111 113 114 116 119 122 124 125 129 132 136 139 139 139 141 141 139 137 136 136 134 130 126 120 117 115 112 109 107 105 101 98 94 91 89 87 84 82 81 82 83 85 86 87 88 93 95 98 101 100 105 108 108 106 106 107 107 102 94 90 92 92 88 86 85 84 82 80 81 83 85 87 90 95 99 103 106 109 113 115 118 122 128 131 131 127 127 131 132 133 135 137 136 136 137 136 136 134 131 130 127 122 118 115 111 108 104 100 96 95 98 100 101 103
100 101 101 103 103 105 107 105 106 110 116 120 121 123 127 131 135 137 136 136 136 137 136 135 133 132 131 127 123 117 115 114 113 111 109 105 100 96 93 90 89 87 83 81 82 84 85 86 89 90 91 94 96 101 104 103 104 108 109 105 105 108 108 103 98 95 96 95 92 89 86 83 81 80 82 84 86 88 90 93 98 101 103 106 109 112 113 114 116 118 118 115 115 119 120 120 122 127 130 130 131 130 131 130 129 129 126 121 117 113 110 107 105 103 100 99 99 100 101 102
96 97 98 98 99 102 103 100 102 108 114 117 117 120 124 125 128 129 128 128 127 126 125 122 119 116 113 110 106 100 102 110 111 110 107 103 98 94 91 89 88 86 83 80 82 85 86 87 90 93 94 96 100 105 109 110 108 108 109 107 108 110 111 110 107 103 101 98 94 91 87 83 80 79 81 83 85 88 89 90 94 98 99 100 98 93 89 85 85 84 82 79 79 83 85 86 91 104 112 115 117 119 121 122 123 123 120 115 110 108 108 105 103 101 100 100 100 101 101 103
93 95 96 96 96 97 97 94 96 100 103 102 103 105 112 111 111 109 103 99 95 89 83 80 77 67 64 63 57 66 78 85 92 95 99 99 96 92 89 87 86 86 82 80 80 83 84 86 90 94 95 96 101 106 111 114 113 110 109 111 113 113 114 115 113 110 105 99 95 92 87 83 80 79 81 83 84 86 87 88 92 95 90 80 71 65 58 52 49 44 40 36 37 38 39 41 49 66 74 79 84 88 92 98 102 105 108 108 106 104 103 101 100 99 98 98 98 99 101 103
75 74 73 72 73 73 72 70 72 71 70 69 68 66 71 65 67 66 57 52 47 45 41 39 36 27 30 29 41 69 63 46 52 64 77 86 91 90 88 85 85 85 83 80 80 80 82 86 90 95 97 98 103 108 112 116 116 114 111 114 116 116 116 115 113 110 104 99 96 93 88 82 79 78 80 81 82 84 85 85 87 80 63 61 55 50 46 37 28 40 52 33 28 33 30 27 28 34 40 47 54 58 62 65 69 76 81 88 93 96 98 98 97 96 96 95 96 97 100 103
43 42 41 53 58 58 56 55 54 52 50 46 43 39 34 32 35 35 31 27 26 27 28 25 22 22 23 23 36 54 44 27 34 41 50 62 77 88 89 85 84 84 82 80 80 80 82 86 90 94 98 102 106 109 113 116 117 117 115 116 118 119 118 116 114 111 104 98 95 92 87 82 78 77 78 80 81 81 82 81 74 61 54 53 47 41 37 42 45 41 58 41 26 34 36 34 30 27 30 34 35 39 46 53 57 58 58 60 66 76 85 88 90 92 94 93 93 94 96 99
53 53 58 59 58 60 58 57 54 52 47 39 34 32 34 36 36 35 39 32 25 31 37 29 22 21 21 21 20 26 29 23 30 31 32 37 51 68 79 82 82 82 80 80 81 82 86 88 91 93 96 101 105 109 115 117 118 119 119 117 118 121 121 119 117 112 102 94 93 92 87 83 79 77 78 80 81 82 81 76 64 55 52 47 50 52 41 42 61 45 27 23 23 25 30 35 32 28 30 33 31 30 33 36 40 43 42 41 40 46 56 60 62 67 80 82 86 89 91 93
76 75 76 71 68 67 62 58 53 49 42 34 32 32 35 43 48 51 59 43 29 35 37 27 23 22 21 21 22 23 22 24 33 32 27 25 28 34 41 45 50 57 62 71 76 81 87 92 95 94 95 99 103 108 116 120 119 121 122 121 120 121 122 119 114 107 98 92 93 94 90 85 81 79 78 80 81 82 79 69 57 47 40 41 47 47 34 25 27 31 26 23 25 25 26 30 30 28 30 34 35 33 34 35 36 37 40 42 43 43 43 42 43 42 39 42 45 49 55 62
74 70 68 68 63 58 53 49 46 43 39 37 40 42 45 56 62 67 76 56 35 27 25 25 25 23 23 24 26 27 27 42 66 64 49 40 35 35 39 40 39 37 37 45 50 59 68 88 100 98 98 100 104 108 115 122 124 126 127 125 123 120 118 115 110 104 98 96 96 95 92 88 83 79 75 72 67 59 50 42 35 29 26 29 30 32 31 25 24 24 24 24 23 25 26 31 30 34 51 59 59 51 41 37 40 42 46 51 58 61 59 60 60 59 51 48 43 40 36 35
72 69 64 61 58 55 54 54 53 49 48 51 55 57 58 65 72 81 90 77 52 31 27 26 26 25 25 26 26 30 44 71 93 89 72 60 57 52 61 78 79 70 61 49 45 48 47 51 68 90 102 101 105 108 115 124 129 130 131 126 123 120 117 116 112 107 103 97 96 96 96 89 75 60 48 43 40 38 38 38 35 34 38 40 54 68 67 42 30 29 27 26 24 26 26 28 29 37 59 75 73 66 49 37 34 37 42 45 45 48 56 59 62 67 72 75 75 75 73 70
82 79 73 69 68 67 68 68 65 62 62 65 69 70 70 73 78 87 101 99 79 57 41 32 29 27 28 28 35 50 71 93 98 86 72 65 63 55 58 77 94 92 86 79 77 78 71 43 32 45 74 82 88 100 113 125 130 131 130 125 123 120 118 119 118 109 98 94 92 89 81 58 46 42 41 46 55 67 75 66 56 57 59 63 81 98 100 73 36 28 29 27 27 27 28 27 33 49 74 90 84 75 64 54 47 44 47 53 57 55 52 53 56 60 64 70 75 79 82 83
94 91 87 83 81 80 78 75 73 72 74 76 77 79 80 83 85 91 102 101 97 89 72 61 53 46 46 52 65 79 88 91 86 79 73 73 75 74 70 72 88 89 85 89 97 101 100 89 64 42 36 36 41 67 101 122 129 131 130 125 122 122 119 119 116 104 91 73 44 43 44 38 51 73 80 81 85 91 89 72 56 58 62 67 79 88 97 97 73 43 31 28 27 27 27 34 53 74 100 104 88 77 72 70 67 63 59 59 63 64 64 64 66 68 71 75 77 80 81 80
103 101 97 92 89 87 83 80 81 82 82 83 84 86 89 92 93 95 98 99 101 98 95 91 85 78 78 83 90 93 91 88 88 89 89 92 91 88 84 80 82 80 81 89 95 102 105 96 76 66 36 31 30 38 71 105 120 126 127 126 124 124 125 122 112 98 71 38 29 26 27 55 85 99 98 94 91 89 86 78 75 78 78 71 73 76 81 89 92 79 58 46 43 44 52 66 80 94 105 101 86 81 81 80 79 78 75 71 68 67 70 72 75 77 79 81 82 83 83 81
109 106 102 97 95 91 87 87 87 87 87 89 91 93 95 98 101 101 101 99 96 97 100 99 97 94 91 94 97 95 93 95 94 91 87 85 81 80 80 79 77 79 87 93 99 104 85 50 46 65 55 27 27 31 39 58 88 107 113 116 116 116 109 97 79 53 36 28 27 30 50 66 79 87 95 91 87 84 82 84 92 97 97 91 87 87 85 84 88 90 85 79 74 75 81 88 93 97 94 96 95 91 90 88 86 86 84 80 76 74 74 78 81 83 84 87 88 88 86 81
114 112 108 104 102 98 94 94 93 92 93 95 97 99 101 103 105 104 102 100 98 100 101 102 102 99 96 95 93 91 90 89 84 80 77 75 74 76 76 76 79 87 96 101 104 104 65 26 36 48 56 30 20 22 24 30 46 54 62 66 65 62 51 40 36 30 24 21 26 51 63 44 38 52 89 93 86 80 78 79 83 86 88 94 95 93 92 94 92 90 91 92 88 86 87 90 92 96 99 102 104 103 100 96 93 91 88 84 84 83 83 86 90 92 92 93 94 93 87 80
117 116 114 110 109 106 104 103 101 98 99 99 100 102 105 108 109 108 108 108 107 110 111 109 107 102 98 94 89 86 83 79 76 75 74 72 72 73 75 79 86 94 101 105 106 93 62 38 32 32 38 38 29 33 34 28 28 32 31 27 26 27 29 31 26 25 30 26 30 47 45 33 34 55 86 93 88 82 77 74 74 76 77 80 81 83 85 88 88 89 92 94 93 93 96 99 99 101 103 105 107 108 105 102 99 96 93 91 92 92 92 95 99 103 102 102 100 96 89 84
118 118 116 115 115 114 113 111 108 105 105 104 103 104 106 108 109 110 111 111 112 112 111 108 102 98 94 91 88 84 80 77 76 76 74 72 74 76 80 87 94 98 101 104 105 75 43 38 31 35 47 35 43 65 74 74 58 50 49 46 48 49 54 64 62 61 65 50 32 46 32 32 39 67 90 92 91 88 82 75 71 71 73 75 76 77 78 80 82 86 89 93 96 98 103 106 106 109 112 112 111 110 109 106 103 100 99 97 97 98 99 102 104 108 110 108 105 100 94 90
118 119 119 119 120 119 119 117 114 112 110 107 105 104 104 105 105 105 105 105 104 103 101 98 93 91 90 88 86 83 81 80 77 76 76 76 78 81 86 95 100 100 103 106 102 63 31 34 34 39 57 29 50 73 80 85 83 84 88 91 93 90 88 89 88 74 71 62 39 52 39 34 33 39 74 93 93 93 89 82 75 71 72 73 74 76 76 77 79 82 85 87 90 93 95 99 103 108 111 110 108 108 108 106 104 103 102 101 101 100 103 106 107 110 113 111 109 106 100 95
122 124 124 124 124 124 123 121 117 116 114 110 107 104 102 102 101 100 98 97 96 94 92 89 88 87 87 86 84 82 81 80 78 77 78 80 85 89 94 102 103 104 108 108 100 68 37 28 39 64 51 35 64 80 83 87 92 97 102 102 100 96 90 87 85 71 67 76 47 40 52 40 30 26 63 94 97 99 97 91 82 76 75 74 74 76 77 78 79 80 81 83 85 88 90 93 96 99 100 100 100 100 101 102 102 103 102 103 103 103 105 110 112 111 113 114 113 111 106 100
126 126 126 126 127 126 125 122 120 119 116 113 109 105 101 99 97 95 93 93 92 89 86 85 85 85 83 82 81 80 80 80 79 80 82 86 93 98 102 108 110 112 111 108 108 93 71 49 41 68 36 51 79 87 90 94 99 107 110 105 101 99 93 87 86 79 70 80 57 31 61 50 29 34 75 98 102 107 106 101 92 84 81 80 77 77 78 79 79 78 79 80 81 83 86 89 91 94 95 95 96 97 97 99 101 103 103 104 106 109 111 115 117 117 118 119 118 115 109 104
128 127 126 127 129 128 126 125 123 121 118 113 109 105 102 99 96 94 93 92 88 85 83 82 81 80 79 79 79 81 81 80 80 83 87 93 100 105 108 112 115 116 113 108 112 106 94 86 68 67 36 70 90 87 88 98 109 122 128 120 114 112 104 94 88 83 76 79 79 40 55 60 55 69 95 104 106 113 114 111 103 94 89 86 82 79 78 78 78 77 77 78 78 79 81 83 85 87 88 90 92 93 93 96 99 102 104 108 111 113 116 119 121 122 122 123 121 117 112 106
130 129 128 128 129 129 128 126 124 122 117 112 109 105 103 101 98 96 94 92 87 85 84 82 80 79 80 81 84 86 84 82 84 90 95 101 107 111 114 116 118 118 116 110 104 97 99 102 87 47 46 87 91 80 84 99 116 136 145 138 132 130 120 104 91 82 77 77 95 58 39 76 86 88 94 101 108 114 117 117 112 105 99 92 88 85 82 82 81 81 81 82 81 82 82 83 83 84 86 89 91 92 94 96 100 103 106 110 113 116 119 121 123 124 125 126 123 119 114 108
132 132 131 129 129 129 127 125 123 120 116 111 110 108 104 102 99 97 95 93 90 89 89 87 84 84 84 85 87 88 88 88 93 99 104 109 113 116 117 118 119 120 120 117 106 99 101 101 72 26 50 86 80 74 83 104 124 147 158 154 149 148 138 118 94 79 74 74 85 63 26 62 97 92 93 101 111 116 118 119 116 113 109 100 94 90 88 87 87 87 88 88 88 88 88 87 86 86 87 91 94 96 97 100 103 106 109 112 115 118 121 123 124 125 128 129 126 122 117 110
131 134 135 132 130 128 125 124 121 118 114 112 111 110 107 103 101 97 95 94 94 94 94 91 88 87 88 88 90 91 92 95 101 107 110 115 118 118 119 120 121 121 121 122 118 109 103 91 39 23 63 83 71 73 89 115 137 159 169 166 163 164 156 134 103 83 73 73 77 72 34 31 83 103 96 105 113 117 118 119 117 113 112 107 102 98 94 92 90 90 91 91 91 91 92 92 92 91 92 94 97 100 101 103 106 108 111 113 116 118 121 124 126 128 131 131 128 123 118 113
131 135 137 134 132 128 125 124 121 116 114 112 111 110 108 106 103 99 97 97 98 97 96 93 91 91 92 93 95 96 97 101 108 113 117 120 121 120 120 120 120 119 116 121 122 115 98 55 23 55 85 78 70 83 103 129 150 170 178 174 173 176 170 149 118 96 78 76 80 84 66 27 47 99 104 107 115 117 118 120 119 117 116 114 112 107 101 97 93 91 91 91 91 91 92 94 95 95 97 99 100 101 103 105 108 109 110 112 114 117 120 122 126 130 132 132 128 124 119 115
128 133 136 135 133 130 127 124 120 117 115 114 111 109 108 108 105 103 102 101 100 99 97 96 96 97 99 100 102 103 104 108 114 117 119 120 119 118 117 118 116 110 106 114 121 108 69 40 71 93 86 73 78 96 117 139 159 177 182 178 178 180 175 160 136 114 91 81 83 90 96 73 38 69 124 115 115 117 117 119 119 119 119 119 118 114 110 104 99 95 94 93 93 93 93 94 96 97 98 100 101 101 102 104 106 108 109 111 113 116 121 124 127 131 131 130 129 124 117 109
110 119 125 128 131 131 129 127 124 122 119 117 113 110 109 109 107 106 105 104 102 102 102 101 102 104 105 106 109 110 112 116 119 119 118 117 115 114 114 116 114 106 104 115 106 63 52 91 108 98 83 81 93 112 130 147 164 179 181 177 177 178 174 165 146 126 103 85 83 90 102 111 89 53 83 121 114 111 114 117 120 121 119 119 120 118 116 111 105 101 99 99 98 97 95 95 96 97 99 101 102 102 102 104 106 108 109 112 115 117 120 124 127 128 130 128 124 115 96 74
74 79 87 100 108 113 117 120 122 123 122 120 116 113 111 110 109 108 106 104 103 105 106 106 106 108 109 112 115 116 116 118 119 118 116 115 114 114 115 114 110 104 103 95 60 55 96 115 104 93 87 92 107 123 134 148 165 182 181 173 173 176 174 167 150 132 115 94 86 91 98 107 113 88 57 72 100 109 110 112 116 118 115 116 118 118 116 114 112 107 104 103 100 99 98 97 96 97 99 100 101 100 100 102 105 107 110 114 119 120 124 126 121 115 116 102 82 63 52 58
76 66 65 80 81 81 84 88 93 97 101 104 103 105 111 112 110 110 109 108 108 111 112 111 112 113 115 116 116 114 115 118 118 115 112 111 106 98 89 77 67 60 58 58 68 100 111 104 101 95 95 104 117 127 133 146 166 184 182 172 172 175 172 167 155 138 125 108 97 96 96 99 106 112 92 56 59 88 90 95 104 111 110 112 114 114 113 114 115 113 109 106 103 102 102 102 99 97 98 99 99 99 100 102 106 110 115 120 118 113 106 96 82 69 59 48 47 59 90 112
103 97 95 85 79 73 70 71 70 68 68 67 69 73 85 90 94 95 96 96 96 99 99 97 95 94 92 88 80 77 86 90 83 77 72 65 57 52 50 49 59 73 83 88 108 110 105 103 101 101 105 114 123 129 134 147 167 184 184 173 172 173 166 162 153 139 130 120 111 104 98 101 106 112 111 100 80 60 53 53 58 69 81 93 100 104 106 109 111 111 110 108 107 107 107 107 103 100 101 102 104 104 104 105 103 97 88 77 63 66 57 50 54 60 53 76 101 115 120 120
129 129 119 102 96 91 89 85 80 73 69 67 67 64 51 50 60 60 59 60 61 62 59 57 56 55 54 53 53 58 58 51 53 57 63 67 77 85 91 95 98 102 108 111 108 106 104 104 105 109 116 121 126 130 135 148 167 184 185 175 173 174 168 161 149 138 131 126 120 112 106 109 114 114 113 114 113 107 102 92 71 54 51 49 51 54 57 60 61 61 62 64 68 71 74 74 80 88 86 82 79 75 68 63 55 47 40 39 47 55 66 74 89 104 118 119 116 116 116 118
125 122 122 122 123 121 119 114 109 105 103 102 100 98 88 76 68 65 66 67 68 71 72 75 79 83 86 90 95 88 84 83 89 96 102 107 111 110 109 107 104 104 106 107 107 104 104 105 110 115 120 123 126 130 136 151 169 183 182 174 174 177 171 162 149 138 131 128 124 119 113 114 115 114 115 115 115 115 112 110 107 105 96 87 83 77 72 66 62 57 55 51 49 50 50 50 53 49 47 45 44 45 48 54 64 74 83 90 102 101 109 114 115 115 116 115 116 115 116 115
121 119 119 122 124 124 124 123 122 123 123 122 121 119 117 116 106 104 106 110 111 113 113 115 118 120 120 119 115 112 113 111 111 110 108 106 105 104 104 103 103 104 106 107 106 106 105 107 113 119 122 123 126 130 137 151 168 182 177 173 174 176 171 164 152 139 133 131 128 124 118 115 114 112 115 117 116 115 113 111 112 112 112 114 114 112 112 112 111 110 109 108 107 109 108 108 93 79 80 83 85 87 92 98 107 115 118 116 113 112 112 110 110 112 113 116 118 117 115 114
121 120 121 123 125 126 125 123 122 123 123 123 124 124 122 120 119 118 118 121 121 119 116 117 120 120 118 114 111 113 113 110 108 108 107 105 105 105 104 103 103 104 105 106 106 107 108 111 117 122 123 123 127 130 137 152 168 183 179 172 173 174 171 166 155 140 133 131 128 126 123 117 113 112 114 114 114 116 117 115 112 110 109 109 110 112 113 116 118 119 118 118 119 120 118 117 118 119 119 118 117 115 112 110 111 110 110 110 110 111 112 113 113 114 117 120 120 118 116 115
125 124 124 125 127 128 128 126 125 126 126 127 128 127 124 123 121 119 119 121 120 120 118 118 120 119 119 117 116 114 115 114 110 109 108 106 105 103 103 102 102 103 104 105 106 108 111 114 118 121 123 125 129 132 140 155 168 183 180 171 172 173 169 166 157 143 133 131 127 126 125 120 114 114 113 110 110 113 116 115 114 112 112 112 114 115 115 117 118 118 119 118 119 120 117 114 115 114 113 114 115 113 111 111 112 112 111 112 114 114 115 118 120 120 120 121 120 118 117 116
127 127 126 127 129 131 131 130 128 128 130 131 132 130 128 128 126 125 124 125 123 124 126 125 123 124 123 123 121 118 116 116 113 110 109 108 104 101 99 97 100 102 103 105 107 110 113 115 118 120 124 127 131 133 143 158 170 184 182 172 172 174 169 163 157 145 136 132 128 126 126 123 118 116 111 107 106 108 111 114 114 115 115 117 119 118 118 120 121 121 121 121 122 123 123 120 118 118 118 117 118 117 115 115 116 117 117 118 119 119 120 122 124 124 123 122 120 118 117 117
128 128 128 130 132 134 134 132 131 131 133 136 136 135 133 133 131 129 130 132 130 131 132 129 127 127 127 125 124 121 119 118 115 113 110 108 103 98 95 93 96 98 101 104 108 111 113 115 118 120 124 128 131 135 146 161 171 181 182 175 175 176 170 163 155 145 136 132 128 125 124 123 121 117 110 107 105 104 106 111 114 116 118 119 121 122 121 123 125 124 124 126 128 128 128 126 123 122 121 121 122 122 121 121 122 123 124 124 124 124 124 125 125 125 125 123 121 120 119 119
128 130 131 133 135 135 135 133 132 133 136 140 140 139 138 139 137 134 136 138 137 137 137 135 132 129 127 125 125 124 122 120 118 116 112 107 103 98 95 92 91 93 98 103 107 111 113 115 118 119 122 126 131 136 148 163 173 181 180 174 174 174 170 164 154 143 137 133 128 125 122 121 121 117 111 108 105 103 104 108 113 116 118 121 123 125 125 127 129 130 130 131 133 135 135 133 131 129 128 128 129 130 130 129 129 130 129 129 128 128 128 127 125 125 123 122 120 119 119 118
131 133 135 136 137 136 134 135 134 135 138 140 141 141 141 143 142 141 142 144 142 144 143 141 138 133 131 129 128 127 124 121 118 115 110 105 101 97 95 91 89 92 97 101 106 110 113 113 115 114 118 127 133 139 147 162 172 180 178 172 171 172 169 163 151 142 138 134 130 127 124 121 119 116 111 107 103 100 100 104 110 115 118 121 124 127 128 129 131 133 134 134 135 138 139 137 135 133 135 136 136 137 137 136 135 136 134 132 130 129 129 129 128 126 124 122 120 120 119 118
134 136 137 138 138 135 135 139 140 141 141 142 145 145 143 145 146 147 148 148 145 147 146 144 141 138 137 135 133 130 126 120 114 112 107 102 98 95 92 90 90 94 99 102 104 109 111 111 108 107 118 130 136 143 151 165 175 180 179 173 173 175 170 163 151 143 139 136 132 129 126 120 116 113 110 107 103 99 97 99 106 112 116 120 123 125 128 129 131 135 137 136 136 138 140 140 139 138 140 143 143 143 142 139 137 137 135 134 133 130 130 131 132 130 126 123 121 121 119 116
134 137 137 137 137 136 140 145 146 148 147 148 150 150 149 149 149 150 151 149 146 147 147 146 144 142 142 138 135 131 127 119 112 111 107 101 97 93 90 90 92 95 99 102 106 110 112 110 107 110 124 132 137 147 158 170 179 181 177 172 176 178 172 164 154 146 140 137 131 128 125 120 115 111 111 109 102 97 96 97 102 108 113 119 122 123 126 128 132 136 139 140 140 141 142 142 141 141 141 141 143 144 143 141 139 136 133 133 134 133 132 131 132 130 126 123 122 121 118 113
135 136 135 136 138 140 145 148 150 151 153 155 155 153 154 154 153 153 153 151 148 148 147 147 145 143 141 137 132 130 126 119 114 111 105 100 96 92 88 89 93 95 98 104 109 113 113 111 113 120 128 134 142 154 165 173 180 181 175 171 176 178 172 166 158 149 140 136 130 126 124 121 116 114 116 114 104 98 97 95 98 105 111 116 119 122 125 128 132 135 140 144 145 144 142 143 141 141 139 134 135 139 141 142 141 138 134 133 136 136 133 130 129 128 126 124 121 118 114 111
134 135 135 136 137 140 145 147 148 151 154 155 155 154 154 154 153 153 153 150 145 145 145 144 143 140 138 134 129 126 123 119 114 109 102 97 93 88 85 89 95 97 103 110 113 115 112 111 116 123 130 139 149 159 169 176 182 181 173 168 173 176 171 166 162 154 144 137 129 126 125 123 120 119 121 120 111 101 96 93 94 100 106 111 115 119 123 127 130 133 137 140 140 141 139 140 140 138 137 132 132 136 141 143 143 141 138 136 136 136 133 129 128 128 126 122 117 114 113 112
134 136 136 136 137 139 143 145 147 150 151 151 153 153 152 151 150 149 148 144 140 143 144 143 141 139 138 134 129 123 120 115 110 105 99 95 90 86 84 89 96 100 108 115 115 113 111 111 117 123 132 141 151 161 171 180 184 181 172 165 170 176 172 168 165 159 150 139 128 126 126 123 122 121 121 122 117 105 94 91 91 94 101 107 112 116 121 126 129 132 137 137 136 138 138 139 138 136 135 135 136 139 143 143 142 141 139 137 135 132 130 129 129 128 124 118 113 112 112 111
134 137 138 136 137 140 144 146 148 149 149 150 152 152 152 150 147 147 146 143 143 145 144 141 138 137 136 133 128 122 117 112 106 101 98 94 89 85 85 90 96 104 110 114 114 112 111 111 117 123 131 139 151 163 174 182 186 185 172 162 167 174 172 170 167 162 151 139 128 125 126 125 123 120 118 121 120 111 97 89 89 90 96 103 109 114 118 123 127 131 134 133 133 136 139 139 137 136 137 138 140 142 143 142 140 138 136 136 135 131 129 129 129 128 123 117 114 114 112 110
134 137 139 138 138 142 146 148 150 149 149 149 149 150 153 150 147 147 147 147 147 145 142 139 136 135 134 131 127 120 113 108 102 99 96 93 88 85 85 89 97 107 112 114 112 110 111 112 117 122 129 141 155 165 177 185 184 180 169 161 165 171 173 172 168 165 155 142 130 124 127 126 121 116 114 118 122 116 101 88 85 87 91 97 103 110 116 121 126 130 132 132 132 135 137 137 136 135 137 138 139 141 141 139 137 136 135 134 133 131 130 128 126 125 122 118 116 114 110 108
133 136 138 139 140 143 146 149 150 149 149 149 150 150 151 151 150 149 148 149 146 142 140 138 135 134 133 130 125 117 111 106 101 98 94 90 87 86 87 89 98 110 113 113 110 107 109 110 114 119 129 145 160 166 175 181 177 172 165 162 164 167 174 175 172 171 166 152 134 125 126 128 123 114 113 117 120 119 106 89 81 85 89 93 98 106 113 117 120 124 129 131 133 135 134 134 134 134 136 137 138 138 137 134 133 133 134 133 131 130 129 127 123 121 119 116 114 112 108 104
131 134 136 138 140 143 146 149 149 149 150 151 152 151 150 150 151 151 151 149 142 139 139 138 136 134 131 126 121 114 109 105 100 96 92 89 88 88 88 92 102 110 112 110 107 105 106 108 111 118 129 146 162 169 170 169 166 163 160 159 160 163 173 177 174 173 169 152 134 125 124 127 123 115 113 116 118 116 106 88 80 83 87 90 94 102 110 116 119 123 127 130 132 133 132 131 132 135 137 137 136 137 135 132 130 130 130 129 129 130 128 126 122 120 117 113 111 110 106 101
130 132 133 135 137 141 145 147 148 149 149 150 151 150 149 149 150 151 151 148 141 138 139 137 134 132 129 125 120 112 108 104 98 93 91 89 89 90 90 93 102 108 108 107 102 100 101 105 107 116 126 142 158 166 163 158 155 152 151 153 154 157 166 171 170 166 156 137 124 120 118 119 116 112 111 112 113 110 100 86 79 82 86 89 93 100 107 113 119 122 125 127 128 130 130 130 131 133 134 134 135 137 136 133 131 131 129 127 125 125 125 124 121 119 116 112 109 108 107 104
129 130 131 133 136 139 141 143 146 147 148 149 149 148 149 148 148 148 147 144 142 141 139 137 134 131 129 124 119 112 107 103 98 93 91 91 92 93 92 92 98 102 102 100 96 93 95 99 101 107 118 128 140 151 152 150 149 147 146 147 146 147 151 154 154 146 136 122 114 112 110 110 108 105 105 105 106 104 96 85 82 83 86 89 93 99 104 109 114 118 121 123 126 128 130 130 130 130 131 132 134 135 133 131 131 130 127 124 123 121 121 121 119 116 113 110 109 109 107 104
127 130 131 132 134 135 135 137 141 144 147 148 148 147 147 148 147 144 143 142 143 143 140 138 134 131 128 123 117 112 108 104 99 95 94 95 97 96 94 91 93 96 95 91 86 83 84 92 97 98 107 116 123 131 135 138 140 142 143 141 139 137 137 136 135 129 120 112 106 103 100 98 96 96 95 96 97 98 91 85 86 89 91 93 95 99 104 109 113 117 120 122 125 128 130 129 129 129 130 131 131 130 129 129 129 128 125 123 123 121 119 118 115 112 109 109 108 107 104 102
125 128 129 130 131 132 131 133 138 143 146 147 147 146 146 147 147 143 140 140 142 142 140 137 133 131 127 121 116 112 109 105 101 98 97 100 103 102 98 92 90 90 88 83 76 67 63 73 86 92 98 104 110 117 122 125 130 133 135 135 132 130 127 125 122 117 108 100 95 92 86 82 82 82 83 85 89 90 88 87 90 95 97 98 98 101 105 110 114 117 119 121 124 127 128 126 126 128 130 131 129 127 128 129 130 128 126 124 123 121 118 115 112 110 109 107 106 104 101 98
122 125 128 128 130 131 131 133 137 142 145 145 144 144 144 146 146 142 139 140 141 141 140 137 133 130 127 122 118 113 110 107 104 102 103 107 110 110 106 98 93 89 83 76 67 57 45 41 59 80 91 95 101 108 112 117 120 123 125 125 122 120 117 115 111 104 96 89 81 71 58 53 57 64 70 74 80 84 89 94 97 103 106 106 104 105 108 113 116 119 121 123 125 127 127 126 126 128 130 128 127 126 128 129 129 129 127 124 121 119 116 112 110 109 109 107 105 103 100 96
122 124 127 128 129 131 131 133 137 140 141 141 142 143 144 145 145 143 142 142 142 142 140 137 133 131 127 123 120 116 112 110 108 108 111 116 118 116 111 105 100 94 84 73 63 56 49 42 50 71 84 88 92 96 100 104 107 109 109 109 109 107 104 101 98 92 84 76 68 56 43 38 43 53 62 70 80 88 95 102 108 113 116 115 112 110 112 115 118 119 122 125 126 126 126 128 131 133 130 124 122 123 125 126 126 127 126 123 120 118 116 112 109 108 107 105 104 103 99 95
121 123 125 126 127 128 130 132 134 136 137 138 139 141 144 144 144 143 143 142 141 140 138 137 134 132 128 124 122 120 117 115 114 116 120 124 123 121 117 113 108 102 93 82 72 64 59 56 58 69 77 81 81 83 83 87 90 91 91 92 91 91 89 88 85 79 71 66 63 60 55 52 52 58 67 78 92 101 105 111 118 122 124 124 119 116 116 118 119 120 122 124 127 128 129 132 134 134 129 123 119 119 119 122 124 123 120 118 117 117 114 111 107 105 105 104 104 102 98 94
120 122 124 125 126 126 129 131 132 133 135 136 137 139 142 143 142 142 142 140 138 138 138 137 134 132 128 126 126 124 122 119 120 123 127 129 127 125 124 120 115 111 105 97 89 83 76 71 73 79 80 80 80 75 72 73 73 74 75 76 77 78 78 78 78 73 69 72 73 68 65 65 67 73 84 95 107 113 114 118 124 128 130 130 126 121 119 119 120 121 122 124 127 128 129 130 130 129 128 125 120 117 117 120 123 121 117 115 116 115 112 107 102 100 102 104 103 100 96 92
119 121 123 125 125 126 128 130 130 131 133 133 134 136 139 140 139 139 138 137 136 137 138 137 134 131 129 128 128 127 125 123 126 131 134 134 132 130 127 124 121 119 115 109 104 100 94 88 88 92 90 89 90 84 78 71 68 67 67 68 70 73 74 75 75 75 80 87 85 79 80 82 86 94 102 109 117 121 122 125 129 132 133 134 132 127 122 120 122 123 124 125 127 127 128 129 128 128 129 126 122 121 120 121 121 121 119 117 116 114 109 104 102 101 102 103 101 98 94 92
119 121 123 123 124 125 127 129 130 130 130 130 131 134 135 136 136 135 135 135 136 136 137 135 132 129 127 127 128 127 125 126 132 136 137 137 135 133 129 126 126 125 121 116 111 107 104 100 100 101 100 101 103 100 94 82 75 71 68 69 72 76 81 82 85 89 96 101 97 92 95 97 102 107 112 116 120 125 128 131 134 136 137 137 136 132 127 123 123 125 125 126 127 127 129 130 130 130 130 128 126 124 122 121 120 119 117 115 114 112 108 107 106 104 103 101 99 97 94 92
119 120 121 121 123 125 127 128 129 129 129 129 131 133 132 131 132 133 134 135 135 135 135 133 129 126 126 127 127 126 126 129 135 137 137 137 136 134 132 129 128 125 122 118 113 109 107 106 106 106 106 110 113 112 108 96 88 81 77 78 81 87 94 95 99 104 108 111 108 106 108 107 111 114 117 120 124 128 131 134 137 139 139 139 138 136 132 126 124 125 125 127 127 128 128 128 129 130 129 130 128 125 122 122 121 118 113 112 114 112 109 105 103 103 102 99 97 95 92 90
117 118 119 121 123 126 126 127 128 127 127 128 130 132 131 130 131 133 134 135 134 134 134 132 128 127 128 128 128 127 129 133 137 138 138 137 136 136 135 133 129 125 122 118 115 113 111 109 109 111 112 117 121 123 120 108 100 94 91 91 95 101 108 111 112 115 117 117 115 113 115 114 116 120 123 125 128 131 133 136 138 139 140 141 140 139 136 129 126 126 126 127 128 127 127 127 129 128 128 128 127 125 123 123 121 116 112 113 114 112 109 104 101 101 101 98 96 94 91 88
117 119 120 122 124 126 126 127 126 125 125 126 128 131 132 132 133 133 133 134 133 132 132 130 129 130 130 128 128 128 131 136 139 139 138 136 136 137 137 134 129 125 121 118 118 118 115 112 111 114 118 123 127 128 127 118 111 107 106 107 111 117 123 125 123 122 122 122 121 120 120 120 120 124 127 129 131 133 135 137 139 139 140 142 142 141 138 132 127 125 125 125 127 127 128 128 128 128 127 127 125 124 124 124 122 119 116 116 115 112 109 106 104 103 101 98 96 93 90 87
117 119 120 122 124 125 126 126 126 125 125 127 129 131 133 133 133 133 132 132 130 128 128 129 129 131 130 128 128 131 133 137 139 138 137 136 136 137 136 133 129 126 123 121 121 121 118 114 112 115 121 128 131 132 132 128 124 121 119 122 126 130 133 132 130 130 128 127 127 126 126 125 124 125 128 130 131 133 136 139 140 140 141 142 142 141 138 133 127 125 124 123 124 125 127 127 127 127 128 127 125 125 126 125 123 120 119 117 114 111 109 107 105 103 100 98 95 92 89 87
116 118 119 121 122 123 124 125 126 127 128 128 128 130 132 133 133 132 132 131 128 125 126 128 130 129 128 127 130 134 136 138 139 138 137 136 135 135 133 131 129 128 126 126 125 123 121 117 116 118 125 132 135 136 136 135 133 130 127 129 134 138 139 136 134 135 133 131 131 131 130 128 126 126 129 131 132 133 136 139 141 140 141 141 140 138 136 133 129 125 123 122 122 123 124 125 125 126 128 127 127 127 127 125 122 119 117 115 111 109 108 106 104 101 98 96 94 91 88 88
115 116 118 120 121 122 123 124 126 127 127 126 126 127 130 130 130 129 128 127 125 124 125 128 129 128 127 128 132 136 137 138 138 137 135 133 133 132 131 130 130 130 129 129 126 124 124 123 122 123 128 134 138 142 142 139 139 135 130 130 136 141 141 138 137 137 135 132 131 131 132 131 130 130 131 131 131 132 135 138 141 140 139 138 137 137 135 133 131 127 124 122 122 122 123 124 125 125 126 127 128 127 126 124 120 117 115 113 111 109 107 105 102 98 96 95 93 90 89 90
113 115 117 119 120 121 122 123 125 125 124 123 124 125 126 126 125 124 124 124 123 124 126 127 127 126 127 130 134 137 137 137 136 134 131 129 130 130 130 131 131 131 131 129 126 126 128 129 127 128 131 135 140 145 143 140 139 136 131 130 134 138 140 139 138 138 135 132 130 132 134 133 133 133 133 132 130 131 133 136 139 139 139 137 137 137 136 135 132 128 126 123 123 122 122 123 124 124 125 127 127 126 124 120 116 115 115 115 113 110 108 105 101 97 95 94 92 91 90 90
111 113 115 116 118 119 120 121 122 123 122 122 122 123 123 123 122 123 123 124 125 126 128 128 127 126 128 132 136 138 137 137 134 131 128 126 127 128 129 130 130 130 131 130 129 130 131 130 128 129 131 136 142 146 143 139 137 134 131 130 132 135 138 140 140 138 134 131 130 132 134 133 132 132 132 131 130 131 133 133 134 135 136 137 136 136 136 135 132 128 125 124 124 123 123 123 123 124 125 126 126 125 122 118 115 115 116 114 112 109 106 103 100 97 95 94 93 92 91 90
109 111 114 115 115 117 119 120 121 122 122 121 121 121 120 120 121 123 124 126 126 127 128 128 126 127 130 134 137 137 137 135 132 128 125 124 125 126 127 128 128 128 129 130 130 131 131 129 127 128 130 134 141 145 141 139 137 134 131 132 133 135 136 139 140 138 134 131 129 130 132 132 131 131 131 131 131 131 132 132 131 130 131 133 134 134 135 135 133 128 125 124 124 125 124 123 123 124 125 125 125 124 123 120 118 117 116 114 111 108 105 102 99 97 95 93 93 93 92 91
106 108 112 114 115 118 119 119 120 121 121 121 121 121 120 119 121 124 125 126 126 126 126 125 126 127 130 134 135 135 135 132 129 126 125 124 124 125 127 127 127 127 127 127 128 129 130 128 125 124 126 129 138 141 137 137 136 134 131 132 133 134 136 139 140 137 131 127 127 127 129 128 127 128 129 130 130 130 130 130 129 128 127 128 129 130 130 130 130 127 124 123 124 125 125 123 123 123 123 124 124 124 123 121 119 118 116 113 110 107 104 101 98 95 93 92 93 93 92 90
104 107 111 113 116 118 118 119 119 119 119 120 121 121 120 119 121 124 125 126 126 125 124 124 125 127 129 132 133 132 131 129 127 125 124 123 123 123 124 124 124 124 124 124 124 125 127 126 122 119 119 119 127 132 132 133 133 131 130 130 128 128 132 136 135 129 126 125 123 124 126 126 123 124 126 128 129 128 128 128 128 127 125 124 124 124 124 124 125 125 123 122 122 123 124 123 122 121 121 121 122 122 121 120 118 117 115 111 108 105 103 100 96 92 91 92 94 94 92 87
104 107 111 113 115 116 116 116 117 117 118 118 118 118 118 119 121 123 124 125 125 123 122 123 124 125 127 129 129 127 126 125 124 123 122 121 120 120 120 120 121 122 123 123 121 122 124 123 118 115 112 108 108 113 118 121 122 126 129 129 123 117 118 123 121 114 115 117 118 123 126 126 124 123 124 125 125 125 124 124 125 124 123 121 120 119 118 117 119 121 121 120 121 121 122 123 122 121 120 120 120 121 121 120 118 117 114 110 107 104 101 97 93 90 89 92 94 94 90 83
103 106 110 112 113 114 114 114 114 116 115 115 115 117 118 119 120 122 124 125 124 122 122 122 121 123 126 126 124 122 121 121 121 120 120 118 117 116 115 116 117 119 120 119 116 114 115 112 107 104 100 94 90 91 96 101 105 116 124 122 111 102 100 104 100 95 98 100 107 116 121 124 123 122 122 122 121 119 119 119 119 119 119 118 116 114 113 113 115 117 119 119 120 121 122 123 123 122 121 121 121 122 123 121 119 116 113 109 105 102 99 95 91 88 89 92 94 92 86 80
102 105 108 110 111 112 112 112 113 114 114 114 116 119 119 120 121 123 124 124 122 120 120 118 119 123 124 122 120 117 117 117 117 117 117 115 113 112 111 112 113 114 114 111 105 99 98 95 89 87 84 81 78 79 81 86 91 100 109 105 93 85 84 85 82 80 81 82 89 97 104 110 113 114 116 117 118 115 113 113 113 112 114 114 112 109 108 108 111 114 117 119 120 121 122 122 122 122 121 121 122 123 122 120 117 115 112 107 102 100 98 94 91 88 90 92 92 88 82 76
100 103 106 108 110 110 111 111 112 113 114 115 118 120 120 121 123 124 124 123 121 118 116 115 119 121 120 117 116 114 113 113 113 113 112 110 109 108 108 107 104 101 99 93 87 80 80 79 76 76 75 74 73 73 74 76 77 85 94 91 81 75 73 73 72 71 71 71 74 77 80 85 90 96 102 109 113 111 108 106 107 107 109 109 108 107 105 105 109 113 116 119 119 120 121 122 121 121 121 122 122 122 121 118 115 113 109 104 101 98 96 93 91 90 92 92 89 84 79 73
97 100 103 105 108 108 109 111 112 113 115 116 118 119 119 121 124 125 124 123 120 115 113 114 119 119 117 115 113 111 110 109 109 108 105 104 102 102 101 96 88 81 77 72 69 67 70 72 72 72 73 73 73 74 77 76 74 79 87 84 76 72 71 71 72 73 73 72 70 67 65 65 68 73 80 89 96 97 97 97 98 99 101 103 104 104 103 103 107 112 117 120 120 120 121 122 121 121 122 123 123 122 120 117 113 110 106 102 100 98 96 94 92 92 93 91 86 81 76 71
94 97 100 102 105 106 108 110 112 113 115 115 116 117 119 122 124 126 125 123 119 113 112 116 118 117 115 113 110 107 108 107 105 102 98 95 93 90 86 77 68 63 61 60 61 62 66 68 70 71 71 71 70 73 77 76 75 79 84 80 74 72 73 75 76 76 74 71 69 65 62 59 58 58 59 63 69 73 76 80 85 85 90 92 94 97 100 102 106 111 117 120 121 120 121 123 123 122 122 123 122 120 117 114 111 108 105 101 99 98 96 94 93 93 91 88 83 77 73 66
91 94 97 99 102 104 106 108 110 112 113 113 115 117 120 123 125 126 125 123 119 114 113 116 117 115 114 110 106 103 103 100 97 92 86 81 76 70 63 56 52 52 53 56 59 60 61 62 67 69 70 67 66 66 67 70 72 76 79 75 72 72 72 73 70 68 66 64 63 61 60 58 54 53 51 50 51 53 54 59 66 69 75 79 83 88 93 98 104 110 115 119 120 121 121 123 124 123 122 122 120 117 115 112 109 106 104 101 99 97 96 94 92 91 89 85 80 75 70 57
88 91 94 96 98 101 103 105 106 107 109 111 114 117 121 122 124 125 125 123 120 116 115 117 116 114 112 107 102 97 93 88 83 76 70 64 57 52 49 50 53 54 55 58 61 63 62 61 64 67 68 67 65 63 63 65 68 70 71 69 69 69 66 64 63 62 64 64 63 62 62 60 58 57 56 55 53 50 51 53 57 61 65 69 74 78 84 90 99 106 113 117 119 120 121 123 123 123 122 121 118 115 113 110 107 104 102 100 98 97 95 93 91 89 86 81 76 73 63 46
83 86 90 92 95 97 98 100 99 100 103 107 111 115 118 121 123 125 125 124 121 118 116 117 116 113 108 101 94 88 82 75 70 66 62 60 57 55 57 61 66 68 67 69 72 74 74 73 77 80 83 83 79 74 71 67 65 65 65 65 67 68 68 68 70 74 77 78 75 72 73 72 70 70 70 69 67 65 67 67 67 68 68 70 73 76 80 84 92 100 108 113 117 118 120 122 123 122 121 120 117 114 110 107 105 102 99 98 96 95 93 91 89 87 83 79 73 68 53 35
78 82 86 88 91 93 94 95 94 94 98 102 107 111 115 119 122 124 125 124 122 118 117 116 114 109 102 93 86 81 76 72 71 72 74 78 78 75 73 73 75 77 78 78 81 82 82 85 89 93 97 99 97 92 86 78 74 71 69 71 74 78 84 86 88 93 94 93 89 85 84 83 82 80 79 79 79 80 82 83 82 82 81 82 82 84 85 87 92 98 104 110 114 117 119 121 122 121 120 119 116 112 108 105 102 99 97 95 94 93 91 89 86 84 80 75 70 60 43 29
74 77 82 84 87 89 90 90 90 91 94 99 103 107 111 116 119 120 121 122 120 118 116 115 110 103 96 92 89 87 84 85 87 90 91 93 90 85 79 77 78 79 79 79 81 81 81 85 89 95 100 103 105 103 99 93 91 87 86 89 91 96 100 100 101 101 99 96 93 90 88 87 86 85 85 84 84 86 89 91 91 92 93 94 95 96 97 97 99 102 105 109 112 115 117 120 121 121 119 117 113 109 106 102 99 96 94 92 92 91 89 86 83 81 77 72 65 50 33 24
72 75 78 80 83 85 87 87 87 89 93 97 101 104 109 113 116 117 118 119 119 117 115 111 106 101 98 99 99 97 96 98 100 100 98 97 94 89 83 82 82 82 82 80 80 81 81 83 87 93 97 100 104 104 101 99 98 95 96 99 100 102 103 103 102 100 97 95 93 90 89 89 90 90 89 88 88 89 91 93 96 98 99 100 102 102 103 104 106 107 108 109 110 112 115 118 119 119 116 113 109 106 103 100 96 94 92 90 89 88 86 83 80 77 73 68 56 39 26 23
69 71 74 76 79 82 84 84 85 87 91 95 99 102 106 110 113 114 115 117 117 115 111 108 105 103 103 104 105 104 105 106 106 105 103 102 98 92 87 86 85 83 83 82 82 82 83 84 86 90 93 95 98 98 96 96 97 96 99 100 99 99 98 97 97 96 94 92 91 90 89 91 92 91 89 88 89 91 92 94 97 99 101 103 104 105 105 105 107 108 108 108 109 110 112 114 115 115 111 107 104 102 100 96 93 91 89 86 85 84 82 80 77 75 72 63 45 29 24 23
67 69 70 73 75 77 79 80 82 85 88 91 93 97 102 106 108 110 112 113 112 110 108 106 104 103 103 104 105 107 108 109 108 107 106 103 99 95 92 91 88 85 83 83 84 85 86 86 87 88 90 91 92 92 91 93 94 95 95 95 93 91 89 90 91 90 89 88 89 88 88 90 90 89 87 88 90 90 91 93 96 99 101 103 106 106 105 105 106 106 105 106 107 109 110 110 110 108 105 102 99 98 96 92 89 88 85 83 82 80 79 77 74 72 64 47 29 25 23 22
58 65 68 69 70 72 74 75 78 80 83 85 87 91 96 100 103 105 106 106 105 104 103 102 101 101 101 102 103 105 107 108 108 107 106 103 99 96 94 92 90 86 83 83 84 86 87 87 85 85 84 84 84 85 85 87 89 90 90 89 86 83 81 83 84 84 83 83 85 84 84 86 87 87 86 86 85 86 88 91 94 97 101 103 105 106 106 105 105 105 105 105 105 106 105 104 104 102 100 97 95 93 90 87 85 84 81 80 79 78 77 75 72 67 50 33 24 25 22 23
44 59 66 67 67 68 69 70 73 76 77 79 81 85 89 94 97 99 100 99 98 98 98 98 98 98 98 99 101 102 104 106 105 105 103 100 96 93 89 87 85 84 83 81 81 81 83 83 81 79 78 77 76 75 75 78 81 83 83 81 77 73 72 74 76 76 76 75 77 77 77 79 81 82 81 79 79 81 84 88 92 96 99 102 104 105 105 105 105 105 104 103 103 102 101 100 99 98 96 93 91 88 86 84 82 80 79 78 78 77 77 75 69 58 37 27 23 24 23 25
31 47 61 65 66 67 67 66 68 70 71 73 75 79 83 87 90 92 93 94 94 94 95 96 97 97 97 97 98 99 101 102 101 100 99 95 92 88 83 79 76 75 76 75 74 73 75 75 73 71 69 69 67 65 64 67 69 71 71 68 65 63 63 66 67 67 67 66 67 68 68 70 72 73 73 75 77 80 83 87 91 93 96 98 101 102 102 103 103 102 102 101 100 99 98 98 97 96 93 90 88 85 83 81 80 79 79 79 79 78 76 72 60 45 27 24 24 24 25 26
24 34 50 61 66 66 67 65 65 66 67 69 71 74 77 81 83 85 87 89 90 93 94 96 96 96 96 95 95 96 96 95 95 96 95 92 88 84 79 74 72 70 69 68 65 63 64 64 62 61 60 59 59 57 57 58 60 62 62 61 59 57 58 59 60 59 59 59 60 61 62 65 68 70 72 75 78 82 84 87 90 91 93 95 98 99 101 101 101 101 101 101 100 100 99 98 97 95 92 88 85 82 81 80 80 80 79 80 79 78 74 66 49 32 23 24 25 24 25 26
22 25 34 50 62 66 67 66 65 65 64 66 67 69 72 75 77 79 82 85 88 92 95 96 97 96 96 94 93 92 91 89 89 89 89 87 85 81 77 75 73 71 68 65 62 60 59 58 57 57 57 58 59 60 61 61 62 65 67 67 66 66 66 65 65 65 65 66 65 65 68 71 73 76 78 80 83 85 87 88 89 90 91 93 96 98 101 102 104 105 106 106 106 104 101 98 97 95 91 87 83 81 80 80 80 81 80 80 77 76 68 54 36 24 23 24 24 24 25 25
24 24 24 35 51 61 66 67 67 66 66 66 67 69 71 73 75 77 80 84 88 91 93 95 97 97 97 95 92 90 88 86 84 84 84 84 82 79 77 77 77 76 73 71 70 68 66 65 67 70 73 76 78 81 83 81 83 85 87 87 88 90 90 87 87 87 86 85 82 79 81 82 84 85 86 87 89 89 89 89 89 90 92 94 97 100 103 106 110 111 112 111 110 109 105 101 98 94 89 85 83 81 80 81 81 81 81 78 75 72 58 41 26 21 23 24 24 26 26 24
23 23 22 24 34 49 61 65 66 67 67 67 68 70 72 74 77 80 83 87 90 93 95 98 99 99 98 96 93 90 87 84 82 81 81 81 80 78 77 79 80 80 79 79 80 81 80 83 88 93 98 101 103 105 107 105 105 107 110 111 112 114 114 111 112 112 110 107 101 96 94 93 92 93 94 95 95 94 94 94 94 96 97 100 103 106 109 112 114 115 115 114 114 112 108 103 98 92 88 84 82 81 81 81 83 83 80 77 73 63 46 30 21 22 23 25 26 27 26 23
24 23 22 21 22 34 49 60 65 67 67 68 68 69 72 75 80 83 87 91 95 99 102 103 104 103 101 98 95 92 88 84 82 81 81 81 80 80 81 83 85 85 85 87 91 94 96 101 108 115 119 121 122 124 125 122 122 124 127 128 128 130 131 128 128 128 125 123 117 110 107 102 99 99 100 101 102 102 103 103 103 105 106 109 112 114 115 117 118 118 118 117 116 112 108 102 97 92 87 83 82 81 82 83 84 83 78 74 68 53 36 23 20 22 24 25 27 27 24 22
24 24 22 21 21 22 33 47 60 66 68 68 68 69 71 74 78 83 88 91 96 100 104 107 108 108 106 104 100 95 91 87 85 84 84 84 84 84 85 87 88 89 90 95 99 104 108 114 122 128 131 132 131 130 131 131 133 135 135 135 136 138 138 136 135 133 131 128 124 119 114 108 104 103 105 106 108 110 112 112 112 113 115 118 119 119 120 120 120 119 118 116 114 111 107 102 97 91 86 82 81 81 83 85 83 80 76 70 59 42 27 21 21 23 25 26 26 25 22 21
23 23 22 21 21 20 23 31 46 59 67 68 68 69 70 72 75 79 85 91 94 98 102 106 110 111 111 110 108 103 98 93 91 90 89 88 89 89 89 90 91 92 94 99 103 108 114 121 128 133 134 132 130 128 129 131 134 135 134 135 136 137 137 136 135 132 129 126 123 119 115 110 107 108 110 112 114 115 116 117 117 120 121 122 122 122 121 120 118 117 116 115 114 110 106 101 95 89 85 82 81 82 83 83 80 77 72 63 49 35 24 21 22 23 25 26 25 23 20 19
23 23 22 21 22 21 20 22 32 47 60 67 68 68 69 70 72 75 82 87 91 95 100 105 109 111 112 113 113 110 106 101 98 95 93 92 92 94 95 95 95 96 98 102 105 109 116 122 128 132 131 128 125 123 125 128 130 130 130 131 133 134 134 134 133 130 128 126 123 119 116 113 113 114 116 117 119 119 119 120 121 122 122 122 122 121 120 118 116 115 114 113 111 107 102 97 92 87 84 82 82 82 82 81 77 74 66 55 42 31 23 21 22 23 25 25 23 22 20 19
23 23 22 21 22 21 20 20 23 33 48 60 66 67 68 69 70 72 77 83 88 94 98 103 106 108 111 112 112 111 109 106 103 100 98 98 99 101 102 102 101 102 104 106 109 111 115 120 124 124 122 120 119 118 120 123 123 123 124 126 129 130 129 129 129 129 128 125 121 118 115 115 117 119 120 122 122 122 122 122 122 122 121 120 119 118 117 115 114 112 111 109 106 101 95 90 87 83 82 82 83 83 81 78 74 69 60 50 39 30 23 21 23 24 25 24 22 21 20 19
23 23 22 21 22 21 21 21 20 24 33 48 58 66 68 68 69 70 73 77 83 90 95 98 101 104 107 108 109 110 110 109 107 106 106 106 108 109 110 109 108 108 108 110 111 112 113 115 118 117 115 115 116 115 116 117 117 117 118 121 124 123 121 123 125 127 124 120 118 117 115 116 120 124 126 126 126 126 124 123 122 121 119 117 116 115 114 112 110 108 107 103 99 92 88 85 82 82 83 84 84 83 79 73 68 63 56 46 35 27 22 22 24 24 23 22 20 20 19 19
23 23 22 21 22 22 21 22 20 22 23 32 44 59 65 67 69 69 70 72 78 84 89 93 96 100 103 104 107 109 109 109 110 110 111 112 113 114 114 113 112 112 112 112 113 112 112 113 115 114 112 112 112 111 111 112 113 114 114 115 117 116 115 118 119 120 117 116 116 117 116 117 122 127 129 130 129 128 125 123 120 118 115 114 112 112 111 109 107 105 102 97 92 86 83 82 81 82 83 84 82 79 74 68 64 60 53 43 32 25 23 24 24 23 22 20 20 19 19 19
23 23 22 21 21 22 21 21 20 21 21 24 32 50 58 64 66 67 67 68 72 77 82 88 92 96 99 102 106 108 109 110 111 112 113 114 116 116 116 115 115 113 112 112 112 110 110 111 112 111 109 107 108 108 108 108 108 108 107 108 111 111 111 112 112 113 114 115 115 116 118 120 123 128 130 131 130 128 125 122 118 114 111 110 110 110 109 107 104 101 97 92 86 82 80 80 80 81 81 80 78 74 68 64 64 61 50 40 31 26 25 25 24 23 21 20 20 19 19 19
23 23 23 21 21 21 21 21 20 21 22 23 29 46 57 61 63 65 65 65 66 72 78 84 88 92 96 100 104 107 109 109 110 112 114 116 118 119 118 117 116 113 110 107 105 103 104 105 104 103 101 99 100 103 102 100 99 98 97 98 102 104 105 107 107 110 113 114 115 118 120 121 124 127 130 130 129 127 124 120 116 111 109 108 108 108 106 103 100 96 92 87 82 79 78 79 80 80 79 76 73 68 65 67 67 58 47 37 30 26 25 25 24 22 21 20 19 19 19 19
23 23 23 22 21 21 21 21 20 21 22 23 27 43 61 63 58 61 65 64 64 67 72 78 83 86 90 95 101 104 106 107 109 111 113 116 118 119 118 117 115 112 108 104 102 100 99 99 98 98 95 94 97 98 97 94 91 90 89 91 94 99 101 104 106 109 111 113 116 118 119 119 122 124 126 127 128 126 123 119 115 111 110 109 108 106 103 100 96 91 87 82 79 77 77 78 78 78 75 71 67 66 70 71 62 53 42 34 28 26 24 23 22 21 21 20 19 19 19 19
23 23 23 22 21 21 21 21 20 20 21 22 23 36 60 71 66 60 60 63 64 64 65 71 77 80 83 89 97 101 104 107 110 112 113 115 116 117 116 115 113 110 106 103 100 97 95 94 94 94 91 91 94 94 91 88 86 86 86 87 91 95 99 101 103 105 108 110 114 115 114 114 117 120 123 125 125 124 122 118 114 112 110 109 107 104 101 96 91 87 82 78 76 75 76 76 75 74 70 66 68 73 74 68 57 48 39 32 27 26 23 23 21 21 20 20 19 19 19 19
22 23 23 23 22 22 22 22 20 19 20 21 22 31 54 73 79 74 62 60 62 64 63 66 70 75 79 86 93 99 103 107 110 112 113 113 114 114 114 113 111 108 104 101 97 93 90 90 90 89 87 87 89 89 88 87 86 86 86 86 89 92 95 98 100 102 105 107 108 109 108 109 113 117 120 122 123 122 119 116 113 110 108 106 105 101 97 92 87 82 78 75 74 74 73 73 72 69 66 68 76 79 72 65 55 45 36 31 26 26 23 22 21 21 20 19 19 19 19 19
22 23 23 23 22 22 22 22 20 19 19 20 21 28 48 69 81 86 80 68 61 61 63 63 65 70 75 82 89 96 101 105 108 111 111 111 112 112 111 111 110 108 105 101 96 91 87 86 84 83 82 82 83 84 87 88 87 86 84 85 85 87 91 95 98 100 102 102 102 101 102 106 110 113 116 118 119 118 116 113 109 106 105 103 100 96 91 87 82 77 74 72 72 72 71 69 66 64 71 80 82 78 70 62 52 42 34 30 27 25 23 22 21 21 20 19 19 19 19 19
21 23 23 23 22 22 22 22 21 19 19 20 21 26 43 64 76 84 90 84 72 63 60 60 61 64 68 75 84 91 96 99 103 106 108 109 109 108 108 108 107 107 105 102 97 91 85 83 81 80 78 77 78 82 86 86 85 84 84 84 85 88 92 95 97 98 99 98 98 98 100 103 107 109 112 114 115 114 112 109 107 103 101 98 95 90 86 81 76 73 71 70 70 69 66 64 65 72 83 86 81 75 69 60 48 40 32 30 28 24 22 22 20 21 20 19 19 19 19 19
20 22 23 23 22 22 22 22 21 20 20 20 21 24 38 60 75 81 87 90 88 78 67 60 58 58 61 68 75 83 89 92 96 100 103 105 105 104 104 105 105 105 104 103 100 95 90 87 84 80 77 76 78 82 84 85 85 86 87 87 88 90 93 95 96 96 96 95 95 96 98 100 102 104 107 108 109 108 107 104 102 99 97 93 89 84 79 73 70 69 68 68 66 63 63 67 76 85 87 84 79 74 67 55 43 38 33 30 28 23 22 22 20 21 20 19 19 19 19 19
20 21 23 23 22 21 22 22 22 21 20 20 21 23 32 54 72 79 83 88 92 91 84 71 61 57 56 60 66 74 82 87 91 94 97 100 100 100 101 101 101 102 103 103 102 100 97 94 90 85 81 80 82 83 85 87 91 93 93 91 90 90 91 93 94 94 92 89 89 91 94 97 98 100 101 102 102 101 99 98 96 94 91 87 81 75 70 67 66 66 66 64 61 64 72 81 87 89 85 82 79 73 63 50 41 38 33 31 27 23 22 21 20 21 21 20 20 20 20 20
20 21 22 22 22 21 22 22 22 21 20 20 21 23 30 49 67 77 83 87 91 93 94 88 78 66 59 56 58 64 72 78 82 87 91 93 94 95 95 96 95 96 98 100 102 101 99 95 91 88 85 84 84 85 87 90 94 96 96 93 90 89 89 91 90 88 86 84 85 87 90 92 93 93 93 93 93 92 90 89 87 85 82 76 71 67 64 64 64 63 61 60 67 80 87 90 89 87 84 82 78 69 56 46 41 39 34 31 26 23 22 21 21 21 21 20 20 20 20 20
22 20 20 21 22 22 22 22 22 22 21 20 20 22 28 47 66 76 83 87 89 92 95 94 90 81 72 62 54 57 63 69 74 79 82 85 87 89 90 90 90 90 91 94 97 98 97 94 92 89 86 86 87 88 90 92 93 92 91 88 86 85 85 86 85 84 83 82 82 83 84 85 85 85 85 85 84 82 81 80 78 75 72 67 64 62 62 62 61 60 63 72 82 90 91 90 89 87 84 82 75 63 50 45 44 39 34 31 24 23 22 20 21 21 21 20 20 20 20 20
24 20 20 21 22 22 23 22 22 22 21 20 19 21 27 44 63 74 82 86 90 92 94 94 93 92 89 80 66 55 54 59 65 71 74 78 80 82 84 85 85 85 85 87 91 93 93 92 91 88 85 84 86 86 87 89 89 85 82 79 78 77 77 79 79 79 78 77 79 79 79 79 78 78 77 76 75 73 71 69 67 65 62 60 59 59 58 59 62 68 77 87 91 92 92 91 88 87 85 80 68 57 48 47 45 38 33 29 23 23 22 20 21 21 21 20 20 20 20 20
26 22 19 20 21 22 23 23 23 23 22 21 19 20 26 39 57 70 78 84 89 92 93 92 93 94 96 92 84 71 59 54 54 58 63 68 71 73 76 79 81 83 83 84 86 87 89 89 88 86 83 82 81 80 81 83 81 77 73 70 69 69 69 71 71 71 71 73 75 77 76 75 74 72 71 70 68 65 63 60 59 58 57 57 55 56 61 68 76 83 88 91 92 92 92 91 89 87 85 73 57 50 48 49 45 36 31 26 23 21 21 21 21 21 21 20 20 20 20 20
26 25 20 20 20 21 22 22 23 24 23 21 19 20 23 35 51 66 76 82 87 90 92 92 93 93 94 94 93 88 77 68 60 56 54 55 58 63 66 69 72 76 79 80 81 82 84 84 84 84 81 78 75 74 75 75 74 71 68 65 64 63 62 63 63 63 65 67 70 72 71 70 68 66 65 62 60 57 54 53 53 53 54 55 58 67 76 83 86 89 91 92 93 93 93 92 91 89 80 64 53 52 52 50 44 35 30 26 23 21 21 21 21 21 21 20 20 20 20 20
24 27 22 20 20 20 21 22 23 24 23 21 20 19 21 30 46 62 73 79 85 89 93 95 95 95 95 96 96 94 89 86 79 69 63 58 55 55 55 58 61 66 70 72 73 74 77 78 78 78 76 73 70 68 68 68 67 65 62 60 58 56 55 56 56 56 58 60 62 63 62 61 59 57 56 54 52 51 50 52 54 55 59 67 75 83 87 88 89 89 92 93 94 94 94 94 92 86 72 58 53 55 55 50 42 34 29 25 23 21 21 21 21 21 21 20 20 20 20 20
21 26 25 21 20 20 20 21 22 23 23 22 20 19 19 26 41 57 70 77 84 89 94 96 98 98 97 97 98 98 95 93 90 86 80 73 67 64 61 58 57 56 56 59 60 63 67 68 68 68 67 64 62 59 59 59 58 56 55 53 52 51 51 51 51 51 52 54 54 54 53 52 52 51 51 51 53 56 59 62 64 68 75 82 87 89 89 88 89 91 93 95 96 96 96 95 90 79 65 56 56 57 56 49 40 33 28 25 23 21 21 21 21 20 20 20 20 20 20 19
19 23 27 23 20 19 20 20 22 23 23 22 21 21 19 24 37 54 67 74 80 86 92 95 97 98 98 97 98 99 98 96 95 93 88 83 78 75 72 69 68 63 60 58 57 56 57 57 57 57 56 55 54 53 53 52 52 51 50 49 49 49 49 50 50 50 51 51 51 50 51 52 54 57 60 63 67 70 71 71 74 79 85 88 89 89 89 89 91 94 96 98 98 98 97 92 85 71 61 57 59 59 55 48 39 33 27 25 23 22 22 21 21 20 20 20 20 20 19 19
17 20 27 26 21 19 19 20 21 22 23 22 21 21 19 22 33 48 62 70 76 82 89 93 95 97 97 97 98 99 100 99 98 97 94 90 85 81 78 77 76 74 71 69 67 65 62 60 60 58 57 56 55 55 54 53 52 52 52 52 53 55 55 54 55 56 58 59 58 59 62 65 67 70 72 73 73 73 73 77 82 86 88 89 89 89 90 92 95 98 100 100 99 98 95 87 78 68 60 60 61 60 55 47 37 31 27 25 23 22 22 21 21 21 21 20 20 20 19 19
18 18 25 28 24 20 19 20 21 22 22 22 22 21 20 25 34 47 60 69 76 81 86 90 94 96 97 97 98 99 100 100 100 99 97 95 92 87 83 80 77 75 74 75 75 75 72 71 69 67 66 65 65 65 63 62 62 62 62 63 64 65 65 64 65 66 68 70 71 72 74 75 75 75 75 74 73 76 80 84 88 90 90 90 91 92 94 97 100 102 102 101 100 96 91 83 73 67 61 61 62 61 54 45 35 29 27 25 22 22 22 22 22 21 21 20 20 20 19 19
18 18 21 27 26 22 20 20 21 22 22 22 22 21 21 24 32 44 56 66 73 78 83 88 92 94 96 97 98 99 100 100 99 99 98 97 95 92 89 86 83 79 76 76 75 75 75 74 73 73 73 72 71 70 69 68 68 68 68 69 70 70 70 70 71 72 73 74 74 75 76 76 77 77 76 77 79 83 87 89 91 91 91 92 93 96 99 102 103 103 102 101 99 94 87 78 70 65 61 62 63 59 49 41 33 28 26 25 22 22 23 22 22 22 21 20 20 20 19 19
