81 82 83 83 85 87 90 92 94 96 98 99 100 102 104 104 106 107 108 110 111 111 110 109 110 110 110 111 113 115 116 116 117 118 117 117 117 117 117 118 118 117 116 115 114 115 115 114 113 113 114 114 114 113 112 112 112 112 112 113 114 115 116 115 114 113 113 113 114 115 115 115 116 116 116 117 116 116 116 115 113 110 109 108 108 109 110 112 112 112 111 110 110 110 110 110 109 109 108 106 103 101 98 95 93 92 91 90 89 88 86 84 81 79 76 75 73 70 66 62
82 83 83 83 84 87 89 92 95 97 98 99 100 102 102 102 104 105 106 109 110 110 110 110 110 110 110 111 114 115 116 117 118 120 121 121 120 120 120 121 120 119 119 119 118 117 117 117 117 117 118 119 119 118 115 114 114 114 114 114 115 117 118 117 117 117 117 117 117 118 118 118 119 120 120 120 119 118 118 117 116 113 111 110 111 111 112 113 114 113 112 111 110 110 110 110 110 109 108 106 103 101 98 95 94 93 92 91 90 88 86 84 82 80 77 75 74 71 68 64
83 83 83 83 84 86 89 92 95 97 98 99 100 102 102 101 102 103 104 107 109 109 110 110 111 112 112 113 115 117 118 119 120 123 124 125 124 124 125 125 124 122 122 122 121 120 120 121 120 120 121 121 122 121 119 117 117 116 116 117 118 119 120 121 121 121 121 121 121 121 121 121 122 122 122 121 120 120 120 120 119 117 114 113 113 114 114 115 116 115 114 112 111 111 111 110 110 110 108 106 103 101 98 96 95 94 93 91 90 89 87 85 83 80 77 75 74 73 69 66
84 84 83 83 84 86 89 92 95 97 98 99 100 102 102 100 100 101 103 105 106 107 108 110 111 113 114 115 117 119 119 121 123 126 128 129 129 129 130 130 130 128 126 126 126 125 124 124 124 124 123 123 123 122 122 122 122 121 120 121 121 123 124 126 126 125 125 125 124 124 124 124 125 125 124 123 122 122 123 123 122 120 118 117 117 118 118 118 118 118 116 115 113 112 112 111 110 110 108 105 103 100 98 97 96 95 94 92 91 89 88 86 83 81 78 75 74 73 70 67
84 84 84 83 84 86 89 92 94 96 98 100 101 102 101 100 100 101 103 103 104 106 107 108 111 114 116 117 118 119 120 122 124 128 132 133 133 134 134 135 135 133 131 131 131 130 129 128 128 127 126 125 124 125 126 128 128 126 125 125 125 127 128 129 130 129 129 128 128 128 127 126 126 127 127 125 125 125 125 126 125 124 122 122 121 121 121 121 121 120 118 116 114 114 113 112 111 110 108 105 102 100 98 97 96 96 94 93 92 91 89 87 84 81 78 76 74 73 71 68
84 84 83 83 84 86 89 91 94 96 98 100 101 101 101 100 100 100 101 101 102 104 105 108 111 115 117 119 119 120 122 124 125 129 133 136 136 137 137 138 139 137 136 137 137 137 135 133 130 129 128 128 128 129 131 133 134 132 130 129 130 131 132 133 133 132 132 132 132 132 131 129 130 130 130 129 129 129 129 129 128 127 127 126 126 126 125 124 122 121 119 117 115 115 113 112 111 110 108 105 102 100 97 96 96 95 94 93 92 91 90 88 85 82 79 76 75 74 72 69
84 84 83 83 84 85 88 91 93 96 98 100 100 100 99 99 99 98 98 98 100 102 104 106 111 115 118 120 121 122 124 125 126 128 132 136 138 138 140 141 142 142 141 141 142 143 141 138 135 133 132 132 134 135 135 137 138 136 135 134 134 136 136 138 137 136 136 135 136 136 136 135 135 135 134 133 132 132 133 133 132 131 131 130 129 129 128 126 124 122 120 118 117 116 114 113 113 111 109 106 102 99 97 96 95 95 94 93 92 91 90 88 86 83 80 78 76 74 73 71
83 83 83 83 83 85 87 90 93 95 97 99 99 98 97 96 96 96 96 97 97 99 103 107 111 116 118 121 122 123 125 127 127 129 133 137 139 140 142 145 146 145 143 143 144 146 145 142 141 139 137 138 139 140 140 141 142 141 139 137 138 140 140 141 141 139 139 140 140 140 140 139 139 138 138 137 137 137 137 137 135 134 133 132 131 131 129 127 125 123 121 118 117 115 115 115 114 112 109 105 101 98 96 94 94 93 93 92 91 90 90 88 87 84 81 79 77 75 74 72
84 83 82 82 82 84 87 90 92 94 96 97 97 96 94 92 91 91 91 92 94 96 101 106 110 115 118 121 122 124 126 128 128 130 134 138 141 142 144 146 147 146 144 144 145 148 147 146 144 143 142 142 144 144 144 145 145 144 143 142 142 143 144 145 144 142 141 143 145 144 142 141 141 142 142 142 142 142 142 141 139 136 134 133 132 132 131 129 127 125 122 120 117 116 115 115 114 111 107 103 99 96 94 92 91 91 91 90 89 89 89 88 87 85 82 80 78 76 75 74
84 82 81 81 82 84 86 88 90 92 93 94 93 92 89 88 86 85 85 87 90 94 99 104 109 114 118 120 122 124 126 128 129 130 134 140 143 144 145 147 147 145 144 144 145 148 149 149 148 147 146 145 146 147 147 148 148 148 148 148 147 147 148 148 147 144 143 145 147 146 145 144 145 146 145 145 144 144 144 143 140 137 135 133 133 133 133 131 129 126 124 121 119 118 117 116 114 110 106 101 97 94 91 90 88 87 87 87 88 87 87 87 87 86 83 80 78 77 76 75
83 81 80 80 81 83 85 86 87 89 90 91 90 87 84 81 79 79 81 84 89 93 100 107 111 114 117 119 121 123 125 127 129 130 133 138 142 144 145 146 147 146 144 144 145 146 147 149 150 149 147 146 147 148 150 150 151 151 152 152 151 151 151 149 147 145 144 145 146 147 147 146 147 148 146 146 146 146 145 143 139 137 135 134 134 134 134 132 129 126 124 122 121 121 120 118 115 110 105 100 95 91 88 85 84 83 83 84 85 86 86 86 86 86 84 82 79 77 76 76
82 81 80 80 80 81 82 83 85 87 86 86 84 81 77 73 72 73 76 81 86 91 99 106 111 114 116 118 120 121 122 124 128 131 133 135 138 141 142 143 145 145 145 143 144 144 145 147 150 149 147 146 146 147 149 149 152 154 153 153 154 153 152 148 144 144 142 144 146 148 148 148 148 147 146 145 145 145 143 141 138 136 135 133 133 134 133 131 128 125 123 122 121 121 120 118 114 108 102 97 91 87 83 79 77 77 78 78 80 81 83 84 84 85 85 83 80 77 76 76
82 80 79 79 79 79 79 81 83 84 82 80 78 74 70 68 69 71 74 79 85 90 95 101 106 110 112 114 115 115 117 119 124 128 131 132 134 137 139 140 142 144 143 142 142 143 144 147 149 147 146 145 144 143 144 146 150 153 154 154 153 153 152 149 145 143 140 142 145 147 148 148 148 147 145 145 145 144 142 139 136 135 134 133 132 132 131 129 126 123 122 121 120 119 117 115 110 104 97 92 86 81 77 73 71 70 71 72 74 76 78 80 82 83 83 82 80 77 75 76
81 79 77 76 76 76 77 77 78 77 76 75 72 68 65 66 67 69 72 75 80 84 88 93 99 103 106 108 108 108 110 112 115 121 126 128 130 133 136 138 139 142 142 140 141 142 143 145 145 143 142 141 139 137 139 142 147 151 152 153 152 152 152 151 147 143 139 140 143 145 146 147 147 147 145 144 143 141 139 136 134 134 133 132 131 130 129 126 124 121 120 118 116 113 111 109 104 98 92 88 83 78 74 70 67 66 66 67 69 70 72 75 78 81 81 81 79 76 75 75
79 76 75 74 73 73 73 72 72 71 71 69 66 65 65 66 67 66 67 69 72 76 80 84 90 95 96 97 97 97 99 102 105 110 116 120 123 128 133 136 137 140 140 139 139 139 140 140 140 138 135 134 133 133 135 138 142 147 149 149 150 150 151 149 146 141 137 138 139 141 142 144 144 144 143 141 139 138 136 133 132 132 132 130 129 128 126 123 121 118 116 113 110 106 103 100 95 91 87 84 81 78 74 70 67 65 64 65 66 67 69 71 73 76 78 78 76 75 74 74
77 75 74 73 71 69 69 68 67 65 64 65 67 67 66 65 64 63 62 63 66 69 72 75 79 82 81 83 84 85 87 91 96 100 105 111 116 121 128 133 135 136 136 135 136 136 136 136 135 134 131 128 128 127 129 132 138 143 146 146 147 148 148 146 143 138 134 135 135 137 139 139 140 140 139 137 135 133 132 130 130 131 131 129 126 124 121 118 115 112 109 106 102 97 94 90 86 82 80 79 77 75 72 70 68 66 65 66 66 66 66 67 69 72 73 74 75 75 75 74
78 76 74 72 70 68 67 65 64 63 65 68 71 70 67 65 64 63 63 63 63 63 66 68 69 69 68 69 71 72 75 80 85 88 92 98 104 111 119 126 131 132 131 130 131 133 133 132 131 130 128 125 124 123 124 128 135 140 144 145 146 145 144 142 139 135 131 132 133 135 135 135 135 136 134 132 131 129 128 128 128 129 128 126 122 118 115 111 107 103 99 96 91 87 84 81 78 75 73 73 72 71 68 68 68 67 67 67 66 64 63 64 66 69 71 72 73 74 74 74
79 78 76 73 70 67 66 66 67 69 72 74 74 73 70 66 65 66 65 62 60 59 60 61 61 60 59 60 61 61 64 69 74 76 80 85 92 100 108 116 123 127 126 125 127 129 129 128 127 126 123 122 121 122 123 126 132 138 142 143 144 144 141 138 134 131 128 130 131 131 131 130 130 130 129 128 126 126 126 125 125 123 122 119 115 110 106 102 98 94 89 85 81 77 74 71 69 69 68 69 68 67 66 66 67 67 67 67 65 64 63 63 65 66 68 69 71 72 73 74
80 79 76 74 71 68 68 69 72 74 75 75 75 74 73 69 68 69 67 63 59 57 57 58 57 56 55 54 55 54 55 58 62 65 69 74 80 88 97 105 112 118 120 120 123 125 126 125 123 121 119 118 118 120 122 126 132 138 140 141 142 142 140 136 131 126 124 126 127 127 126 126 125 125 124 123 122 122 122 121 118 116 113 110 105 100 95 92 88 83 79 75 72 68 65 62 61 62 63 63 64 65 66 66 65 65 66 65 63 63 62 62 63 64 65 68 71 72 72 74
82 80 76 73 71 71 71 72 74 76 75 74 72 70 70 70 70 70 69 65 61 59 58 58 56 54 53 52 52 51 50 50 53 56 59 64 70 78 86 94 102 108 111 112 115 119 122 120 118 116 115 114 114 116 120 125 132 137 140 140 140 140 138 135 128 122 119 121 122 123 122 121 120 119 118 117 117 117 116 113 109 106 103 99 93 88 84 81 77 73 69 66 63 60 56 55 55 57 59 59 61 63 65 65 65 65 64 63 62 61 60 61 61 63 65 67 70 71 72 74
83 81 77 74 73 72 73 74 74 73 71 69 69 69 69 72 73 75 75 73 68 64 63 61 59 56 54 53 53 51 49 48 48 48 51 55 61 67 73 81 89 95 98 101 105 111 115 115 113 112 111 110 109 111 116 122 130 137 139 139 139 138 136 131 124 117 115 117 119 119 118 117 116 116 115 114 111 109 106 102 98 95 92 87 81 75 72 69 66 62 60 58 55 52 50 50 51 53 55 58 60 62 64 65 66 65 63 62 61 60 59 59 60 62 64 66 68 71 73 75
84 82 79 76 73 71 71 71 71 70 69 69 69 70 73 74 77 81 82 81 76 71 70 69 66 63 60 57 55 53 51 49 47 45 47 49 53 58 62 67 75 81 85 89 95 101 107 108 107 106 106 104 102 104 111 119 128 135 137 137 136 136 134 128 119 112 109 111 113 113 112 111 112 111 110 107 103 99 94 90 85 82 78 74 70 65 62 58 55 53 51 50 48 46 45 46 49 51 53 56 59 63 65 67 66 65 63 62 61 60 59 59 60 61 63 64 67 70 73 75
86 83 80 76 71 69 68 69 70 70 71 72 73 75 76 77 79 82 85 87 85 83 80 79 76 71 67 63 60 58 55 52 49 47 47 47 49 51 53 56 62 68 73 79 84 89 95 99 100 99 98 96 95 98 106 116 126 133 135 133 132 133 131 125 115 106 100 101 103 104 105 105 105 104 102 99 94 89 83 77 72 68 65 62 59 55 53 50 47 46 45 45 44 43 44 46 48 51 54 57 61 65 68 69 68 66 64 62 61 61 60 61 62 62 62 63 65 69 73 76
86 82 78 73 69 67 68 71 73 75 75 77 79 81 81 82 84 86 90 92 94 93 92 90 88 84 78 72 68 65 62 59 55 52 51 49 48 48 49 50 54 60 66 72 75 78 83 89 92 91 89 88 88 92 101 114 124 130 132 132 131 130 128 122 113 102 93 92 94 96 98 99 98 96 94 90 85 79 71 65 60 57 54 53 51 48 46 44 43 43 43 43 43 44 47 49 52 56 61 64 67 69 71 71 69 68 66 64 62 61 62 63 63 63 63 64 66 69 72 76
85 81 77 73 70 69 70 74 77 78 78 80 84 88 90 91 93 95 97 99 100 101 103 103 103 100 92 84 79 76 73 68 62 59 56 52 50 49 49 49 51 55 62 68 70 70 74 79 82 83 81 80 81 86 97 110 120 126 129 130 130 130 127 120 110 98 88 85 87 90 93 94 92 89 86 82 76 69 62 56 52 49 47 46 45 44 43 42 42 43 44 45 46 49 53 57 61 67 71 73 74 75 76 74 72 71 69 67 65 64 64 64 64 65 65 66 67 69 72 76
85 82 79 77 75 74 74 77 79 81 82 84 88 94 97 99 102 104 106 109 110 111 113 114 114 111 106 99 94 90 85 79 72 68 64 59 55 51 50 49 50 53 58 63 65 64 67 71 73 73 72 72 75 81 92 107 116 122 125 127 129 128 123 116 105 94 84 80 82 85 87 87 85 82 78 74 68 61 55 51 47 44 42 41 41 41 41 42 44 47 49 52 55 59 64 69 74 79 82 82 82 81 81 80 78 76 74 71 69 68 67 66 66 66 66 67 68 69 72 76
87 85 83 83 82 80 79 81 83 85 86 87 90 96 100 104 109 112 115 118 121 122 122 123 122 121 118 112 108 104 98 93 85 79 74 68 62 57 53 51 51 52 55 58 60 60 62 65 65 65 64 64 68 76 89 104 113 120 123 125 127 125 119 111 100 89 79 75 77 79 81 81 79 76 72 67 61 55 50 46 44 42 40 40 40 42 44 47 51 56 61 65 70 75 80 85 91 93 94 92 91 89 88 87 85 82 78 75 73 72 71 70 68 67 68 69 70 71 73 77
89 87 85 86 86 85 85 85 86 89 90 91 94 98 103 108 113 118 123 128 132 133 133 131 129 127 127 126 121 114 110 107 100 92 86 80 73 66 60 55 54 53 52 54 56 57 58 59 60 60 59 60 63 72 85 100 109 117 120 123 124 122 116 107 96 85 75 71 72 73 75 75 74 71 66 61 55 51 47 44 43 42 42 43 45 48 52 57 63 70 75 80 86 91 95 101 105 105 103 100 98 97 97 97 94 89 84 81 78 76 76 75 73 73 72 71 71 72 75 78
91 88 87 87 88 89 89 89 90 91 93 95 98 102 107 112 117 122 129 136 140 143 142 138 135 133 134 136 132 125 121 120 113 106 99 94 86 79 71 64 60 56 53 53 56 57 57 57 58 58 58 59 64 73 84 97 106 113 117 119 120 117 112 104 94 82 73 68 68 68 69 70 68 65 60 55 51 48 45 44 44 45 47 50 54 58 64 71 78 84 89 93 97 101 105 109 111 110 108 105 104 104 104 104 100 94 90 86 83 82 81 79 77 76 75 74 73 73 75 78
92 91 90 89 89 91 92 92 92 93 95 98 101 106 111 117 122 126 133 139 144 147 145 141 138 138 140 142 141 136 133 130 124 117 110 105 99 91 84 76 69 63 60 58 59 60 58 58 59 58 58 60 66 74 83 94 103 110 113 116 115 112 108 101 91 80 71 66 64 63 63 63 62 59 55 52 50 48 48 49 50 53 56 60 65 70 76 83 89 94 98 100 104 107 110 113 115 115 114 113 111 110 113 111 104 99 94 89 87 86 84 82 80 79 79 78 77 76 76 78
95 93 92 91 91 92 93 93 93 93 96 99 102 108 114 120 124 128 134 139 144 147 144 140 138 138 141 143 144 144 141 137 130 123 116 111 107 102 95 87 80 74 69 66 64 64 62 61 61 59 59 62 67 74 81 91 100 106 110 112 111 109 105 99 90 81 72 66 62 60 60 60 59 58 57 55 54 54 55 57 60 62 66 70 73 78 83 89 95 100 102 104 106 108 110 113 116 116 115 112 110 112 117 116 108 100 94 91 89 87 86 84 83 82 81 79 79 78 78 80
98 94 93 92 91 91 92 92 92 93 96 99 102 106 112 118 123 128 133 137 140 141 139 135 133 134 136 139 140 142 141 138 132 126 119 114 110 107 102 95 89 83 78 74 70 69 67 66 65 64 63 64 68 74 81 89 96 101 105 107 107 107 103 98 91 83 75 68 63 60 60 60 60 61 62 62 61 61 62 64 65 67 70 72 74 77 81 87 93 98 101 106 108 107 108 110 112 113 111 109 109 115 120 117 110 101 96 94 91 88 86 84 83 81 80 78 78 79 80 81
99 96 93 91 90 90 90 90 90 91 93 96 99 102 108 114 120 125 128 131 133 133 131 127 126 127 129 130 132 133 135 133 129 123 117 112 108 107 103 97 93 89 83 78 74 73 72 71 71 70 68 69 72 78 85 91 95 98 101 104 105 104 101 98 94 87 80 71 66 63 62 63 64 66 67 65 64 65 66 68 70 72 75 78 80 83 87 92 98 103 106 108 109 109 110 112 113 113 111 109 110 112 114 114 112 106 101 97 90 87 86 84 83 81 80 79 78 78 79 79
101 97 94 90 88 87 87 86 86 87 90 92 94 97 101 106 112 118 122 124 122 122 121 118 116 116 115 114 113 114 115 114 112 109 104 101 99 95 92 88 86 84 82 78 75 74 74 75 75 75 74 75 78 83 89 94 95 96 100 104 104 102 102 101 98 93 85 76 71 68 67 71 73 72 69 65 65 67 70 73 77 80 84 87 90 94 98 103 107 109 111 112 113 113 114 114 114 113 112 110 108 109 110 114 114 107 100 93 87 86 85 84 84 84 83 79 79 79 79 81
104 99 95 90 86 83 82 82 81 82 84 86 88 90 95 100 105 110 113 113 110 108 106 103 100 99 97 95 94 93 93 91 89 88 86 86 86 85 83 80 78 77 78 79 78 77 75 75 77 78 80 82 84 87 93 98 99 101 104 107 106 104 106 106 102 97 89 84 80 76 74 75 75 73 70 69 70 72 76 79 83 86 90 92 95 97 99 100 101 102 103 104 105 106 107 107 107 107 107 106 105 105 106 109 110 106 99 92 87 84 83 83 88 91 91 87 82 83 83 82
109 102 97 91 85 80 78 76 75 75 77 80 81 83 88 92 96 98 100 101 99 95 90 86 83 81 80 81 82 83 86 88 87 87 89 91 94 95 91 86 83 81 80 80 83 84 80 76 75 76 81 87 89 91 98 103 106 110 112 112 112 112 112 110 106 99 93 89 86 81 75 76 77 75 73 73 74 76 79 81 84 87 89 91 92 93 94 94 94 94 95 96 97 98 98 98 98 98 98 98 99 99 99 101 102 100 96 90 82 80 79 81 92 101 102 107 89 84 85 85
113 106 100 93 87 80 76 74 72 71 71 72 73 74 78 84 89 89 92 94 90 83 79 78 80 80 81 82 83 84 85 86 87 87 89 98 106 105 97 94 90 86 83 83 90 101 102 90 79 75 80 89 93 97 103 108 113 119 118 114 112 113 114 112 109 103 96 92 90 83 76 78 81 79 78 78 78 80 81 84 85 86 87 87 88 87 87 86 86 86 87 87 88 89 89 89 89 89 89 91 91 91 90 91 91 88 84 81 77 76 76 79 87 104 113 118 100 91 90 91
113 108 102 96 90 84 80 77 74 72 71 73 74 76 77 78 82 80 81 82 77 73 75 76 75 73 73 72 74 77 77 77 78 77 78 87 96 97 94 94 91 87 85 88 101 119 129 113 91 79 81 89 99 107 111 116 125 128 120 114 113 115 116 115 112 106 100 94 89 84 81 83 83 82 82 82 82 83 84 85 85 84 83 82 80 77 74 69 68 69 70 70 69 70 72 74 77 77 77 79 80 80 78 78 78 76 74 72 70 71 73 74 77 101 115 118 113 99 91 91
110 107 102 96 90 87 85 82 79 77 76 77 75 79 77 71 72 71 72 72 68 63 64 63 57 51 50 50 55 61 57 61 66 63 62 68 76 83 89 91 90 89 90 95 111 128 141 131 103 85 82 88 98 107 110 116 124 125 119 115 116 117 117 114 109 101 95 88 82 80 83 85 85 86 87 87 87 86 86 86 83 80 75 70 65 63 58 50 46 48 49 48 46 46 49 53 58 60 62 67 68 67 66 65 63 63 62 61 61 64 67 68 72 90 109 119 120 105 93 89
107 105 99 92 89 87 86 89 90 84 83 79 76 74 70 65 65 66 69 70 61 48 44 42 38 35 34 35 40 45 45 60 69 64 57 54 56 65 78 87 89 91 94 103 121 139 148 137 110 90 81 87 97 100 101 106 111 114 114 115 116 115 113 108 102 94 90 84 78 79 83 87 90 93 93 92 91 90 89 87 80 71 61 54 52 57 57 48 40 39 38 36 34 35 36 39 43 46 54 64 66 62 59 57 54 52 52 54 57 61 66 69 74 85 104 116 119 109 96 88
106 102 95 90 87 88 94 108 112 100 91 85 88 85 79 74 71 74 80 83 73 55 45 40 37 36 35 36 39 41 48 70 80 75 64 56 52 53 63 79 90 93 97 108 127 144 149 137 114 96 83 87 99 98 94 97 102 106 111 112 112 110 106 100 93 86 83 77 72 78 83 87 92 95 96 96 94 93 91 85 73 60 49 47 51 59 63 55 44 40 38 37 36 36 37 38 40 46 59 70 71 66 62 59 56 55 55 58 62 66 71 74 78 86 98 108 111 104 95 90
103 95 91 89 89 98 113 118 112 106 99 96 102 104 100 93 84 81 88 91 86 69 52 44 41 40 39 40 41 45 59 79 85 81 71 64 59 56 59 72 88 95 98 109 125 134 136 126 109 95 86 89 98 92 82 84 91 98 105 108 108 106 101 93 86 79 75 70 66 73 80 83 90 95 97 98 98 97 92 81 67 57 53 53 57 64 70 64 52 44 41 40 39 39 39 40 45 57 73 81 79 74 69 67 65 64 64 66 69 73 77 80 82 86 92 100 102 98 93 88
97 91 90 92 95 103 117 115 111 120 118 114 105 108 110 103 92 87 89 91 91 84 67 54 48 45 44 44 47 57 74 85 86 83 77 73 72 71 71 74 88 97 100 107 117 121 118 112 102 89 85 86 90 80 69 72 79 90 100 106 108 105 99 91 85 76 69 66 62 69 75 81 89 94 97 98 100 99 92 80 72 69 68 67 68 70 72 71 64 54 47 45 44 43 43 47 56 70 81 85 83 79 77 75 73 74 74 75 77 80 83 85 86 87 90 94 96 94 91 87
90 89 92 97 101 106 112 109 111 132 135 125 106 106 108 102 95 92 89 89 91 91 82 70 62 59 56 57 64 76 84 86 86 85 84 83 85 86 86 85 93 100 103 106 111 111 108 105 97 87 86 82 81 70 62 65 74 86 99 107 110 108 101 91 86 78 64 59 58 68 76 82 88 92 95 97 100 100 94 85 83 84 83 81 80 78 77 77 75 69 61 56 55 54 56 63 71 78 82 83 84 84 83 81 81 82 82 83 84 86 88 89 89 89 89 90 91 91 90 88
100 95 96 100 103 106 107 106 111 129 132 120 111 108 105 101 97 96 93 92 92 92 89 84 80 78 75 76 82 87 88 88 89 89 89 89 92 95 96 95 99 103 105 106 108 107 104 102 96 89 85 76 70 59 54 63 76 87 101 111 115 114 107 94 85 83 65 49 52 70 82 81 84 89 93 96 100 101 96 92 93 95 93 91 88 87 85 83 82 81 79 76 76 76 77 80 81 83 84 85 88 90 89 88 88 88 88 88 89 91 92 92 91 90 89 88 88 89 89 88
127 111 104 102 103 105 105 107 110 116 118 112 113 110 106 103 102 102 101 100 98 95 92 90 89 88 87 87 90 93 93 93 93 92 91 92 94 96 98 99 102 105 107 107 106 102 99 98 95 90 82 71 62 47 47 67 81 91 108 119 121 119 112 100 86 87 71 46 47 67 88 85 82 86 90 94 99 101 98 96 97 97 96 94 92 92 91 91 91 90 89 87 86 86 88 88 87 88 89 91 94 96 96 95 93 93 93 93 94 95 95 95 94 92 90 89 88 88 88 87
120 106 100 102 103 104 105 108 111 111 112 112 111 112 109 106 105 106 107 107 107 106 105 103 102 101 101 100 101 101 99 96 94 93 92 93 94 96 98 101 104 107 108 107 103 98 95 94 92 85 81 71 56 40 46 76 87 98 116 125 126 124 117 106 91 92 79 51 44 64 98 104 86 84 87 92 97 100 100 99 97 95 95 94 94 93 93 95 96 97 97 96 97 98 98 99 98 99 99 100 101 101 100 99 97 97 97 97 98 98 98 97 95 93 92 90 89 89 89 90
126 109 98 99 101 103 104 108 113 113 114 115 115 114 112 110 108 107 108 109 109 109 108 107 107 108 108 109 108 105 101 97 95 93 94 95 96 97 99 103 107 109 109 106 101 95 92 91 89 78 79 77 55 38 53 82 90 105 122 128 129 127 123 113 100 90 83 58 44 61 90 107 86 83 87 90 96 100 101 101 98 96 95 95 94 94 93 94 96 98 100 102 104 105 107 108 107 107 106 105 104 104 103 102 101 102 103 103 102 102 100 98 97 95 94 92 91 90 91 93
111 104 98 97 98 101 104 109 114 117 118 120 120 119 118 116 112 110 109 108 108 107 106 106 107 108 109 110 107 103 100 98 96 96 96 97 98 99 102 105 108 109 108 104 98 93 90 88 87 78 77 72 52 39 65 84 92 111 126 131 131 130 128 121 106 89 80 59 46 61 88 95 86 86 87 89 94 98 101 102 102 100 97 96 95 95 95 95 96 97 98 99 101 103 105 106 106 106 106 105 105 105 105 106 107 108 108 107 106 104 102 101 99 98 96 94 93 92 93 95
77 83 93 94 96 100 104 109 115 119 121 123 123 123 123 122 119 115 113 111 109 107 106 107 108 109 110 110 108 104 101 100 99 99 99 99 101 102 105 108 109 108 106 102 96 92 89 88 86 82 78 67 49 42 68 80 95 117 130 136 135 134 133 127 113 94 78 61 51 69 104 97 90 88 89 91 94 97 101 103 105 105 102 99 98 98 98 98 100 101 100 100 100 101 103 104 104 105 106 107 108 109 110 111 112 113 112 110 108 106 105 103 102 100 99 97 95 94 95 96
73 78 88 91 94 98 103 109 115 121 123 124 125 125 126 125 124 122 120 117 114 111 111 111 111 112 112 112 110 106 103 101 101 101 101 102 105 107 109 110 109 107 104 101 97 93 90 89 89 89 86 72 56 52 68 79 100 121 133 139 137 135 135 131 120 101 82 71 64 79 97 90 91 91 92 93 94 97 100 104 107 109 108 104 103 102 101 102 104 105 105 104 104 105 106 107 108 109 110 112 114 114 115 116 116 116 115 112 110 108 106 105 104 103 102 99 96 95 96 97
76 80 88 91 94 98 103 108 114 120 123 124 125 126 127 127 126 126 124 122 120 118 117 117 116 115 115 114 112 108 105 103 102 103 104 107 109 110 111 111 110 108 104 102 99 96 93 93 94 98 97 86 71 67 71 83 105 124 135 138 135 133 134 132 124 107 89 79 78 84 90 94 95 94 94 96 96 97 100 103 107 110 111 109 108 106 105 106 107 109 110 110 110 111 112 113 113 114 115 116 118 118 119 119 119 119 118 116 113 110 107 107 106 106 105 101 98 98 98 98
84 83 89 93 95 99 103 108 113 118 121 123 124 126 127 127 126 126 126 125 124 123 121 119 118 117 117 116 113 109 107 105 104 105 108 111 112 112 112 112 111 108 105 104 101 99 98 98 102 104 104 95 82 78 77 91 112 127 134 135 133 131 132 132 126 113 96 85 84 86 91 97 99 98 97 99 98 98 100 103 107 111 113 113 113 112 110 110 110 111 113 114 115 116 116 117 117 118 119 119 120 121 122 122 121 121 120 118 114 110 108 107 107 107 107 104 102 102 101 100
90 86 90 96 97 101 104 109 113 117 120 122 124 126 127 127 126 127 127 127 127 125 123 120 118 117 117 116 113 110 109 108 106 108 112 114 115 113 114 114 113 110 107 106 104 103 102 104 108 108 105 96 85 80 84 101 119 129 135 135 132 131 133 133 128 118 103 89 84 87 95 100 101 100 101 102 101 100 101 104 107 111 114 116 117 117 116 115 114 114 115 116 117 118 119 119 120 121 122 122 123 124 124 124 123 122 122 120 117 112 109 108 108 107 107 106 106 106 104 102
98 94 95 98 100 104 106 110 114 117 119 122 125 127 128 128 128 128 128 127 126 125 122 119 117 117 117 116 113 112 111 111 110 112 115 117 116 114 115 116 115 112 109 108 107 106 106 109 112 111 109 98 85 81 91 110 123 129 136 136 133 132 135 134 130 122 110 96 87 89 99 104 104 103 103 104 104 103 103 105 108 111 114 118 120 121 120 119 117 117 118 119 119 120 121 121 121 122 123 124 125 125 126 125 124 123 122 122 119 115 111 109 109 109 108 107 107 107 107 105
103 101 100 102 106 108 111 114 116 118 120 122 124 126 128 128 129 129 129 127 126 125 122 119 118 118 118 117 115 114 115 115 114 115 117 118 117 116 116 117 116 113 110 109 108 108 109 113 114 113 111 99 86 86 100 116 123 130 136 136 134 134 136 134 130 124 115 104 95 95 102 107 107 106 105 106 107 106 106 107 109 111 114 118 121 122 122 122 121 121 121 122 122 123 123 122 122 123 124 124 125 126 127 126 125 123 123 122 120 116 112 111 111 111 108 107 107 108 108 107
108 107 106 109 112 113 116 118 120 121 121 123 124 125 126 127 128 129 129 128 127 126 123 120 119 119 120 119 118 117 118 119 118 119 119 119 117 116 116 117 116 114 111 109 108 109 112 114 114 114 110 99 91 96 110 119 124 131 136 137 135 134 135 133 130 125 119 110 102 99 103 107 109 108 107 106 107 108 108 109 110 112 115 118 121 123 123 123 123 124 124 124 124 125 124 122 122 123 125 125 126 126 127 126 124 122 122 122 121 119 117 114 111 110 110 110 109 108 109 108
112 113 113 115 116 118 121 123 125 126 125 124 124 125 125 124 123 125 127 128 128 127 125 123 122 121 121 121 120 120 122 123 122 121 120 119 118 117 117 117 116 114 112 110 109 110 112 113 114 113 105 95 96 106 116 122 126 132 136 136 135 133 133 133 130 126 120 112 105 102 103 106 109 110 109 108 108 108 109 109 110 111 114 117 119 121 121 122 123 124 125 124 124 124 123 121 119 121 123 124 125 124 123 123 122 121 121 120 120 118 117 115 114 114 115 115 112 110 109 109
115 117 118 118 119 121 125 128 130 131 129 126 125 125 124 121 118 119 125 129 129 128 127 125 123 122 122 123 123 123 124 126 125 122 121 121 119 118 117 118 117 116 115 113 111 110 111 113 113 109 99 96 104 114 119 123 127 131 134 135 134 132 132 133 130 125 120 113 107 105 104 105 107 110 112 111 110 109 108 108 108 110 113 116 118 119 120 120 121 122 123 122 121 122 122 120 119 121 123 124 124 123 122 121 120 120 119 119 119 119 120 122 122 121 120 118 114 111 110 110
118 120 121 120 120 122 125 128 133 136 134 130 128 128 127 122 116 118 126 131 131 130 129 127 125 124 124 125 124 125 127 127 126 124 122 122 121 120 119 119 120 118 115 112 110 110 112 114 111 103 97 101 111 118 120 122 126 130 133 133 132 130 131 132 129 124 119 113 108 106 106 106 106 108 111 111 110 110 110 110 111 113 115 117 118 119 118 118 119 120 120 120 120 120 121 120 120 121 122 122 121 121 120 120 121 122 122 123 124 125 126 127 127 124 122 119 116 114 112 111
120 120 120 120 120 121 123 127 133 137 137 134 132 133 132 127 123 125 130 132 133 132 130 129 127 126 127 127 126 126 128 127 126 124 124 124 123 122 120 118 117 115 112 111 112 114 114 112 106 101 102 109 116 120 121 122 125 128 130 130 130 130 131 131 128 123 119 113 109 107 108 107 106 107 110 110 110 110 110 111 113 116 118 120 121 122 121 120 121 122 122 121 120 120 121 121 122 123 123 123 123 123 123 124 125 126 127 127 127 128 128 129 128 126 124 122 120 117 115 113
121 120 120 120 120 121 123 125 130 134 134 134 133 134 134 132 130 131 133 133 133 132 130 129 128 128 129 129 128 128 129 128 126 125 124 123 121 119 117 115 114 115 116 116 115 114 112 108 104 104 108 113 117 119 120 121 123 126 128 129 130 131 131 130 127 124 119 114 110 109 109 108 107 107 109 110 111 111 110 110 113 116 118 121 123 124 124 125 128 129 129 128 127 127 128 129 129 130 130 130 129 128 127 126 127 128 129 128 129 130 130 130 129 128 127 125 122 119 117 114
121 120 119 119 121 123 124 124 126 130 129 129 129 130 131 131 131 131 131 131 132 131 130 129 128 128 129 130 129 128 126 124 123 121 121 119 118 118 118 119 119 120 120 117 114 112 109 106 105 108 112 114 117 118 118 119 121 124 127 128 129 130 129 127 126 124 119 115 111 109 109 108 108 107 108 110 111 112 110 110 113 117 119 121 123 124 125 127 131 133 133 133 131 130 132 133 133 132 132 132 130 129 129 129 129 130 131 130 131 133 133 132 131 130 128 126 124 121 118 116
122 121 119 118 120 126 131 132 132 131 129 129 127 127 127 127 127 127 126 126 126 127 127 125 124 125 126 128 128 127 126 123 121 120 121 123 123 123 123 123 121 119 118 116 112 110 107 106 107 110 112 114 116 117 117 117 120 122 124 126 128 128 127 126 126 124 120 115 111 109 108 108 107 107 108 109 111 112 110 110 113 116 119 120 123 124 125 128 132 134 135 135 134 134 134 135 135 135 135 134 133 132 132 132 133 133 133 133 134 135 135 133 132 130 129 127 125 122 119 116
123 124 123 121 123 130 136 141 142 139 136 133 130 128 127 126 125 125 125 124 124 126 125 123 123 124 127 129 130 130 130 129 128 126 126 126 126 124 124 123 121 118 118 116 111 108 106 106 108 111 112 114 115 116 115 116 119 121 122 124 126 127 126 126 126 124 120 115 112 109 107 107 107 107 106 107 110 112 112 112 113 116 119 120 123 126 128 130 134 135 136 137 137 137 138 138 138 138 137 136 135 134 134 135 137 137 137 137 138 138 137 135 133 131 129 128 125 122 119 116
125 126 127 126 128 132 138 143 146 145 143 139 135 131 129 129 129 128 129 128 130 131 129 126 127 130 133 135 136 135 134 133 131 129 128 128 126 124 124 124 121 119 118 114 108 105 104 105 107 110 112 113 114 114 115 116 119 120 121 123 126 126 126 127 126 124 120 115 112 109 107 106 105 105 104 105 108 111 113 114 115 117 120 122 125 128 131 133 135 137 137 138 139 140 141 141 141 141 141 140 139 139 138 138 139 140 140 140 140 138 137 135 133 132 130 128 125 123 119 117
126 128 128 129 131 133 138 143 145 145 144 141 139 136 133 132 132 132 132 132 133 133 132 130 131 134 137 139 139 138 137 137 135 132 132 130 127 125 125 125 123 120 117 111 106 103 102 103 106 109 111 111 111 113 115 117 118 118 119 122 125 126 126 127 126 123 119 115 112 109 106 104 103 103 102 102 104 108 111 114 117 119 122 124 127 131 135 137 138 139 140 141 143 143 144 145 145 144 144 144 145 144 142 141 141 141 140 140 139 137 135 133 133 132 130 127 125 123 120 117
126 128 129 130 131 135 140 144 146 146 144 141 140 139 137 135 134 135 136 137 137 136 135 135 137 139 142 143 143 140 140 140 140 137 135 132 129 126 126 126 125 121 114 107 102 100 99 101 104 107 109 109 109 112 115 116 115 117 119 122 125 127 127 128 126 122 118 116 113 109 106 102 101 101 101 100 100 103 108 113 117 121 124 126 129 133 137 140 141 143 144 145 146 146 146 147 148 148 147 146 148 148 145 143 143 142 141 140 139 138 135 133 133 132 129 126 125 123 120 117
126 127 129 130 132 136 141 143 145 145 143 143 145 143 140 139 139 141 142 142 143 142 141 142 143 146 148 148 148 143 142 144 144 142 138 134 131 129 127 126 123 118 109 102 98 98 98 100 103 105 106 107 108 111 114 114 115 118 121 124 126 128 128 128 125 122 119 116 113 110 105 100 99 99 100 98 97 98 103 110 116 122 126 128 130 134 138 142 144 145 147 147 148 148 148 149 149 149 150 150 150 149 147 145 144 144 142 142 141 140 137 135 133 131 128 126 124 122 119 117
126 126 127 129 131 136 140 143 145 144 144 147 148 147 146 146 148 151 151 150 150 150 150 150 151 153 153 153 152 147 146 148 148 146 140 135 133 130 127 123 119 112 103 98 98 98 100 102 103 104 105 107 108 111 113 115 117 120 123 126 129 130 130 129 127 124 120 116 113 110 106 101 99 99 100 98 96 95 97 105 113 120 125 128 132 135 139 143 145 146 148 149 148 148 149 150 150 149 150 151 151 150 148 146 145 144 144 144 143 141 138 136 134 132 129 126 124 121 118 115
126 126 127 129 131 135 139 143 144 143 145 147 150 152 152 154 156 158 158 156 157 156 156 156 157 158 158 157 155 151 150 151 150 147 140 136 133 128 123 119 113 105 98 98 101 103 103 104 104 105 106 107 108 111 113 115 118 121 125 130 133 133 133 133 131 128 123 118 114 112 107 103 101 101 101 100 98 96 95 100 108 116 122 127 132 136 139 142 143 145 147 148 147 147 148 149 149 148 149 150 151 149 148 147 146 146 146 146 144 141 139 137 135 132 129 125 122 119 116 113
125 126 126 127 130 133 137 142 143 144 144 147 151 155 157 159 160 160 160 161 161 161 160 160 161 161 160 159 157 154 153 153 151 146 139 135 131 125 119 115 108 100 99 102 106 107 107 107 106 107 107 107 109 111 114 116 120 125 131 136 139 138 139 140 138 133 126 121 118 115 110 106 103 102 102 102 101 99 96 97 103 111 119 125 131 135 138 140 142 144 146 147 146 146 147 147 147 147 149 151 151 149 147 147 147 146 146 146 144 141 138 136 133 130 126 122 119 116 113 111
125 126 126 126 128 132 136 140 142 144 144 147 151 155 159 160 160 160 161 163 164 163 163 163 163 162 161 159 157 155 154 153 149 143 137 132 127 121 116 111 104 100 102 106 108 109 109 109 108 108 108 107 109 111 115 118 124 131 139 145 146 144 146 149 146 139 131 126 122 118 112 107 104 103 103 103 103 102 100 98 99 106 114 123 130 134 136 138 140 143 145 146 145 145 146 147 147 147 149 151 152 150 147 147 146 144 143 142 141 139 136 133 130 126 121 117 114 113 111 109
124 125 125 126 128 130 133 136 140 143 144 146 149 154 158 159 159 159 160 162 164 164 164 163 163 161 160 158 156 154 153 150 145 140 134 130 124 118 113 107 103 101 105 108 109 111 112 112 111 110 109 108 109 112 117 123 130 140 150 156 154 151 154 158 157 148 139 132 126 121 114 108 105 104 104 104 104 104 102 100 98 103 111 120 127 133 135 136 139 142 144 145 144 143 144 145 147 147 148 149 150 148 147 145 143 141 139 138 137 136 132 129 126 122 116 112 110 109 109 108
123 125 126 126 126 127 130 134 138 141 143 145 148 152 157 159 158 157 158 160 161 162 163 162 161 160 159 157 154 153 151 147 141 136 131 127 121 116 110 105 102 102 105 108 110 113 115 116 115 114 113 110 110 114 120 127 136 149 161 167 162 157 159 165 165 158 148 139 132 124 116 109 105 105 105 105 105 105 104 102 99 101 108 117 124 130 133 136 138 142 143 144 144 143 143 144 146 147 147 147 147 147 145 143 141 139 137 136 136 134 130 126 123 119 113 109 107 107 106 105
121 123 124 124 124 125 128 132 137 139 141 144 148 152 156 157 157 155 156 158 159 160 161 160 159 158 157 154 152 151 147 142 137 132 128 124 119 114 109 104 101 102 104 107 111 115 118 120 120 119 117 113 112 115 122 131 142 155 167 171 165 159 160 165 168 163 154 146 138 127 117 109 106 106 107 107 106 105 105 102 100 100 106 114 121 127 131 135 138 140 141 141 142 142 143 144 145 145 146 146 146 144 142 141 139 138 137 136 135 132 128 125 121 116 111 107 105 105 105 104
120 121 122 123 124 125 127 132 136 138 141 143 147 152 155 156 155 153 154 156 157 158 158 157 155 154 153 152 150 148 143 139 134 130 126 123 118 113 108 102 100 101 103 106 111 115 119 122 123 123 120 115 112 115 123 133 144 155 162 163 159 154 156 160 162 160 156 151 141 127 115 107 106 107 108 108 108 107 105 102 99 99 105 112 118 125 129 133 137 139 140 140 140 141 143 144 144 144 144 145 145 142 139 138 137 136 137 136 132 128 125 122 118 113 107 103 102 103 103 103
119 120 122 122 123 125 127 130 133 137 140 143 146 150 153 155 154 153 154 155 156 156 155 154 152 150 150 150 148 145 142 137 133 129 126 123 118 113 108 102 99 100 102 105 108 112 116 119 121 121 119 114 111 113 119 130 141 149 152 152 150 147 149 152 153 154 153 150 140 124 111 105 105 106 107 108 108 106 104 101 98 98 104 110 116 122 127 131 135 137 138 139 140 141 142 144 144 143 142 143 143 141 138 136 134 132 133 133 129 125 122 119 114 108 104 101 101 102 102 102
119 119 121 121 122 124 125 127 131 134 137 141 144 148 150 151 152 152 154 154 155 155 153 152 150 149 148 148 147 145 141 137 133 130 127 124 120 114 108 101 98 98 100 103 104 106 108 109 109 110 110 108 107 108 113 123 134 140 142 143 142 140 141 144 145 145 146 143 132 117 106 101 100 101 102 103 105 104 102 100 97 98 103 109 114 120 126 131 134 136 138 139 140 140 141 143 143 142 142 141 139 137 135 133 132 130 129 130 128 125 121 117 110 105 102 101 101 101 102 101
117 117 119 121 122 123 124 126 129 132 134 138 141 144 145 147 149 150 151 152 154 155 153 151 149 148 147 148 147 144 140 137 135 132 129 126 122 115 108 101 97 96 98 99 99 97 95 92 89 89 91 95 99 102 107 116 125 131 134 136 135 135 136 137 137 136 136 131 120 108 99 96 93 91 92 95 99 100 99 97 96 98 103 108 114 120 126 130 134 136 138 138 139 139 140 141 141 141 140 139 135 133 131 131 131 129 128 128 126 123 119 113 108 106 104 102 101 100 100 99
114 115 118 120 121 122 123 124 127 131 133 135 137 139 141 143 145 146 147 149 151 152 151 149 148 147 147 148 146 144 141 139 136 134 132 129 124 116 109 102 97 94 94 95 93 89 83 73 66 65 70 77 86 93 100 108 116 122 126 128 129 129 130 130 129 127 125 118 109 99 92 86 79 75 77 84 92 96 96 94 95 98 103 108 114 120 126 131 135 137 138 138 139 139 138 139 139 138 138 136 132 130 129 129 129 128 127 125 123 120 115 110 106 105 104 103 102 100 98 98
113 115 118 119 120 120 122 123 126 129 131 132 133 135 137 139 141 143 144 146 147 147 148 148 147 146 146 146 146 145 143 141 139 137 136 133 127 119 111 104 97 92 90 89 87 81 71 59 52 52 57 64 75 85 93 100 108 113 116 119 120 120 121 121 121 118 114 107 99 91 83 73 62 58 63 74 86 91 92 92 94 98 102 108 115 121 128 133 135 137 138 138 140 139 138 137 137 137 136 134 131 129 127 127 127 127 126 123 120 116 112 108 104 102 102 102 100 98 96 96
113 115 116 117 118 120 121 123 126 128 129 130 129 131 134 137 139 140 141 142 143 144 145 145 145 145 145 146 147 146 145 143 142 142 140 137 131 123 114 106 99 92 87 84 81 75 64 54 51 55 60 65 72 80 86 91 97 102 105 108 109 108 109 109 110 107 103 97 91 84 75 63 52 48 54 68 80 86 87 89 93 98 103 109 116 123 130 134 136 138 139 140 140 140 138 136 135 135 135 133 131 129 127 125 125 125 123 120 116 112 108 105 102 100 100 100 97 95 93 92
111 113 113 115 117 119 120 123 124 126 127 129 129 130 133 135 137 138 139 140 140 141 143 142 142 143 145 146 147 147 146 146 146 146 145 141 135 126 118 110 102 94 87 82 78 73 64 61 64 69 73 76 79 83 83 83 86 90 94 96 96 94 95 96 96 95 93 89 85 81 74 65 57 53 55 65 74 79 83 87 94 99 104 111 118 125 131 135 137 138 140 141 142 141 138 136 135 135 134 131 130 128 126 125 124 121 119 116 112 108 104 102 100 99 99 97 95 93 91 90
107 109 111 113 115 117 119 121 123 125 126 128 129 130 131 133 135 137 138 138 138 139 140 140 142 144 146 146 147 148 148 149 149 149 148 144 138 130 123 115 108 99 91 85 80 74 69 70 75 79 84 88 90 88 84 79 78 80 82 83 82 81 82 83 84 84 84 84 85 86 84 78 70 62 61 66 72 77 83 90 97 103 108 115 121 126 131 135 137 138 139 141 142 141 138 135 134 133 132 129 127 126 124 123 122 119 115 113 110 105 101 99 98 97 96 94 92 91 90 89
104 106 109 111 113 116 118 120 122 123 125 126 127 129 130 131 133 135 136 136 137 138 139 140 142 145 146 147 148 148 149 150 150 150 149 145 140 134 127 120 114 107 99 92 86 81 78 79 82 85 90 96 98 93 86 81 78 78 77 75 74 73 74 76 78 80 83 86 89 92 91 85 77 70 68 71 75 81 89 96 102 108 114 118 123 127 130 134 136 137 138 140 141 141 138 135 133 131 130 127 124 122 121 120 119 116 113 110 108 104 101 98 97 95 92 89 89 89 89 89
101 104 106 108 110 113 116 118 120 122 124 126 126 127 128 129 131 133 134 134 136 138 140 141 144 147 147 148 148 148 149 149 150 149 148 144 141 136 130 125 120 115 108 101 95 90 87 87 87 89 94 99 102 99 93 89 86 84 81 77 75 75 76 79 81 85 89 93 96 97 94 87 81 76 76 79 85 91 98 103 108 113 118 121 124 127 129 132 134 135 136 138 140 140 137 134 131 129 128 125 122 120 119 117 115 113 111 108 106 103 100 98 96 93 89 86 86 89 90 90
99 101 102 104 107 110 113 116 118 121 123 124 126 127 128 128 130 131 131 132 135 138 140 143 146 148 148 147 148 148 147 147 147 146 145 143 140 136 132 128 124 120 114 108 104 99 96 95 94 95 99 104 107 105 103 100 99 96 92 88 86 86 87 90 93 96 99 102 103 102 97 90 85 84 86 90 95 100 105 109 113 117 120 123 125 127 128 130 132 133 134 136 138 139 136 132 130 128 126 123 120 118 116 114 111 110 109 107 104 102 100 97 94 92 89 86 86 88 89 90
97 98 100 102 105 108 111 114 117 119 121 123 125 126 126 127 128 128 129 131 134 137 141 144 147 148 147 147 146 145 144 144 144 143 142 141 139 136 133 130 126 122 118 114 111 108 105 103 101 101 104 109 112 113 112 111 110 108 104 102 101 100 102 105 106 107 108 110 110 107 101 95 92 92 95 98 101 105 109 112 115 119 121 123 125 126 126 127 129 130 131 132 136 137 135 131 129 127 124 121 119 118 114 111 108 108 107 105 103 101 98 95 92 90 89 87 86 88 89 89
95 96 98 100 103 106 109 112 115 117 119 121 123 125 125 125 126 126 128 130 132 136 140 143 146 147 146 145 143 142 142 142 141 140 140 139 137 136 133 131 127 123 120 118 116 114 111 108 106 106 109 114 118 119 119 117 117 117 114 113 113 112 114 116 116 115 115 115 115 111 106 101 98 98 99 102 104 107 110 113 116 118 121 123 124 125 125 125 126 127 128 129 132 134 133 131 128 126 123 122 120 117 112 109 107 106 105 103 100 99 96 94 92 90 89 87 87 88 88 88
92 94 96 98 101 104 107 110 112 115 118 120 122 123 124 124 124 125 127 128 131 134 139 142 144 143 143 142 141 140 140 139 138 137 137 136 135 134 132 130 127 124 123 121 119 116 112 109 108 109 113 118 121 121 120 120 121 123 121 120 119 119 120 122 123 121 119 119 118 114 111 107 103 101 101 103 104 106 109 112 115 117 120 122 123 124 124 124 123 124 125 127 128 130 131 130 127 125 122 121 119 115 110 107 106 105 104 100 98 96 95 93 91 90 88 87 87 88 88 87
89 92 94 96 99 102 105 108 111 114 116 119 121 122 123 123 123 124 125 126 130 134 138 140 141 141 140 140 139 139 137 137 136 135 134 133 133 131 130 128 126 125 124 122 120 117 113 109 109 111 116 121 123 122 122 122 125 127 126 124 122 122 123 125 127 126 124 122 121 117 114 111 107 103 101 102 103 104 107 110 113 115 118 121 122 123 123 122 121 121 123 125 126 127 128 128 125 123 121 119 116 112 108 105 104 103 101 98 96 94 93 92 91 90 88 88 87 88 87 87
88 89 92 94 96 100 103 107 110 113 115 118 120 120 121 122 122 123 125 127 129 132 135 137 139 138 138 137 136 136 135 135 134 132 131 131 129 128 127 126 125 124 124 122 121 117 113 110 110 114 119 124 126 125 125 125 128 131 129 126 125 124 125 127 130 130 129 126 123 120 116 114 110 105 103 103 103 103 104 107 111 114 117 120 121 122 123 121 119 119 121 123 123 124 125 126 124 121 119 116 112 108 105 103 102 100 99 96 95 93 92 91 91 90 88 88 88 87 87 86
87 88 90 93 95 98 102 105 108 111 114 116 118 119 120 121 122 124 126 127 129 131 134 136 137 136 135 134 134 134 133 132 131 130 129 127 126 124 124 124 123 124 123 122 120 117 114 112 112 116 122 126 128 127 127 128 131 133 130 128 126 125 125 128 131 132 131 129 125 121 118 115 111 107 105 105 104 102 103 106 110 114 117 119 120 121 121 120 118 117 118 120 121 122 122 123 123 120 116 113 109 105 103 102 101 99 97 95 95 93 92 91 91 90 89 88 88 88 87 86
86 87 89 92 95 97 101 104 107 110 113 115 117 118 119 120 121 123 125 126 128 130 134 136 136 134 132 131 132 132 131 130 129 127 125 124 123 122 122 122 123 123 122 121 120 119 116 114 115 118 122 126 128 128 128 130 133 132 130 128 126 125 125 127 130 132 132 131 127 122 118 116 112 110 109 109 108 106 105 107 111 115 118 119 119 119 119 118 116 115 116 118 120 121 120 120 121 118 114 111 107 104 101 99 99 98 97 95 94 93 91 90 90 90 90 89 88 88 86 85
86 86 88 91 94 97 100 102 105 108 111 114 115 117 118 119 120 122 124 126 128 130 133 136 134 132 129 128 129 130 129 128 127 125 123 122 121 120 121 122 123 123 122 120 120 119 118 117 116 119 122 124 126 126 127 130 131 128 126 124 123 122 122 122 125 129 131 130 126 121 118 116 115 113 113 114 113 111 110 111 114 117 119 119 119 118 117 117 115 113 114 117 120 120 120 119 119 117 113 109 105 102 99 97 98 98 98 96 94 92 91 90 90 90 90 90 89 88 86 85
87 87 88 91 93 96 99 101 104 107 109 111 113 115 116 117 119 121 124 126 128 130 133 135 133 130 127 126 127 128 126 126 125 124 122 121 120 120 121 123 124 124 122 120 119 119 119 118 117 118 120 121 123 124 126 127 126 123 119 117 117 116 116 117 120 125 128 129 126 122 118 117 117 116 116 118 118 116 114 115 117 119 120 120 118 117 117 117 115 113 114 116 119 120 120 119 118 116 113 109 105 101 98 97 97 98 97 95 94 93 92 91 90 90 90 89 89 88 87 86
88 88 88 90 93 95 98 100 103 105 107 109 111 113 114 116 118 120 123 126 128 131 133 134 132 129 126 124 124 125 124 125 124 123 122 120 119 120 122 123 125 124 122 120 118 118 119 118 117 117 118 119 120 122 123 124 123 119 115 112 111 110 110 112 117 122 126 128 126 122 118 117 117 118 119 119 119 118 117 117 119 121 122 121 118 117 116 116 116 114 114 116 119 120 120 119 117 116 113 109 105 101 98 97 97 97 97 95 94 92 92 91 91 91 90 90 89 88 87 86
89 88 88 90 92 95 97 99 102 104 105 106 109 111 113 115 116 119 122 125 127 130 132 132 131 128 125 122 122 123 123 124 123 122 121 120 119 120 122 123 125 124 121 118 117 118 119 118 117 117 116 115 115 116 119 121 121 117 114 110 108 106 107 111 117 122 124 126 125 121 117 116 117 118 120 120 119 119 118 118 120 122 123 122 119 116 116 117 116 115 115 115 118 119 119 118 116 115 112 108 105 102 99 98 98 97 97 95 93 92 91 91 91 91 90 90 89 88 86 86
90 89 89 90 92 94 96 98 100 103 104 106 108 110 112 113 115 117 120 124 126 128 130 130 129 128 124 121 121 121 123 123 122 120 120 119 119 119 121 122 123 122 120 117 118 118 118 117 116 114 111 109 108 110 113 116 117 116 115 112 110 108 109 113 117 119 120 120 119 117 115 115 116 118 120 120 120 120 119 118 120 122 124 122 119 116 115 117 117 116 116 115 117 118 119 117 115 114 111 108 105 102 100 99 98 97 96 95 93 92 91 91 91 91 90 90 89 88 87 86
92 91 90 91 92 94 95 97 99 102 104 106 107 109 111 112 114 116 120 123 126 127 129 129 128 126 123 121 121 122 123 122 120 119 119 118 117 118 120 121 122 120 118 118 118 117 115 112 110 107 104 102 101 102 104 107 110 112 114 114 112 111 111 112 113 112 112 111 111 109 109 110 113 115 118 119 120 120 119 118 119 121 122 122 119 116 116 117 117 118 117 117 118 117 118 117 114 112 110 107 105 103 101 99 98 97 96 94 93 91 91 91 91 91 90 90 89 88 87 87
93 93 92 92 92 93 95 96 98 100 103 105 107 108 110 111 113 116 119 122 124 126 127 128 127 125 122 121 122 122 122 120 117 116 115 114 115 117 118 120 119 118 117 117 115 111 107 104 102 100 98 96 95 95 96 98 101 103 106 108 108 108 107 106 105 104 103 102 101 101 101 103 105 108 111 114 117 118 118 118 119 120 120 120 118 116 116 117 117 119 119 118 118 117 116 115 113 111 109 107 104 103 101 99 98 97 95 93 92 91 91 91 91 90 90 90 89 88 87 87
95 95 94 93 92 93 95 96 97 99 102 104 106 108 110 111 113 116 119 121 123 125 126 126 126 124 123 122 122 121 119 116 113 111 110 110 111 113 115 116 114 112 112 109 105 100 97 95 93 93 92 91 90 89 89 90 91 93 95 98 98 100 100 98 97 96 95 93 93 93 94 95 97 99 101 104 108 111 114 115 116 117 117 116 115 113 114 115 115 117 119 118 117 116 113 112 111 109 108 106 104 103 101 98 97 96 94 92 91 90 91 91 91 90 90 90 89 88 88 87
96 96 96 94 93 94 95 96 97 99 101 103 105 107 110 111 113 116 118 120 122 124 126 126 126 125 123 122 120 118 116 112 108 105 103 103 104 107 108 108 106 104 101 97 92 89 87 86 85 85 86 86 86 85 84 84 84 85 87 89 89 90 91 89 88 87 87 86 86 87 88 89 90 90 91 93 96 100 103 107 109 112 112 111 110 109 109 110 112 114 116 116 116 114 111 109 109 108 107 106 104 102 100 98 96 95 92 90 90 90 90 91 91 91 91 90 89 88 88 87
96 97 96 95 94 94 94 96 98 99 102 103 105 107 109 111 113 116 118 120 122 124 126 126 126 125 123 120 117 114 111 106 102 98 95 94 95 98 98 97 95 92 89 86 82 80 79 78 78 79 79 81 81 81 80 80 80 81 81 81 82 82 82 80 80 80 80 80 81 82 83 83 83 82 82 83 84 87 90 94 98 101 103 102 102 101 101 103 106 109 112 114 114 112 110 108 107 106 106 106 104 102 100 98 96 94 91 89 89 90 91 91 91 91 91 90 90 89 88 87
95 96 97 95 94 94 94 95 97 99 101 104 106 106 108 110 112 116 118 120 122 124 126 127 126 125 123 119 116 112 107 100 94 89 87 85 86 87 87 86 84 81 79 76 74 73 73 73 74 75 76 79 80 80 80 79 78 78 78 77 77 76 76 75 75 76 75 74 75 77 77 77 75 75 74 75 76 77 79 82 85 88 91 91 91 90 91 95 99 104 108 111 112 112 111 109 108 106 105 104 103 101 99 97 96 94 90 88 89 90 91 91 92 92 91 91 90 90 89 87
93 94 95 95 94 94 94 95 97 100 102 104 106 107 107 108 111 114 117 119 122 124 126 127 127 126 123 119 116 110 104 97 91 84 80 78 78 78 77 76 74 72 71 70 70 71 73 74 75 78 81 85 88 89 90 89 88 87 84 81 81 81 81 81 81 81 79 77 76 76 75 73 71 69 68 67 68 68 69 71 74 76 78 79 79 80 82 86 92 98 103 108 111 112 112 111 109 107 105 103 102 100 98 97 96 94 90 88 89 90 91 92 92 92 91 91 91 90 89 88
93 93 94 94 93 94 95 96 98 100 102 104 106 107 106 106 109 112 115 119 121 124 127 128 127 126 124 119 115 108 102 97 91 85 79 75 73 73 72 71 69 70 71 72 74 77 80 81 83 85 88 92 97 101 103 103 103 102 99 95 93 92 92 92 93 93 91 89 86 84 82 79 75 72 70 67 66 64 64 63 64 66 69 70 70 71 75 81 86 92 98 105 110 112 112 111 111 108 105 102 101 100 98 97 96 94 91 90 90 90 91 92 93 92 91 91 91 91 89 87
94 93 93 93 93 93 95 96 98 101 103 105 106 107 106 105 106 110 114 118 121 124 127 128 128 127 124 119 114 107 102 98 94 88 82 77 74 72 71 71 71 72 75 79 82 84 86 87 88 91 94 99 105 110 114 116 116 115 112 109 106 105 104 105 105 105 103 100 96 93 89 86 82 79 77 74 71 68 66 63 62 62 63 65 66 69 75 81 86 90 96 102 109 112 113 113 111 109 105 102 101 99 98 96 95 93 91 91 91 91 92 93 93 93 92 92 91 91 89 87
94 94 94 93 93 94 94 96 99 101 103 105 107 107 106 104 105 108 112 117 121 124 127 129 129 128 125 120 113 108 104 101 97 93 88 85 81 78 78 77 78 79 82 85 87 89 91 92 94 97 102 107 114 119 124 127 126 125 122 119 116 114 114 114 115 114 112 110 106 100 95 91 87 84 81 78 76 74 71 69 67 65 64 66 69 74 79 85 90 93 96 101 108 112 113 113 112 109 105 103 101 99 97 96 94 93 92 91 91 92 93 94 93 93 92 92 91 90 88 86
93 94 94 93 94 95 95 96 99 101 103 105 107 108 106 104 104 106 111 116 120 124 127 128 129 129 125 121 116 112 108 106 103 102 100 98 94 90 88 87 86 88 90 91 92 94 95 96 99 103 108 113 119 124 129 131 131 130 128 126 123 121 121 121 122 122 120 118 115 109 103 98 94 91 88 84 81 79 77 76 75 73 73 76 79 84 88 92 96 98 100 103 108 112 113 113 112 109 105 103 100 98 96 95 94 93 92 92 92 93 93 94 94 93 92 92 91 90 87 85
92 93 94 94 95 96 96 97 99 101 103 106 108 109 108 105 104 106 111 115 120 124 127 128 129 128 126 123 120 117 114 112 112 111 109 107 104 101 98 96 94 93 94 95 97 99 100 102 104 107 111 116 121 125 128 130 131 130 129 127 125 123 123 124 124 124 123 122 119 115 110 104 99 96 93 90 88 87 86 84 84 83 84 86 90 94 97 100 103 104 105 107 109 111 113 113 111 109 105 102 100 98 96 94 93 93 92 93 93 93 94 94 94 94 93 92 91 89 86 84
92 92 94 94 95 96 97 98 99 101 104 106 108 109 109 107 105 105 109 115 119 124 127 128 128 128 128 127 125 123 120 119 119 118 116 114 111 108 105 101 99 97 97 98 100 101 103 105 107 110 113 117 120 123 125 127 127 127 125 123 122 120 120 122 123 123 123 122 121 117 113 107 103 100 97 95 93 93 92 91 92 93 94 96 100 105 109 110 110 109 109 110 111 112 113 112 110 107 104 101 98 96 95 94 93 93 93 93 93 94 94 95 95 94 93 92 89 87 85 84
93 93 94 95 95 96 97 98 100 101 104 106 107 109 109 107 106 107 110 115 120 123 126 128 129 129 129 128 127 126 125 125 125 125 124 122 118 114 110 107 104 101 100 99 99 100 101 102 105 109 112 116 118 120 121 122 123 122 120 118 116 114 115 117 119 120 120 120 120 117 114 110 106 102 99 97 96 96 95 95 97 100 102 104 108 112 115 115 114 114 114 114 113 113 112 111 109 106 103 100 97 95 94 94 93 94 94 94 94 94 95 95 94 93 92 91 88 85 84 86
94 94 94 95 95 96 97 99 100 102 103 105 107 108 108 107 107 108 111 115 119 123 126 128 129 130 130 130 130 130 130 130 130 129 129 127 123 119 115 111 107 105 102 100 99 98 98 98 99 101 105 108 111 112 114 115 115 114 112 111 108 108 108 110 112 113 114 115 115 112 110 107 104 101 97 95 95 96 97 98 101 104 107 109 111 114 116 116 117 117 117 115 114 113 111 110 108 105 102 99 97 95 94 94 94 94 94 95 95 95 95 95 94 93 92 89 86 83 84 89
94 94 94 94 96 97 97 99 100 101 103 104 106 107 108 107 107 108 111 115 118 121 125 127 128 129 131 132 133 133 134 134 133 133 132 129 126 122 118 114 110 107 104 101 99 98 96 94 94 94 95 97 99 100 102 103 103 102 102 101 100 99 99 99 101 103 105 106 107 105 103 101 99 97 95 94 96 98 99 101 104 107 109 111 112 113 115 117 119 119 118 117 114 113 111 109 107 104 101 98 95 94 93 93 94 94 95 95 96 96 95 94 93 92 90 87 85 83 85 93
93 94 94 94 95 97 98 98 99 101 102 103 104 106 107 107 107 108 110 114 117 119 122 125 127 129 131 133 134 135 135 135 136 136 134 131 128 124 120 116 112 109 106 102 100 98 96 93 91 90 89 89 90 91 91 91 91 90 90 90 89 89 89 89 90 92 94 95 95 95 94 94 93 94 94 95 97 98 100 103 106 108 111 113 114 115 115 117 118 119 119 117 115 113 110 108 105 102 99 96 94 93 93 93 94 95 95 96 96 96 95 94 93 91 89 86 83 83 88 98
92 93 93 94 95 97 98 99 100 100 101 102 102 104 106 107 107 108 110 113 115 117 120 123 126 129 131 134 135 136 136 135 136 136 135 133 130 126 121 117 114 111 108 105 102 99 97 95 92 90 89 88 87 87 86 86 85 85 84 84 85 85 86 86 86 87 88 89 89 88 88 89 90 92 93 95 97 99 101 104 107 110 113 115 117 117 116 116 117 118 118 116 114 111 109 106 103 100 98 95 93 93 93 94 94 95 95 96 96 96 95 94 92 89 87 85 83 86 95 103
89 92 93 94 94 96 98 99 100 100 101 102 101 101 103 105 106 108 109 111 113 116 119 122 125 128 131 133 134 135 136 135 135 134 134 133 130 126 123 120 117 114 112 110 107 104 101 99 97 95 94 93 92 91 90 89 89 88 87 86 87 88 89 88 88 88 88 89 88 87 87 89 90 92 94 96 98 102 104 106 109 112 115 118 119 118 117 116 117 117 116 115 112 109 107 105 102 99 97 94 92 92 92 93 94 94 95 95 95 95 94 93 91 88 86 84 84 90 101 110
84 89 92 93 94 96 97 99 100 100 101 101 100 100 101 102 104 106 109 111 112 114 117 120 124 127 130 132 132 133 134 133 132 132 131 131 129 126 123 121 119 117 115 114 113 110 108 106 103 102 101 101 100 99 99 98 97 96 94 93 94 95 96 96 95 95 94 94 93 92 92 94 95 96 97 100 104 106 108 109 112 115 117 119 120 119 118 117 116 115 114 113 111 108 106 104 101 98 96 93 91 91 91 92 93 94 95 95 95 94 93 92 89 87 85 84 88 96 106 118
80 86 90 92 93 95 97 98 99 100 100 101 100 100 100 100 102 105 108 110 112 114 116 119 122 126 129 130 131 130 130 130 129 129 129 128 127 125 123 121 120 119 118 117 117 115 114 112 110 109 108 108 108 108 108 107 106 105 104 104 105 105 106 106 106 105 104 103 101 101 101 102 102 103 104 107 110 111 111 112 114 116 118 118 119 118 118 116 114 112 112 111 109 108 105 102 99 97 94 92 90 90 91 92 93 94 94 94 94 93 92 90 88 86 84 85 92 101 111 125
75 81 87 90 93 95 96 98 98 99 100 100 100 100 100 100 101 103 107 110 112 113 115 118 121 124 127 128 129 128 127 126 126 126 126 125 125 124 122 121 120 120 120 120 120 118 117 116 116 116 116 116 116 116 115 116 116 115 114 113 113 114 115 116 116 115 113 112 110 110 111 110 110 110 111 113 114 114 114 114 115 116 117 118 119 118 116 114 112 111 110 109 108 107 104 101 98 96 93 91 90 90 90 92 93 93 94 94 93 92 90 89 86 84 84 90 97 103 113 127
70 77 83 88 91 93 95 97 97 98 99 99 100 100 100 100 101 103 106 110 112 114 115 117 120 123 124 125 126 126 124 123 122 121 121 122 122 121 120 119 119 120 121 121 121 121 120 119 120 121 121 122 122 122 123 123 123 122 121 121 121 122 123 124 125 123 122 121 119 119 119 118 117 116 116 117 117 116 116 115 116 116 116 117 118 117 114 112 110 109 108 108 107 105 104 101 98 96 93 91 89 89 90 91 92 93 93 93 92 90 88 86 84 82 84 94 102 109 119 126
65 73 78 83 88 91 93 95 96 97 99 99 99 100 100 100 101 103 106 109 111 114 115 116 118 121 122 123 124 124 122 121 120 118 118 119 119 119 118 118 118 119 121 121 122 122 121 121 122 124 125 127 128 128 128 129 128 128 127 128 128 129 130 131 131 131 130 128 126 125 125 124 122 121 121 120 119 118 117 116 116 116 115 115 115 114 112 109 108 107 107 106 106 105 104 101 98 95 92 90 89 89 90 91 92 92 92 92 91 89 86 84 81 81 84 92 102 114 123 127
62 70 75 79 83 88 91 93 94 96 97 99 99 99 99 99 101 103 105 108 110 113 115 116 117 119 120 121 121 121 120 119 118 116 115 115 116 117 116 116 116 118 119 120 121 122 122 123 124 126 128 130 132 132 132 132 132 132 131 132 132 133 134 134 134 134 133 132 131 130 129 127 126 124 124 124 122 120 118 118 117 116 114 112 113 112 110 108 107 106 106 106 106 105 104 101 97 94 92 91 89 89 90 91 92 92 92 91 89 86 84 81 78 80 85 90 98 111 121 128
58 66 71 75 79 84 87 90 92 94 96 98 98 99 98 99 100 103 105 107 110 112 114 116 117 118 119 120 120 120 119 117 116 115 114 113 114 115 115 115 115 117 118 119 121 122 123 124 125 127 130 132 134 135 134 134 135 134 134 134 135 135 136 136 137 136 135 135 135 134 132 130 128 127 126 125 123 121 119 118 117 115 113 112 111 110 110 107 106 106 106 107 107 105 103 101 97 95 93 91 90 90 91 91 91 91 90 89 87 84 81 77 76 78 84 89 92 98 111 121
55 62 68 71 75 79 83 87 90 92 94 96 97 98 98 98 99 101 104 106 109 111 113 115 116 117 118 119 119 119 118 116 115 113 112 112 112 113 114 115 115 116 117 119 121 122 124 125 126 128 131 133 135 136 135 136 135 135 135 135 135 136 136 137 137 136 135 136 137 135 134 132 130 128 127 126 125 123 121 119 116 114 113 111 109 109 108 107 106 106 107 108 107 105 103 101 98 96 94 92 90 91 91 91 91 89 88 86 83 80 77 74 75 78 81 85 89 91 100 109
53 59 64 67 71 74 78 83 86 90 92 95 96 97 98 98 99 100 102 105 108 111 113 114 116 117 118 118 118 118 118 116 114 112 111 111 111 112 113 114 115 115 117 119 121 123 124 126 127 129 132 134 135 135 135 134 134 134 133 133 133 134 134 135 135 135 136 137 137 136 135 133 131 130 128 127 126 124 122 119 116 114 112 111 109 108 107 106 107 108 109 109 108 106 105 102 100 97 95 92 91 91 91 91 89 87 85 82 80 76 72 71 73 76 77 80 84 86 91 96
54 58 61 64 67 70 73 77 81 86 89 92 95 96 96 97 98 99 101 104 107 110 113 114 115 117 119 119 120 120 119 118 116 114 112 111 110 111 112 113 114 115 116 119 121 124 125 127 128 130 132 134 135 135 135 134 133 132 132 132 132 132 132 132 133 134 135 136 137 137 135 133 131 130 129 127 126 125 123 120 116 114 112 111 109 107 107 107 109 110 111 111 109 107 105 103 100 97 94 92 91 90 90 89 87 84 82 79 75 71 67 64 64 66 67 69 73 77 81 84
55 59 61 62 64 67 70 73 77 81 86 89 92 94 95 96 97 98 100 103 106 109 112 114 115 118 120 121 121 122 121 120 118 117 115 113 112 112 112 113 114 115 117 119 122 124 126 128 129 130 132 134 135 135 133 132 131 130 129 129 129 129 129 128 129 130 132 134 136 137 135 132 130 130 129 127 127 126 124 121 118 115 113 112 110 108 108 109 111 111 112 112 110 107 105 103 100 97 94 92 91 90 89 88 85 81 78 74 70 66 60 56 53 53 53 56 61 68 73 72
55 60 62 61 62 64 67 70 73 77 81 85 88 91 92 93 95 96 98 102 105 108 111 114 116 118 120 122 123 123 123 123 122 120 118 116 114 113 113 114 115 116 118 121 123 125 127 128 130 131 132 132 133 133 131 128 127 126 126 126 126 127 126 125 126 128 130 133 135 136 134 131 130 129 129 128 127 127 125 123 119 116 114 113 111 110 109 110 112 112 113 113 111 107 104 102 100 97 94 92 90 88 87 84 81 78 74 67 62 58 53 48 45 44 45 47 51 57 66 62
56 61 63 62 62 62 63 66 69 72 76 79 83 87 89 91 92 93 96 99 103 107 110 113 116 118 120 122 124 125 125 126 125 124 122 120 117 116 115 115 116 118 120 122 125 126 127 129 130 131 131 130 131 130 128 126 124 123 124 124 124 124 125 124 124 126 129 131 134 134 133 132 130 129 129 129 128 128 126 124 120 117 116 115 113 112 111 111 113 113 113 113 111 107 104 102 99 96 93 91 88 86 84 81 77 72 66 59 52 49 46 42 39 39 40 42 45 50 54 48
57 62 64 64 63 62 62 63 66 69 72 74 77 81 85 87 89 90 93 96 99 104 108 112 115 118 120 123 125 126 127 128 128 127 125 123 120 118 117 118 118 119 121 124 126 127 129 129 130 130 130 129 128 127 127 126 125 124 123 122 122 122 123 123 123 125 128 129 132 133 134 133 131 129 129 129 129 128 127 124 121 119 118 117 115 114 113 112 113 114 114 113 111 107 104 101 98 95 92 89 86 83 80 76 71 65 58 52 44 40 37 36 35 34 35 37 41 43 42 35
58 63 65 65 65 64 62 62 63 65 68 71 72 75 79 82 85 87 89 92 96 100 104 109 113 117 120 123 125 127 128 129 130 129 128 125 122 120 120 120 120 121 123 126 127 129 129 129 129 129 128 127 127 127 126 125 124 123 122 121 121 121 121 121 122 124 126 128 130 131 132 132 131 128 127 127 127 128 127 125 122 121 120 119 117 116 114 113 113 114 114 112 110 106 102 99 96 92 89 87 83 79 74 69 64 58 51 45 39 33 29 27 28 30 31 33 36 36 32 29
59 63 65 66 66 66 64 63 62 62 64 67 68 70 73 76 80 83 85 88 92 96 100 105 110 115 119 122 125 127 129 130 131 131 130 127 125 123 122 122 122 124 126 127 129 130 130 130 130 129 128 127 127 126 126 124 123 122 121 121 121 120 119 120 122 124 126 128 130 130 130 131 131 129 127 126 126 128 128 126 124 123 121 120 119 118 116 114 113 113 113 111 108 104 100 97 93 89 86 83 79 74 68 63 57 52 45 39 34 29 25 23 24 25 26 28 30 29 26 28
60 64 66 67 67 67 66 64 63 62 62 62 64 66 69 71 74 77 80 84 87 91 96 101 106 111 116 120 124 126 128 130 132 133 131 130 127 125 125 124 125 127 128 128 130 130 131 131 131 130 129 128 126 124 123 122 121 121 120 119 119 119 119 121 123 125 127 129 129 128 129 130 130 129 128 126 126 127 128 128 126 124 123 121 120 120 117 115 113 113 111 108 105 102 98 94 90 86 82 78 74 69 63 57 53 47 39 35 28 24 23 23 23 23 23 24 24 24 24 26
61 64 67 68 68 68 67 65 64 63 61 60 61 63 65 67 68 71 75 79 82 86 91 96 101 107 112 117 121 124 126 129 132 133 133 131 129 128 126 126 127 129 129 130 131 131 132 131 131 130 128 127 125 123 122 122 121 120 119 118 118 120 120 121 123 124 125 126 126 126 127 129 129 128 127 126 126 127 128 128 126 125 123 122 121 120 117 115 113 112 109 107 103 100 96 91 86 81 78 74 69 64 58 54 50 43 35 30 24 21 22 23 23 23 23 23 23 23 24 24
60 63 67 69 69 69 69 67 66 64 62 61 60 60 61 63 65 66 69 73 77 81 86 91 96 102 107 112 117 120 124 126 129 132 133 132 131 129 129 128 128 129 130 131 132 132 132 132 131 130 128 126 124 122 121 121 121 119 118 118 118 120 121 121 122 122 123 124 125 125 125 127 127 126 125 125 125 125 126 126 126 125 124 122 121 119 117 114 112 110 108 105 101 97 92 87 81 77 73 70 65 61 55 51 46 38 30 25 21 21 21 22 22 23 23 23 23 23 24 24
57 62 67 69 70 70 70 69 68 66 63 62 61 59 59 60 61 63 65 68 72 76 80 86 91 97 102 107 112 116 120 123 126 129 131 132 131 130 130 129 129 129 130 131 132 132 132 132 131 129 128 125 123 122 120 120 119 118 116 116 117 118 119 119 120 120 121 123 124 124 124 124 124 124 124 124 124 124 124 124 124 124 123 122 120 118 116 113 111 108 105 102 98 93 87 82 77 73 69 66 62 58 53 49 42 34 26 22 20 20 21 21 22 22 23 23 23 23 24 23
53 61 65 68 70 71 71 70 69 68 65 63 62 60 59 58 58 60 61 63 66 70 74 79 84 90 96 101 106 111 116 119 123 126 128 129 130 130 130 129 129 129 129 130 130 131 131 131 130 129 127 125 124 122 119 118 118 115 113 114 114 114 116 117 118 119 119 120 120 120 121 122 123 123 123 123 124 123 123 122 123 123 122 120 118 116 114 111 108 105 102 97 92 87 82 77 73 70 67 63 59 54 50 46 39 31 24 21 20 20 21 21 22 22 23 23 23 24 23 23
50 58 64 66 69 71 72 71 71 70 68 65 63 61 60 58 57 57 58 59 62 65 69 73 77 84 90 95 100 106 111 115 120 123 125 127 129 129 128 128 128 127 127 127 129 130 131 131 130 129 126 124 122 120 117 116 115 113 111 111 111 112 114 116 117 118 118 118 117 116 117 119 120 121 121 121 121 121 121 122 121 120 119 118 115 113 111 108 104 101 98 92 87 81 77 74 71 67 64 61 56 51 47 44 36 29 23 20 19 20 20 21 21 22 23 23 24 23 23 23
48 55 61 64 67 69 70 71 71 71 70 67 65 62 60 59 57 56 56 57 58 60 64 67 71 76 82 88 95 100 105 109 115 119 122 124 126 127 127 126 126 125 125 125 126 127 128 128 128 126 123 122 120 118 116 114 114 111 109 107 108 110 113 115 115 115 114 113 113 113 114 115 116 117 117 117 117 118 119 119 117 117 116 115 112 110 107 104 100 97 93 87 82 77 74 71 68 65 61 58 53 49 46 42 34 27 23 20 19 20 20 21 21 22 23 24 24 23 23 23
45 51 58 62 64 67 69 69 70 71 70 69 67 65 62 60 58 57 56 56 55 57 59 62 65 69 74 80 86 92 97 103 109 113 117 120 122 124 124 124 124 123 123 123 123 124 125 124 124 122 121 119 118 116 115 113 112 109 106 105 105 106 108 110 110 110 109 109 110 110 110 111 112 113 113 113 114 115 116 115 114 113 113 111 109 106 103 99 95 91 87 82 77 74 71 69 65 62 59 56 52 49 45 40 31 26 22 20 19 19 20 21 21 22 23 23 23 23 23 22
43 48 55 60 62 64 66 68 69 69 70 70 69 67 63 61 59 58 56 56 55 55 56 58 60 63 67 72 78 84 90 96 101 105 110 113 116 118 120 120 120 120 120 120 121 121 121 121 120 119 118 117 116 114 112 111 109 106 103 102 101 102 103 105 106 107 107 106 106 106 106 107 108 109 110 111 111 110 111 111 110 109 107 106 103 100 97 93 89 85 81 77 74 71 69 66 63 61 57 54 51 48 43 37 29 24 21 20 20 19 20 21 21 22 23 23 23 23 23 22
41 45 50 57 61 62 63 65 67 68 68 68 69 68 65 63 61 59 57 56 55 54 54 54 56 58 61 65 69 75 81 86 92 97 102 105 109 112 114 115 116 116 116 116 116 116 116 116 116 115 113 112 111 109 108 106 104 101 99 98 97 97 99 100 101 103 104 103 102 102 102 103 104 105 107 107 106 105 105 105 105 103 101 99 96 92 89 85 82 79 77 74 71 69 66 64 61 59 56 52 49 45 40 33 26 23 20 20 20 19 20 21 22 22 23 23 23 23 23 23
37 42 46 52 57 60 61 62 64 66 66 67 67 67 66 64 63 60 58 57 55 54 54 53 53 54 56 59 63 67 71 76 82 87 92 95 99 102 105 107 109 110 110 111 111 110 110 110 109 109 107 105 104 103 102 100 98 96 94 93 92 92 93 94 95 97 98 98 97 96 97 98 99 100 101 101 100 99 99 98 97 96 93 90 87 84 81 78 76 75 73 71 69 67 64 62 60 57 53 50 47 43 37 30 25 22 20 20 20 20 20 21 22 23 23 23 23 23 23 23
34 37 41 46 52 57 59 61 62 63 64 66 66 66 65 63 63 62 60 58 56 55 54 53 52 52 53 55 58 61 64 67 72 76 79 83 88 91 94 97 99 101 103 104 104 103 103 102 102 101 100 99 97 96 95 93 92 91 89 88 87 87 87 88 89 90 91 91 91 91 91 92 93 94 94 94 93 92 91 90 89 87 84 81 79 77 75 74 73 72 71 69 67 65 62 61 58 54 52 49 45 40 34 28 23 21 20 20 20 20 20 21 22 23 23 22 23 23 23 22
31 34 37 40 44 51 56 58 59 60 61 62 63 64 64 64 62 61 60 58 57 55 54 53 53 52 52 53 54 57 59 61 64 67 69 73 77 80 83 85 87 90 92 94 95 94 94 93 93 93 92 91 90 89 87 86 85 84 83 81 80 81 81 81 82 83 83 84 84 84 85 85 86 86 86 86 85 83 82 80 79 78 76 75 73 72 71 71 71 70 68 67 66 63 60 59 56 53 50 46 42 37 31 25 22 20 20 20 20 20 21 21 22 23 23 22 23 23 22 22
29 33 35 37 39 43 47 51 55 58 59 60 60 61 62 63 62 61 60 59 57 56 55 54 54 53 53 53 53 54 55 57 59 61 62 64 67 70 72 74 76 78 81 83 84 84 84 84 83 83 82 82 81 80 79 78 77 76 75 75 73 73 73 74 74 75 75 75 76 76 76 77 77 77 77 76 76 74 73 71 71 71 71 70 69 69 69 69 68 67 66 65 63 60 58 57 54 51 47 43 39 33 27 23 21 20 20 20 20 20 21 22 23 22 22 22 23 23 22 22
27 31 33 35 36 38 40 44 47 51 55 57 58 59 59 60 61 61 60 59 57 56 55 55 55 54 54 54 54 54 54 55 56 57 58 59 61 63 64 65 67 69 71 72 73 74 74 74 74 73 73 72 71 71 70 69 69 68 68 67 66 65 65 65 65 66 66 67 67 67 67 68 68 69 69 69 68 67 66 66 66 67 67 67 67 67 67 66 66 65 64 62 60 58 57 55 52 48 45 40 35 30 25 22 21 20 20 20 20 20 21 22 23 22 22 23 23 23 22 22
