32 36 41 46 51 56 59 63 65 68 71 74 76 78 81 83 83 81 79 79 80 82 84 86 90 93 97 103 110 117 126 132 138 142 141 143 147 144 142 145 150 146 139 134 133 131 131 133 134 132 130 134 134 131 130 131 128 125 125 130 132 132 132 133 132 133 133 130 130 129 131 136 138 138 140 143 146 147 145 147 146 142 138 135 131 125 122 120 118 113 109 104 99 93 92 93 93 94 93 92 91 90 88 86 85 82 78 76 74 69 64 61 57 51 46 42 38 34 31 29
33 37 42 46 51 57 60 63 66 68 72 74 76 77 80 83 83 82 81 80 81 84 86 89 92 95 99 105 111 117 123 129 135 139 139 139 142 142 141 144 147 145 138 134 132 130 130 133 136 135 135 137 136 133 132 134 133 131 133 136 137 136 134 134 134 135 135 134 135 135 138 142 142 143 145 148 150 150 148 150 150 144 140 135 130 126 124 122 119 115 112 108 104 99 96 97 96 96 95 93 92 91 90 88 87 83 80 78 75 70 66 63 58 53 48 44 39 35 32 30
35 38 43 48 53 58 61 64 67 69 72 75 76 77 79 82 84 83 83 82 83 86 89 92 96 99 102 107 113 118 124 129 130 133 135 135 139 141 139 140 141 141 138 135 132 131 130 133 136 137 137 139 136 134 134 136 136 135 137 139 140 138 136 135 135 137 137 138 139 140 143 145 145 147 148 150 152 152 152 152 149 141 139 134 128 126 124 122 120 117 113 110 108 105 102 100 99 97 95 93 92 92 92 90 87 84 81 78 75 72 68 64 59 55 51 46 41 36 33 31
36 39 44 49 55 59 63 66 68 71 73 75 76 77 78 82 85 85 85 85 86 89 92 95 99 103 105 109 113 117 123 127 127 130 134 135 138 137 136 139 141 140 138 135 132 130 129 131 135 138 139 138 136 135 135 137 139 136 135 139 140 139 138 136 136 139 141 141 141 142 144 146 148 147 148 151 152 152 152 151 147 140 138 133 128 124 123 121 120 117 114 112 110 108 105 102 101 98 95 94 92 93 93 90 87 84 81 78 74 72 68 64 60 56 52 48 42 37 34 32
37 42 47 51 56 61 64 67 69 72 73 75 76 78 80 83 86 88 88 88 89 91 94 97 101 105 108 110 112 115 119 125 128 131 133 133 137 137 136 139 141 140 137 136 135 131 128 130 135 139 140 138 139 137 135 139 144 139 136 141 142 139 138 138 138 140 143 144 143 144 144 147 149 147 148 150 151 150 150 149 146 139 135 132 128 124 122 119 117 115 114 111 109 108 106 104 101 98 95 94 93 94 94 91 88 85 81 77 74 71 68 64 61 59 55 50 44 39 36 33
40 44 49 53 57 61 65 68 70 73 74 75 78 80 82 84 87 90 91 91 91 92 96 98 102 105 107 108 111 112 115 120 124 126 128 128 133 136 135 135 136 137 134 135 135 132 128 129 134 140 141 141 141 138 137 141 144 142 140 142 142 140 138 137 139 141 144 145 144 145 145 147 148 147 146 147 148 147 145 143 139 133 131 128 125 122 120 117 115 113 112 110 108 108 107 105 101 98 96 95 96 95 94 92 89 85 81 78 75 72 68 66 64 62 58 52 46 41 37 35
43 46 51 55 58 62 65 68 71 74 75 76 79 82 83 85 88 90 91 92 93 94 96 99 102 105 106 108 111 112 113 117 121 123 124 125 127 130 131 131 131 132 132 132 133 133 130 128 132 138 140 142 143 140 139 142 142 142 144 145 144 142 136 135 139 142 145 145 144 144 145 147 146 145 144 143 143 142 140 137 135 130 127 124 121 119 117 115 113 111 110 108 108 108 107 105 101 99 97 97 98 96 94 92 89 85 82 78 76 73 69 67 65 64 60 55 49 43 39 36
46 51 56 59 61 64 66 68 72 75 77 78 80 82 85 87 89 91 91 92 93 95 97 99 102 106 108 109 112 112 113 116 119 121 122 125 126 125 125 127 127 127 127 128 130 131 129 129 132 136 139 141 142 143 143 144 143 143 145 147 147 143 138 137 140 143 144 145 144 144 144 145 143 142 140 139 138 138 136 133 130 126 124 121 118 116 114 112 111 109 108 108 108 107 107 105 102 100 99 99 99 97 95 93 89 85 82 79 76 74 71 68 67 65 63 59 52 47 42 39
50 55 60 62 64 65 67 69 72 75 78 80 81 83 86 88 89 91 91 92 93 95 98 99 102 105 108 110 112 114 115 116 119 120 121 124 126 126 124 125 126 127 126 126 128 129 129 129 133 136 139 141 141 142 145 145 145 144 144 147 147 144 142 142 144 144 142 143 141 141 142 143 141 139 138 136 134 133 132 129 126 122 120 118 116 114 113 112 110 108 108 108 108 107 106 104 103 102 101 100 100 98 95 93 90 86 83 80 78 75 72 70 68 67 65 62 57 51 46 43
55 59 63 65 66 68 69 70 72 75 78 80 82 84 87 89 90 91 91 93 94 96 99 100 102 105 108 110 111 114 116 117 118 120 121 123 124 125 124 122 124 126 126 125 127 129 129 130 133 136 138 141 142 143 145 146 147 145 145 148 148 146 145 145 145 144 142 142 140 138 140 140 138 137 136 133 130 130 129 126 124 121 119 117 116 113 113 112 109 108 108 107 107 106 104 103 102 103 102 101 99 98 96 93 91 87 84 81 79 76 74 72 70 68 66 64 60 55 51 47
59 62 65 67 68 69 70 71 73 75 78 80 82 85 87 90 91 91 91 92 94 97 100 101 103 105 108 111 112 114 116 117 118 120 122 123 123 124 124 123 123 125 125 125 126 128 129 130 133 135 136 139 141 143 146 147 147 147 147 148 148 147 145 144 144 143 142 141 140 138 137 136 134 134 132 130 129 128 127 124 122 120 119 117 116 114 113 112 109 108 108 107 106 105 102 102 102 103 102 100 98 98 96 93 91 88 85 82 81 78 75 73 71 70 68 67 63 59 55 51
62 64 66 68 69 70 71 72 73 75 77 79 82 85 87 89 91 92 92 93 94 97 100 102 103 106 109 111 113 115 117 118 118 119 121 124 125 125 124 124 124 125 125 125 126 128 129 130 131 133 134 137 139 142 145 147 148 147 146 147 148 147 144 144 143 141 140 140 140 137 135 133 131 130 129 128 128 127 126 124 122 120 120 118 117 116 115 113 111 109 108 107 106 103 102 102 102 102 101 99 98 97 95 93 90 88 86 83 82 80 77 74 73 72 70 68 65 61 58 55
63 65 66 68 69 70 71 72 73 75 77 79 81 83 86 88 89 90 91 93 95 98 101 103 105 108 110 113 116 117 118 119 120 122 123 125 128 127 126 125 124 125 126 126 127 128 129 130 131 133 135 137 139 141 144 146 147 145 143 146 149 149 147 146 143 140 139 139 138 136 135 132 128 126 126 127 128 128 126 124 123 122 122 120 119 118 116 113 112 110 108 107 106 104 102 101 100 100 98 98 96 95 93 92 90 88 87 84 82 80 78 75 74 73 71 69 66 63 60 58
65 66 66 68 69 70 71 72 73 74 76 78 79 81 83 84 85 86 88 91 94 97 101 104 107 110 112 115 117 119 120 122 123 125 126 127 130 129 129 128 127 127 128 129 129 130 131 133 134 135 136 137 139 140 143 145 145 143 142 145 148 149 149 147 144 141 139 139 138 136 133 130 127 126 127 128 129 128 126 125 125 125 123 122 121 120 117 114 112 111 109 108 107 105 104 101 98 97 96 94 93 92 91 91 90 88 87 84 82 80 78 76 74 73 72 70 67 64 62 60
66 66 67 68 68 69 71 72 73 73 74 76 77 77 77 77 77 78 82 85 90 94 98 102 106 110 114 117 120 121 125 128 128 129 129 129 132 132 132 132 131 131 132 133 133 133 135 137 138 137 137 139 140 141 144 144 144 142 142 146 148 148 148 147 144 142 141 140 138 134 132 129 128 128 129 131 131 128 127 128 129 128 126 125 124 122 118 115 113 113 111 110 108 105 103 100 96 95 92 89 87 86 86 87 87 86 85 83 82 80 79 77 75 74 73 71 68 66 63 61
66 66 67 67 68 69 70 70 70 70 70 71 71 69 68 67 67 68 71 76 82 88 94 99 104 109 114 118 123 125 129 131 131 132 133 133 135 137 136 135 134 135 136 136 136 137 139 140 140 140 140 140 141 143 144 144 143 143 144 146 148 148 148 147 145 143 142 142 140 137 134 131 130 131 133 134 134 132 131 132 133 131 130 130 128 124 121 119 117 115 114 113 110 106 102 99 95 90 85 81 79 78 79 82 82 83 82 82 81 80 79 78 75 74 73 71 69 67 65 63
67 67 66 67 67 65 64 63 63 62 62 63 62 59 57 56 56 57 61 67 74 81 88 95 101 108 114 119 123 127 130 134 135 136 139 140 141 142 141 139 138 139 139 140 139 140 142 143 143 142 142 142 143 144 144 145 145 144 143 146 149 149 149 148 146 145 145 144 143 141 139 135 133 135 137 138 138 137 136 137 137 134 134 134 131 126 124 124 122 119 117 114 110 105 100 96 90 82 75 70 68 68 69 72 75 77 77 78 79 79 79 78 76 75 73 72 70 69 66 64
67 67 65 63 61 58 56 55 54 52 52 53 53 50 49 47 48 49 52 58 64 70 78 86 95 103 111 118 123 127 132 136 139 141 144 146 146 146 145 144 143 142 142 143 144 144 146 148 147 146 146 145 145 146 147 148 148 148 147 149 150 150 150 150 149 149 149 148 147 145 144 140 138 140 143 143 142 142 141 141 140 137 137 137 134 130 128 128 128 126 121 115 108 101 94 88 80 73 65 60 58 58 59 62 65 68 68 70 72 75 77 77 76 75 73 72 71 70 68 65
67 65 62 59 55 51 49 48 46 44 43 44 44 44 43 42 42 43 46 51 56 61 68 77 87 97 105 112 118 125 129 133 139 143 146 148 148 148 147 148 146 144 146 147 148 149 151 153 152 150 149 149 148 149 150 151 153 153 152 153 152 152 152 153 154 154 153 151 150 150 149 146 145 146 148 147 146 146 146 145 143 141 138 136 135 132 129 129 129 124 118 111 102 94 86 80 72 64 57 52 50 49 50 51 53 55 56 59 62 66 70 73 74 75 74 73 71 70 68 66
64 61 57 53 49 45 43 41 40 40 40 40 40 40 39 37 38 39 42 45 48 51 56 64 74 84 92 102 110 117 123 128 136 141 143 145 147 147 148 149 148 146 147 148 150 153 156 156 155 154 153 152 151 152 153 155 157 156 155 154 154 155 155 157 158 157 156 155 155 155 154 152 151 150 150 150 148 147 147 145 142 140 138 134 131 127 125 125 124 118 111 104 94 85 77 71 63 57 51 46 44 43 43 42 43 44 45 47 50 53 59 66 70 73 73 72 71 70 69 67
63 59 55 52 47 43 41 39 38 37 37 37 37 37 37 36 36 38 40 41 43 45 47 51 60 70 79 88 96 102 109 116 124 132 136 138 142 143 145 147 147 146 147 147 147 152 158 158 156 156 156 155 153 154 155 156 158 158 157 156 156 156 158 160 161 160 158 158 158 158 157 155 154 151 151 151 149 147 144 140 138 136 132 128 121 116 116 114 109 104 98 91 83 74 67 61 54 49 45 42 40 39 39 39 40 41 41 41 41 43 48 57 63 68 71 72 72 72 70 69
65 62 57 51 47 43 40 38 38 38 38 37 37 37 38 37 36 37 38 39 39 39 39 41 46 54 62 68 77 85 91 99 106 115 122 126 132 136 138 141 143 143 143 144 146 150 155 156 154 154 155 155 154 154 154 154 156 157 156 156 156 156 157 160 161 160 159 158 158 158 156 153 150 149 148 147 144 142 138 133 131 127 121 115 107 100 101 98 91 87 80 74 67 60 55 50 45 42 39 38 38 37 37 38 39 41 41 40 40 40 43 48 54 61 67 71 73 73 72 70
64 60 55 51 46 44 43 42 41 41 41 40 40 40 40 40 38 37 35 35 35 35 34 34 36 40 46 52 58 66 72 79 86 94 100 106 116 124 128 132 135 136 137 137 141 144 149 150 149 150 151 152 152 151 150 151 153 154 153 153 154 155 155 156 157 158 156 154 154 154 152 148 143 142 139 137 136 133 129 124 120 113 106 99 90 85 84 79 74 69 62 55 50 47 44 42 39 38 36 35 35 36 37 38 40 41 41 41 42 43 43 46 51 57 63 68 71 72 72 71
63 61 59 55 52 50 49 48 48 47 46 45 44 43 42 41 39 37 35 34 33 32 31 30 31 33 36 40 44 48 53 58 64 71 79 86 96 106 112 116 121 124 126 127 129 134 140 143 142 144 146 147 147 146 147 148 150 150 150 150 150 151 152 152 152 152 150 149 149 147 145 141 133 130 127 126 125 120 115 111 104 96 89 81 73 70 65 60 55 51 45 40 37 36 35 35 34 34 34 34 36 38 39 41 43 45 45 46 46 47 49 52 54 59 63 67 71 73 73 72
64 63 62 59 58 58 56 55 56 56 54 51 49 48 47 45 42 40 38 35 34 34 33 31 31 31 32 34 37 39 41 42 46 51 59 67 75 85 92 98 103 106 110 113 117 123 128 132 135 137 139 140 140 141 142 142 144 144 143 144 145 146 146 145 145 145 144 143 142 139 136 129 121 118 115 113 111 107 104 97 89 81 75 66 59 53 47 44 41 37 34 32 33 33 32 31 31 33 36 39 42 45 47 49 51 53 54 55 56 55 57 59 62 64 66 70 73 75 74 73
66 65 64 62 62 63 63 64 65 66 64 62 60 58 58 56 53 50 49 47 44 43 41 39 38 38 37 37 37 37 37 37 38 39 43 50 59 68 76 82 87 90 94 98 105 111 116 122 127 131 133 134 134 135 136 136 138 139 139 139 139 140 140 139 138 138 138 136 134 130 125 116 109 105 102 100 98 94 90 82 73 66 59 52 47 41 37 35 34 32 33 34 34 33 33 35 38 43 46 49 51 55 57 58 60 62 62 63 64 64 64 66 68 70 71 73 75 75 75 74
69 68 68 68 69 70 70 72 73 73 73 72 71 72 73 72 69 67 65 64 61 61 59 55 53 51 49 47 45 44 43 41 41 40 40 42 48 55 63 69 73 77 81 86 92 100 106 112 119 124 127 128 129 129 130 131 133 134 134 135 135 135 134 133 132 132 131 129 126 122 116 106 97 93 91 88 84 79 77 69 61 56 51 45 41 38 36 36 37 38 40 41 40 42 45 50 55 58 61 63 65 67 67 67 67 69 71 72 73 73 72 72 74 75 76 77 77 77 76 75
71 70 71 73 75 76 77 78 79 80 80 79 79 81 84 85 85 84 84 83 81 82 79 76 73 70 66 61 58 56 52 49 47 45 44 43 44 47 52 57 61 66 70 75 82 89 95 103 110 115 120 122 124 124 125 126 128 129 129 130 130 130 129 128 128 128 126 123 119 114 107 96 89 84 81 78 73 69 66 61 57 54 49 45 42 42 43 44 46 48 50 52 55 61 66 70 73 77 81 82 80 81 80 79 78 79 81 81 80 80 79 78 78 78 78 78 79 78 78 77
73 74 75 76 78 79 81 83 84 85 87 86 86 88 92 95 98 100 101 101 101 101 99 96 93 88 84 79 75 71 66 62 57 53 50 49 49 49 49 52 54 58 62 67 74 79 86 95 103 109 114 118 120 120 121 122 124 125 125 127 127 126 126 126 126 125 122 118 113 106 97 88 82 78 74 71 66 63 61 58 57 56 52 51 51 53 54 55 59 61 65 71 78 83 85 87 92 97 97 97 95 94 93 91 90 89 88 87 86 86 85 83 81 79 78 78 78 78 78 77
75 76 78 79 80 82 83 84 85 87 89 90 91 93 95 100 105 109 112 114 114 116 115 112 109 105 101 96 92 88 82 76 71 65 60 57 55 54 53 53 53 55 57 60 65 71 78 87 96 103 109 113 115 117 118 120 122 123 123 125 125 124 124 124 124 122 118 114 108 100 91 84 79 76 71 68 65 63 62 60 60 60 59 60 62 65 67 70 74 79 84 91 96 101 103 105 109 110 110 109 107 105 102 101 98 95 93 91 90 88 86 85 84 82 80 80 78 78 78 78
76 78 79 80 81 83 84 84 85 86 88 90 92 94 96 100 106 111 115 120 121 123 124 123 120 116 113 110 106 102 97 92 86 80 75 70 64 60 59 58 58 58 58 59 62 66 72 81 89 97 103 107 110 113 115 117 119 120 121 122 123 123 123 123 122 119 116 111 104 96 88 82 78 74 69 67 67 66 66 66 67 68 69 71 74 78 81 85 90 95 101 106 109 112 113 115 117 117 117 115 113 110 108 105 101 98 95 92 90 88 86 86 85 84 83 83 81 80 79 79
77 77 77 78 79 80 82 83 83 84 85 86 88 90 93 98 102 108 114 120 124 126 127 127 125 122 120 117 114 112 109 104 99 93 88 83 76 71 67 64 63 63 63 62 64 66 70 77 84 91 98 103 107 111 113 116 117 119 120 120 120 121 122 122 120 117 113 108 101 95 88 82 77 73 70 70 71 71 72 74 76 77 79 82 85 89 93 98 103 107 111 114 117 118 119 119 120 120 119 117 115 113 109 105 101 97 94 92 90 88 87 86 85 85 85 84 83 82 80 79
67 68 69 69 69 71 73 75 75 76 77 79 80 82 85 90 94 99 106 115 121 124 126 126 125 123 121 120 118 116 114 111 108 104 98 94 87 81 76 72 70 69 68 68 68 69 72 77 83 89 96 101 106 110 113 115 117 118 119 119 119 120 121 120 119 116 112 107 102 96 90 85 80 78 76 75 76 76 77 80 82 85 88 92 96 100 104 108 111 114 116 118 119 119 120 120 121 121 120 117 115 112 107 103 98 94 91 89 87 86 85 85 85 84 84 84 84 82 81 79
56 55 54 53 53 53 53 54 54 55 57 62 63 66 68 72 76 82 89 99 109 113 114 114 115 114 113 113 113 113 113 113 112 110 106 102 97 89 84 81 77 75 73 73 72 72 75 80 85 90 96 100 105 110 112 115 116 117 118 119 121 121 121 120 119 117 113 108 103 97 92 89 86 84 82 82 83 83 83 85 88 91 94 99 104 107 110 113 115 116 117 117 117 116 117 118 118 119 118 114 110 105 100 96 93 89 86 85 83 82 81 82 82 81 82 82 82 81 80 78
48 47 47 46 45 44 42 43 43 43 43 44 45 47 49 52 54 58 63 68 75 80 84 87 88 90 91 94 96 98 100 103 105 107 106 104 102 96 90 86 81 79 78 78 78 78 80 83 87 92 97 101 106 110 113 115 116 116 117 119 121 122 121 120 119 118 115 111 106 100 95 91 89 88 88 88 88 87 87 89 91 93 98 102 105 106 109 111 110 110 110 108 107 106 106 106 106 105 102 100 96 91 86 83 80 76 74 72 70 69 68 69 71 72 72 74 75 75 75 74
44 45 46 48 49 50 46 45 44 44 43 40 41 41 42 43 44 44 46 46 46 48 52 57 58 60 62 67 73 75 78 80 83 86 87 89 93 92 89 85 81 79 78 79 81 82 84 87 89 94 99 103 107 111 115 117 117 117 118 119 121 122 122 121 120 119 116 113 109 104 98 95 93 92 91 90 88 86 85 86 88 89 91 93 93 92 95 95 93 92 89 86 84 82 82 83 81 78 75 72 68 64 61 60 58 55 51 48 47 46 44 46 47 48 49 52 57 62 65 67
48 50 51 53 54 55 56 57 58 56 54 51 50 50 49 49 49 49 50 51 51 52 52 52 52 51 51 52 56 59 61 64 65 67 69 69 73 74 73 73 71 71 72 74 77 81 85 88 91 94 99 103 108 113 117 119 119 120 120 121 123 124 124 123 122 120 118 114 109 104 99 97 96 93 89 84 80 77 75 75 74 74 76 77 76 75 73 68 65 63 60 56 53 49 49 51 47 43 41 38 37 33 33 35 34 34 33 34 36 37 38 37 35 34 35 39 43 50 55 56
47 53 56 56 57 58 59 60 59 55 52 52 50 48 47 47 47 48 49 51 54 55 56 56 55 54 54 53 53 55 57 58 58 60 62 61 61 61 61 60 59 57 58 60 65 72 79 84 88 92 97 101 106 112 117 120 121 122 123 124 125 126 125 124 123 121 118 112 106 98 92 89 88 83 76 70 66 63 62 63 62 63 64 63 60 58 52 46 43 41 37 35 32 31 30 30 31 32 35 37 36 36 37 38 39 41 41 42 43 42 42 40 39 39 39 39 39 39 43 44
55 65 67 65 66 66 64 61 56 51 48 48 47 45 44 44 43 44 45 47 48 49 48 47 46 45 45 45 45 48 50 51 54 58 60 61 58 58 57 55 53 51 50 50 53 57 62 69 75 82 89 95 100 106 114 118 121 122 123 124 126 126 126 124 122 119 113 104 94 85 78 74 73 68 63 58 53 53 56 54 52 51 49 46 44 41 38 37 34 33 33 33 33 35 37 39 40 42 46 50 50 51 53 53 53 54 54 56 56 56 56 54 51 49 44 38 31 28 27 28
50 58 62 65 67 68 65 61 55 50 47 45 43 41 40 40 40 41 41 42 43 43 42 43 45 42 37 37 40 45 45 43 47 50 53 56 57 59 59 57 54 52 50 47 49 52 52 55 59 63 70 76 84 94 104 112 117 120 121 122 123 123 122 119 113 104 92 83 73 67 64 63 61 57 52 48 44 44 45 43 42 42 42 43 45 45 44 43 40 41 44 42 38 41 51 53 46 45 48 49 48 48 49 50 52 53 56 58 59 62 64 66 66 64 59 50 40 33 28 23
43 49 56 63 66 67 65 61 55 51 48 45 42 40 38 37 38 39 41 42 41 40 37 38 46 44 36 36 41 45 41 38 42 46 49 52 56 58 58 56 55 54 53 52 52 52 51 50 51 52 55 58 63 71 82 93 99 102 104 107 108 107 105 99 90 80 72 66 59 55 54 54 51 47 45 44 46 45 44 46 48 50 52 55 54 51 48 45 42 45 44 38 34 39 43 39 33 35 42 43 40 38 38 38 40 43 46 50 54 59 64 67 68 66 62 54 43 34 28 23
40 43 48 55 60 63 63 60 56 54 51 47 44 42 39 38 40 43 44 44 45 43 37 35 44 41 31 32 36 38 37 38 42 47 49 52 58 60 60 59 57 56 55 54 52 52 54 53 50 46 46 48 51 56 66 75 79 79 79 81 82 83 82 80 75 68 61 55 50 46 46 47 47 49 51 53 55 56 56 59 61 61 62 60 54 50 47 39 36 42 37 28 28 33 33 29 27 31 40 42 39 37 36 35 37 40 42 46 50 56 60 64 64 61 58 53 45 35 30 24
36 38 43 48 53 57 58 58 57 56 55 51 47 44 42 42 44 46 47 48 50 45 35 30 32 31 28 28 31 33 31 34 42 46 46 48 56 63 66 65 63 62 61 60 58 55 54 55 53 49 39 34 37 44 51 57 63 65 66 66 65 67 66 62 55 46 40 39 41 42 45 49 55 60 63 65 65 64 65 65 64 63 61 54 46 44 44 36 32 36 30 23 25 29 27 25 28 34 43 44 42 40 40 39 42 45 48 50 53 56 59 60 59 56 52 48 42 34 32 27
35 35 38 43 47 51 53 55 56 57 56 53 50 48 47 48 51 51 51 53 57 50 37 28 24 24 27 25 25 26 28 35 44 48 42 39 47 60 68 70 70 69 69 68 67 66 64 62 59 54 43 28 25 33 34 40 45 45 46 46 46 47 45 39 33 27 26 33 42 49 54 61 68 70 72 72 68 65 65 64 64 63 58 47 41 46 49 39 30 28 24 21 21 21 22 25 29 41 49 49 47 46 46 46 49 53 56 58 59 58 57 56 54 50 46 44 39 32 31 29
37 35 36 39 43 46 49 51 53 55 55 54 52 51 51 52 56 57 57 59 62 58 46 34 27 25 24 23 23 25 31 38 47 53 45 37 38 51 64 70 71 71 73 73 74 74 73 72 68 62 51 30 20 21 20 23 26 26 26 28 29 28 26 23 21 18 21 35 54 61 65 70 74 75 75 73 70 67 66 67 66 64 54 41 43 51 52 44 32 25 23 22 22 22 23 27 36 52 56 55 55 53 51 51 53 56 58 60 59 57 54 52 49 46 43 42 39 33 31 31
41 37 36 37 39 43 45 48 50 53 54 55 55 54 54 55 57 61 65 66 67 65 57 46 36 32 29 29 31 34 37 43 51 57 53 45 38 44 60 70 73 73 74 75 76 77 79 80 78 73 60 35 19 18 17 18 20 20 20 19 19 18 19 18 17 17 22 45 67 70 71 73 75 77 77 75 73 70 69 71 68 63 50 41 47 55 55 49 40 32 28 26 26 27 30 39 51 62 65 64 63 60 57 55 55 56 57 58 57 55 51 48 45 42 41 42 40 35 33 32
47 42 38 37 38 40 43 45 49 52 55 57 59 59 58 59 60 63 68 73 73 70 65 57 49 45 42 41 43 45 47 54 60 62 59 53 49 50 61 71 74 75 77 78 78 77 78 80 82 79 64 37 19 17 18 19 20 21 22 22 22 22 21 20 18 16 25 54 71 74 73 74 77 79 79 79 77 74 73 75 71 62 52 50 55 61 60 54 48 42 39 37 38 42 48 57 67 72 72 71 68 64 61 58 56 56 55 55 54 51 48 45 42 41 42 44 43 38 36 33
54 48 43 40 39 40 41 44 48 52 56 60 63 64 63 63 63 65 68 72 74 74 73 68 61 56 53 51 51 54 56 60 64 64 64 61 59 56 62 70 75 77 79 79 79 78 78 79 78 72 60 36 21 18 21 23 25 27 30 30 30 29 27 25 21 18 29 55 69 72 74 76 79 81 81 82 80 78 77 79 75 64 59 61 63 65 65 60 55 52 50 50 52 58 64 70 74 76 75 73 69 66 64 62 59 57 55 52 50 48 45 43 41 42 44 49 47 39 38 35
62 56 50 46 43 42 42 44 48 53 58 64 69 70 69 67 66 66 68 70 71 73 73 72 68 63 61 59 58 59 60 61 63 66 68 67 64 64 67 71 75 79 80 80 79 78 78 77 71 64 54 32 23 21 25 30 35 39 44 44 43 39 35 31 25 21 27 51 64 67 72 76 80 82 83 84 82 81 80 81 78 72 67 68 68 67 66 65 62 60 59 60 62 66 69 72 73 73 72 70 69 68 67 66 64 60 57 53 49 46 45 43 43 45 49 54 50 41 42 37
70 65 58 53 49 46 45 46 50 55 61 68 74 76 77 75 72 69 69 69 69 70 71 70 68 66 64 62 62 61 61 63 64 66 68 69 70 72 74 76 79 82 81 79 79 79 79 73 63 57 48 29 25 26 33 40 47 55 62 64 61 55 48 40 32 25 26 44 57 62 65 74 79 82 84 86 86 85 84 84 81 78 75 73 70 68 66 65 63 62 62 63 64 66 67 69 70 70 70 70 70 72 73 72 69 65 59 55 51 48 47 46 47 50 54 59 53 44 44 39
76 73 67 61 56 51 49 50 53 58 65 73 79 82 83 83 80 76 74 72 70 70 69 69 68 67 65 64 64 64 63 65 65 66 69 72 75 77 79 82 84 85 82 78 79 79 75 66 58 51 39 26 27 33 42 52 63 74 82 85 82 74 63 51 40 29 27 36 48 54 58 68 76 81 85 88 90 89 89 88 84 80 77 74 70 68 65 63 63 62 62 63 64 65 66 68 69 71 72 74 77 79 80 78 75 70 64 58 54 51 51 51 53 57 62 64 57 47 47 45
81 79 75 70 64 58 55 55 57 62 70 78 84 87 89 90 89 86 85 82 79 77 75 74 73 71 69 68 67 66 67 69 71 72 74 76 80 82 84 87 89 88 84 80 80 79 70 60 51 48 32 25 31 41 53 67 83 94 101 104 102 94 81 65 50 36 28 33 43 46 53 61 71 79 85 90 93 94 94 93 88 84 80 77 74 72 69 67 66 65 65 65 66 68 70 72 75 78 80 83 85 87 87 84 80 74 68 63 58 55 55 57 59 64 69 72 61 50 54 54
86 84 82 78 73 66 62 61 63 68 75 82 88 92 94 95 96 95 94 92 90 89 86 84 82 79 77 76 74 74 74 75 77 78 80 83 86 89 90 92 93 91 87 83 81 73 63 57 48 41 26 28 37 51 67 85 101 111 117 120 118 111 99 83 63 46 32 31 40 47 47 53 66 77 85 91 95 98 99 97 93 90 86 83 80 77 75 74 74 73 73 74 76 78 80 81 84 87 89 91 92 93 93 90 86 79 73 67 64 62 62 63 67 72 76 80 64 55 61 63
90 86 85 84 81 75 69 67 68 73 80 86 92 96 98 99 100 101 100 99 98 96 94 91 89 87 84 83 82 80 80 81 83 83 86 90 94 96 96 96 96 94 91 87 80 67 60 54 46 31 25 35 47 65 86 103 116 124 129 130 130 124 113 98 78 57 38 31 36 49 51 46 60 76 85 92 96 101 103 102 99 96 92 88 84 81 79 79 79 79 80 82 84 86 88 89 92 94 95 96 97 97 97 95 90 84 78 73 70 69 69 70 73 77 86 84 60 63 68 65
85 88 86 86 86 83 77 73 73 78 85 92 96 99 101 102 103 103 103 103 102 101 99 96 94 91 89 88 87 85 84 86 89 90 93 97 100 101 101 100 99 96 94 89 77 66 62 52 39 28 31 44 60 80 100 115 124 131 135 136 136 133 127 114 96 74 51 35 36 45 55 51 55 72 85 93 98 103 105 105 104 102 98 94 89 86 83 82 82 83 84 85 87 89 91 93 95 96 97 98 99 100 99 98 94 89 84 80 77 76 77 78 80 80 90 77 57 66 70 65
67 78 80 84 85 85 82 78 77 82 88 96 101 102 103 104 105 104 103 103 103 102 101 99 96 94 92 91 90 88 88 91 94 96 100 103 106 106 106 105 102 99 95 87 76 71 59 47 35 28 41 55 73 93 112 123 130 135 136 137 137 137 135 126 113 93 68 46 37 42 53 58 58 68 83 93 99 103 106 107 108 107 105 101 96 91 87 86 86 86 86 86 87 89 91 93 95 96 97 98 99 101 102 100 97 94 90 86 83 82 84 83 81 85 79 57 57 67 72 67
58 67 68 70 77 81 82 81 81 83 87 95 100 104 105 106 105 105 104 103 102 102 101 99 97 95 95 94 93 93 94 97 100 102 105 108 110 109 108 107 104 100 94 84 80 68 52 41 32 39 53 66 86 105 119 128 134 135 135 135 135 137 139 134 125 109 87 64 44 39 49 58 62 70 81 92 98 102 105 108 109 109 109 107 103 97 93 90 89 88 88 87 87 89 91 93 94 95 96 98 99 101 102 102 100 97 93 89 87 87 86 84 82 71 54 52 63 70 77 73
67 68 70 68 65 67 73 76 80 82 84 89 95 101 105 107 106 104 104 103 102 101 100 99 98 98 98 97 97 98 100 103 105 106 109 111 112 111 109 106 102 97 90 81 73 58 48 37 38 52 64 78 97 111 122 130 134 134 133 133 134 136 139 137 133 123 105 82 61 44 45 57 61 66 82 91 97 100 103 107 109 110 110 109 107 104 99 96 93 91 90 89 89 89 91 92 93 95 96 97 99 100 101 100 99 97 93 89 88 86 82 76 61 51 53 64 72 79 82 77
72 73 76 81 81 73 64 63 64 67 73 82 88 93 98 102 103 103 102 102 103 102 101 100 100 101 102 102 102 102 104 106 108 109 110 109 110 108 105 100 94 87 79 71 60 54 44 40 54 64 76 92 104 114 124 131 134 132 132 133 133 135 137 137 135 131 120 99 79 59 46 51 60 61 75 89 95 97 99 103 105 106 107 108 108 106 103 101 98 95 93 91 91 91 91 91 92 94 95 97 98 98 97 96 94 92 90 86 80 69 60 52 52 63 75 79 82 86 81 77
80 77 76 82 88 89 87 81 72 64 61 63 69 75 81 87 92 96 97 100 102 102 101 101 101 102 103 103 103 103 103 105 107 107 106 104 101 97 92 84 77 72 65 61 59 50 45 55 66 73 87 99 107 116 125 130 132 132 132 132 133 134 136 137 135 132 127 114 96 78 60 51 51 59 66 77 83 88 90 93 96 98 101 102 103 104 103 102 100 97 95 94 93 93 92 91 91 92 94 95 94 94 92 90 86 81 73 64 56 53 58 67 82 86 86 86 86 82 80 79
93 93 89 85 84 85 88 92 94 90 84 74 68 65 66 69 72 76 79 84 89 91 92 92 93 95 95 95 95 93 92 92 93 91 88 85 82 78 73 67 63 61 57 55 57 51 59 69 73 85 96 103 110 118 123 128 131 133 132 131 132 134 136 137 135 132 129 122 111 96 79 63 54 53 60 63 66 71 76 79 82 85 88 89 92 93 97 97 97 95 94 93 92 91 89 88 88 88 88 88 86 82 76 70 64 58 55 57 65 77 87 91 91 89 89 86 84 84 85 87
98 101 101 99 100 97 92 87 84 84 85 87 87 85 83 80 77 75 73 68 67 68 69 69 70 72 71 74 75 73 72 72 70 70 68 67 68 66 64 61 61 59 60 61 59 64 71 75 84 93 100 106 113 119 122 127 131 133 133 132 132 134 136 137 135 132 128 124 118 109 97 83 68 56 53 54 54 59 65 68 71 73 76 80 81 83 84 84 85 84 83 82 80 78 78 77 76 75 73 72 67 61 58 57 59 63 70 78 86 89 92 92 92 92 91 92 93 92 91 89
97 101 104 107 110 111 111 108 103 98 92 85 83 82 83 86 87 86 83 79 75 73 72 70 69 68 68 68 69 69 69 70 69 71 73 73 70 68 68 68 68 67 67 66 67 71 77 85 93 98 103 109 114 118 122 127 132 133 133 132 132 133 135 136 135 132 128 125 121 116 111 101 88 75 64 55 50 51 54 59 61 63 66 68 69 69 67 67 66 65 64 63 62 60 61 59 57 55 53 54 57 59 66 72 74 76 79 84 89 93 97 99 101 102 102 101 98 94 90 87
96 100 103 107 109 111 115 117 117 117 115 109 105 100 95 90 88 87 87 86 86 87 87 88 88 87 89 85 84 84 83 82 82 83 82 80 78 77 75 72 69 68 68 69 72 78 85 92 98 101 106 109 113 117 121 126 131 132 132 132 131 132 133 134 133 131 128 125 121 118 116 112 104 95 84 73 64 58 55 56 58 61 63 65 65 63 61 61 60 61 60 59 59 59 56 58 61 65 68 71 75 79 79 80 84 87 91 96 99 104 107 109 108 107 104 101 96 92 88 85
96 100 103 106 109 112 117 118 115 115 118 118 116 114 112 108 105 101 97 93 90 89 87 88 88 88 90 90 90 89 88 87 87 84 83 81 78 76 73 72 72 72 74 78 82 87 91 96 101 103 106 108 112 116 120 125 130 131 131 131 131 132 133 133 132 130 127 124 121 118 117 116 113 108 100 90 80 74 71 71 72 73 74 77 78 80 80 81 81 81 82 82 85 86 87 88 90 91 93 93 93 94 94 96 99 102 105 107 109 110 111 111 110 107 104 100 95 91 87 83
96 99 102 105 109 114 117 116 113 117 122 122 120 119 119 119 119 118 115 112 108 104 102 102 100 100 101 100 99 98 96 95 94 94 92 90 87 84 83 82 80 81 83 85 88 91 94 98 102 103 104 107 111 116 121 126 129 130 130 130 130 131 131 131 130 129 127 124 121 119 118 116 114 113 108 101 93 84 80 79 81 84 87 91 93 96 97 98 98 97 97 98 100 101 101 100 100 101 101 103 104 104 105 107 109 112 114 115 115 114 114 112 110 107 103 99 94 90 86 81
94 98 101 104 108 114 117 116 117 122 127 125 126 128 127 127 127 125 124 123 121 119 118 118 118 118 118 117 115 114 112 111 110 107 104 99 95 92 90 86 84 84 85 87 90 93 96 99 100 101 103 106 110 115 120 124 128 130 130 130 130 130 129 128 127 127 126 123 119 117 116 114 113 112 110 106 100 94 89 87 87 89 92 96 100 103 103 103 101 100 102 105 107 109 109 108 108 110 111 112 113 114 116 117 118 119 120 120 119 117 115 113 109 105 101 97 92 88 84 79
92 96 99 103 106 112 117 120 125 129 131 130 131 134 135 135 135 134 133 131 130 129 128 129 129 129 128 126 124 122 120 119 117 114 110 105 99 95 91 87 85 85 85 87 90 93 96 98 99 99 101 104 108 114 119 123 127 130 131 131 131 130 129 127 125 125 123 121 118 116 114 112 111 110 108 106 103 99 95 94 94 95 98 102 106 110 111 110 108 107 111 117 120 121 120 119 119 120 120 120 121 122 123 124 124 125 125 124 122 119 117 113 109 104 99 95 90 86 82 77
90 94 97 101 104 110 116 121 126 130 134 135 136 139 142 142 142 141 139 138 137 136 136 137 137 136 135 133 131 128 126 124 121 119 116 109 103 97 92 88 85 85 85 87 90 93 96 97 97 98 100 103 107 113 119 124 128 131 132 133 132 131 129 126 123 122 121 119 115 114 113 110 109 108 106 104 102 99 97 96 99 101 105 109 114 118 119 120 120 122 125 129 131 131 130 128 126 126 126 126 127 128 128 129 129 129 128 126 123 120 116 113 108 101 96 92 88 85 80 76
89 93 96 100 103 109 114 118 124 129 133 136 139 142 145 146 145 144 143 142 143 142 141 142 142 140 138 136 135 133 130 127 124 121 118 112 106 99 92 86 84 84 85 87 90 92 95 96 96 97 99 103 107 112 119 125 129 132 134 134 133 132 129 125 121 119 118 116 113 111 110 108 107 106 104 101 98 95 94 95 99 104 108 113 119 123 125 126 129 132 134 136 136 137 136 134 133 134 134 133 134 134 134 134 133 132 129 127 124 120 115 110 105 97 94 91 87 83 79 74
88 92 96 100 105 109 114 118 122 128 132 135 139 144 147 148 148 148 148 147 147 147 145 144 144 143 141 138 136 134 132 129 125 121 117 111 105 97 90 84 82 83 85 87 90 92 94 95 94 95 99 103 107 112 119 126 130 134 135 134 135 134 129 124 119 117 116 113 110 109 109 108 107 105 102 98 94 91 89 91 97 103 108 114 120 125 127 130 134 136 137 139 140 141 141 140 140 140 140 139 139 139 139 137 136 133 130 127 123 118 113 108 104 96 92 89 85 80 77 74
87 91 95 100 105 110 113 116 121 127 131 134 139 144 147 149 150 151 151 151 150 149 147 145 144 143 142 140 137 135 133 130 126 121 116 109 103 95 87 82 81 82 85 88 91 93 95 95 94 95 98 103 107 113 121 128 133 136 134 134 137 136 131 125 119 115 113 111 109 109 109 109 107 105 101 95 91 88 86 87 94 101 107 114 121 126 129 132 136 138 140 141 143 145 145 144 144 144 143 143 143 142 141 138 137 134 130 126 121 116 111 107 102 96 90 86 82 78 76 73
85 89 94 98 103 107 109 112 118 124 128 133 139 143 144 147 150 153 153 153 152 151 148 145 142 141 141 139 137 134 132 129 125 120 114 106 100 92 85 81 81 83 86 89 92 94 95 95 94 94 98 102 108 116 125 132 136 137 136 136 138 138 133 126 119 114 112 110 108 109 109 109 107 104 101 96 92 88 84 85 90 97 106 113 120 126 130 133 136 139 141 143 145 146 146 144 144 144 144 144 144 143 142 140 138 134 129 125 120 114 109 104 100 94 89 85 81 77 75 73
83 87 91 96 100 103 107 110 116 121 126 130 136 140 142 146 149 150 150 152 152 150 147 145 142 141 139 137 135 133 130 127 123 117 110 103 96 89 83 81 82 85 87 90 92 94 96 96 95 95 97 103 110 121 132 138 140 139 137 139 144 146 138 127 119 114 111 109 108 109 111 110 107 104 102 99 96 90 85 84 87 94 103 111 118 124 128 132 135 138 140 141 143 143 144 144 144 144 145 145 144 143 142 140 137 133 128 124 118 112 107 102 97 92 87 84 81 77 75 72
82 85 89 93 97 100 104 109 114 119 124 129 133 138 142 144 146 148 149 150 149 148 145 143 141 139 138 135 134 131 128 124 119 113 106 99 92 85 81 81 84 87 89 91 93 94 96 97 96 96 97 103 113 126 138 145 145 141 138 141 149 153 144 130 120 114 110 109 108 110 112 112 108 105 103 103 101 96 88 84 86 90 99 106 114 120 125 130 134 137 138 139 141 141 142 144 144 145 144 144 143 142 140 139 136 132 128 123 116 111 105 100 96 91 87 83 80 77 75 72
80 83 87 91 95 99 103 108 113 118 124 129 134 138 141 143 145 147 148 148 148 146 143 141 139 136 135 134 132 129 126 121 116 109 102 96 89 83 81 83 87 90 91 92 93 95 97 98 97 96 97 104 114 127 141 149 147 142 140 141 150 156 148 134 123 114 110 108 108 110 113 113 110 107 105 107 106 101 93 86 85 88 94 101 108 115 122 127 132 135 137 138 141 142 143 143 144 144 143 143 142 140 139 137 134 130 126 121 115 109 104 99 94 89 86 83 79 77 74 71
78 81 84 88 93 97 101 106 111 116 122 128 133 137 141 143 145 147 148 148 146 145 142 139 137 135 134 133 130 127 123 118 112 105 99 94 88 83 82 85 89 91 92 93 94 95 98 99 98 96 97 103 111 122 135 144 143 139 136 138 148 155 147 135 123 114 109 108 109 112 114 115 113 109 107 108 108 105 98 89 85 86 90 96 103 111 118 123 128 133 135 137 139 140 141 142 142 143 142 141 141 139 137 135 132 128 123 118 112 107 102 97 93 88 85 82 79 77 74 71
77 78 81 85 89 94 99 104 108 112 117 124 131 135 138 140 142 144 145 145 144 143 141 138 136 135 133 131 129 125 120 114 107 101 95 91 86 83 83 87 91 92 93 94 95 97 99 100 97 95 95 99 106 115 125 134 135 132 130 132 140 148 141 132 121 113 109 108 110 114 117 117 116 112 110 109 109 106 100 92 86 85 88 93 98 105 113 120 125 129 132 134 136 138 139 140 141 141 141 140 139 137 135 132 129 124 120 116 110 105 100 95 91 87 85 82 79 77 74 71
76 77 80 84 87 92 96 101 105 109 114 121 128 132 134 136 138 140 141 142 141 141 139 137 135 134 132 129 127 122 116 110 103 97 92 88 85 83 84 89 91 93 95 96 97 99 101 99 95 92 91 94 98 104 111 118 121 121 121 123 128 132 129 124 115 109 105 106 110 115 118 120 118 115 111 109 109 105 101 94 87 84 87 91 95 101 108 116 122 126 129 132 135 137 138 140 140 140 139 139 138 136 133 130 126 122 118 114 108 103 98 94 90 87 84 81 79 77 74 72
76 77 80 84 87 90 94 99 104 108 112 118 124 127 130 133 135 137 139 139 139 138 137 135 134 132 130 127 124 118 112 106 100 94 90 86 84 82 84 88 90 92 95 97 98 99 99 97 92 88 85 86 88 92 97 102 106 109 111 111 113 114 113 111 106 102 100 102 106 113 117 119 119 115 111 108 106 104 100 94 87 84 87 91 94 98 104 112 118 122 127 130 134 136 138 139 138 138 138 138 137 134 131 128 125 121 116 111 106 102 98 93 89 86 83 81 78 77 74 72
77 78 80 84 88 90 93 97 102 106 110 115 120 123 127 130 132 134 135 136 136 136 135 134 132 130 127 124 120 115 109 103 98 93 89 86 83 82 83 86 86 88 91 94 95 95 95 91 86 81 78 78 79 82 85 89 93 96 98 99 100 100 99 96 94 93 93 95 99 105 110 114 116 113 108 104 102 100 96 93 87 85 87 90 93 97 103 109 115 120 124 128 132 134 136 136 135 135 135 136 135 131 129 126 123 119 114 109 105 101 96 92 89 86 83 80 79 77 74 71
78 78 80 83 87 89 92 96 101 105 109 113 117 121 124 127 129 130 132 132 133 134 134 132 130 128 125 122 117 112 106 102 97 93 89 87 84 82 82 82 82 83 84 85 86 85 84 79 74 70 68 67 69 72 74 78 81 83 85 87 88 89 87 85 83 81 80 81 83 89 94 100 103 101 99 97 95 94 92 90 87 85 88 91 94 97 102 108 113 118 122 126 130 132 133 133 132 132 133 133 131 128 127 124 121 116 111 107 104 99 95 92 89 86 83 80 79 77 74 71
77 79 80 83 86 89 92 96 101 105 109 113 117 120 123 125 127 128 129 130 131 132 131 129 127 126 123 119 114 109 104 100 96 93 91 89 86 83 81 79 77 75 73 72 72 70 67 63 59 57 55 56 58 61 64 68 70 72 74 75 77 77 77 74 71 68 66 65 65 68 72 76 81 83 83 83 84 85 86 86 85 86 89 93 96 99 102 107 111 115 120 124 128 129 130 130 130 130 131 130 129 127 126 123 119 114 109 106 103 98 93 91 89 86 84 81 80 78 74 70
76 78 80 83 86 89 91 94 99 103 107 112 116 119 122 125 127 128 128 129 130 130 130 129 127 125 122 117 112 107 103 100 97 95 93 91 89 85 81 76 73 68 64 61 60 57 54 51 50 50 49 50 52 55 58 60 61 62 63 64 66 67 66 64 62 59 57 55 53 52 54 56 59 62 65 67 71 76 80 82 85 89 92 96 100 102 104 107 111 114 118 122 125 127 128 128 129 129 128 128 127 126 125 122 118 113 109 105 101 96 92 91 89 86 84 81 80 78 73 70
74 77 80 82 84 87 90 93 97 101 105 110 113 118 122 125 126 127 127 128 129 129 129 128 126 124 120 116 112 108 104 101 98 97 95 94 92 88 83 76 70 63 58 53 51 48 47 46 47 48 49 50 51 54 56 57 56 56 56 57 58 60 60 60 57 54 52 49 47 44 43 43 44 46 50 54 60 68 75 82 88 93 97 101 104 106 108 110 112 114 117 120 123 125 127 128 128 128 126 126 125 124 122 120 116 112 108 104 100 96 92 91 89 85 83 81 80 77 73 69
74 76 78 81 83 85 88 91 95 99 103 107 111 116 120 122 124 124 125 126 127 128 127 127 125 123 119 116 112 109 105 102 101 99 98 97 95 92 87 80 73 64 57 52 49 47 47 49 50 52 54 55 56 57 59 59 57 56 55 56 58 60 61 61 59 57 56 54 52 49 47 46 46 47 48 52 59 67 78 88 94 99 103 107 109 111 112 113 113 115 118 121 123 125 127 127 128 127 126 125 124 122 120 118 114 111 107 103 100 96 92 91 88 85 83 82 81 77 72 68
74 75 77 80 81 83 86 89 94 97 101 105 109 113 117 119 121 122 123 124 124 125 125 125 124 122 119 117 113 110 107 105 104 102 101 101 100 98 94 88 80 71 63 57 53 52 53 55 58 62 66 67 67 68 68 67 65 63 62 62 65 67 68 69 69 69 68 67 67 64 61 58 57 57 58 60 67 77 89 97 102 107 110 113 114 115 115 115 115 116 119 122 124 126 127 127 128 127 125 124 123 121 119 116 113 110 106 103 99 95 93 91 88 85 83 82 81 77 72 68
73 74 77 79 80 81 84 88 92 96 100 104 107 111 114 117 118 120 121 122 123 123 124 123 123 121 119 116 113 111 109 108 107 105 104 104 104 103 101 97 91 84 76 69 64 62 62 64 67 73 78 80 80 80 81 80 79 77 75 75 76 78 81 83 83 82 82 83 81 77 74 71 69 68 70 75 85 93 101 107 112 115 116 118 118 118 117 117 117 118 120 122 125 126 127 127 127 126 124 123 122 120 118 115 112 109 106 102 99 95 93 91 88 85 83 82 80 76 71 67
73 74 76 79 80 80 83 87 91 94 97 101 105 109 112 114 116 118 120 121 122 122 122 122 121 121 119 116 113 112 111 111 110 108 107 107 107 107 106 103 100 96 90 82 76 74 73 74 77 81 87 90 90 90 91 92 93 92 91 91 90 92 95 96 94 91 91 92 91 88 86 83 81 83 88 96 104 107 111 114 117 119 120 120 119 119 119 118 117 118 120 122 124 125 126 127 126 125 123 122 120 118 115 112 110 108 104 101 97 94 92 90 87 85 83 82 79 74 70 66
73 74 77 79 80 80 83 87 90 92 95 99 103 106 109 111 113 115 117 119 120 120 119 120 120 120 118 116 114 113 112 112 111 110 110 110 110 110 109 107 104 102 99 93 88 86 86 85 86 90 94 98 99 98 99 101 103 105 104 103 103 104 106 106 101 96 94 95 97 98 97 96 97 101 106 110 113 114 115 116 118 119 121 121 121 121 121 119 118 119 120 122 123 123 124 124 124 123 121 120 119 116 113 110 108 106 102 98 96 93 91 89 87 85 83 81 77 73 70 64
73 75 78 80 81 82 84 87 89 92 95 98 101 104 107 109 111 113 115 116 117 117 117 117 118 119 118 116 115 114 114 113 111 112 112 112 112 111 111 108 106 105 103 100 97 95 95 94 95 97 101 103 105 103 104 107 108 111 111 110 110 111 112 110 105 97 94 95 100 103 104 105 108 110 112 113 115 115 115 116 117 119 121 122 122 122 121 119 119 119 120 121 121 121 121 121 121 120 120 119 117 115 112 109 107 104 100 97 94 92 90 88 86 84 83 80 76 72 69 62
73 75 78 80 81 82 84 86 88 91 94 98 100 104 106 108 110 111 113 114 114 115 115 116 117 118 116 116 116 116 115 114 113 113 114 113 112 111 111 109 107 105 104 102 99 98 98 97 98 100 104 107 108 108 108 110 110 111 112 112 112 113 113 112 106 98 93 94 99 104 108 109 110 111 111 111 113 113 113 114 117 118 120 122 123 123 122 120 120 120 120 120 120 120 120 120 120 119 118 117 116 114 111 108 105 103 99 95 93 91 89 87 86 84 82 79 75 72 68 61
73 75 78 80 81 82 84 85 88 90 93 96 99 102 105 107 109 111 112 112 112 113 113 114 116 116 115 115 116 117 116 115 115 114 114 114 112 110 109 108 106 104 103 101 100 99 98 97 96 99 104 109 110 111 111 110 111 111 111 111 111 112 114 113 110 103 97 96 101 106 110 111 111 110 109 109 110 110 111 113 116 117 120 122 123 123 122 121 120 120 119 119 118 118 118 118 118 118 117 116 115 112 110 107 104 101 97 94 93 91 89 87 85 84 81 78 74 71 66 60
74 77 78 80 82 82 84 85 87 90 92 95 98 100 103 106 108 110 111 110 110 110 111 112 113 114 114 114 115 116 116 116 116 115 115 113 111 109 107 106 105 103 102 101 101 100 99 98 96 98 104 109 112 113 112 112 111 109 110 109 109 110 112 113 112 108 103 102 105 109 112 113 112 109 107 107 107 107 109 112 114 116 118 120 121 121 121 121 120 119 118 117 116 116 116 116 115 115 115 114 113 111 108 105 102 100 96 94 93 91 88 87 85 84 81 77 73 70 64 56
74 77 79 81 82 82 83 85 87 89 91 93 96 98 102 104 107 108 108 108 108 108 108 109 110 111 112 113 114 114 115 115 115 115 114 111 109 107 106 104 103 103 102 101 101 101 100 99 98 100 105 110 113 115 115 113 111 109 110 108 107 108 110 112 114 113 111 110 112 113 115 115 112 108 106 105 104 105 109 112 114 114 114 115 117 118 120 120 119 118 117 116 115 114 114 113 113 113 113 112 111 109 106 103 100 98 95 93 92 90 87 86 85 83 80 76 72 69 62 52
74 76 79 81 82 82 83 85 87 88 89 91 94 97 100 102 104 105 106 106 106 106 106 106 107 108 109 110 112 112 112 113 113 113 112 109 106 105 104 103 102 103 103 101 101 102 102 102 102 103 107 111 114 116 116 114 111 110 110 108 106 107 109 112 114 116 115 114 115 116 118 117 113 108 107 106 107 107 111 113 113 111 111 111 112 114 116 117 118 117 116 115 114 112 112 111 111 111 111 110 109 107 104 101 98 96 94 92 91 89 87 86 85 82 79 75 70 67 60 51
74 76 79 81 82 83 83 84 86 87 88 90 92 94 97 100 102 103 104 104 104 104 103 103 104 105 106 108 109 109 109 110 111 110 110 108 105 103 102 102 102 104 102 102 103 103 104 105 105 106 108 112 115 117 117 114 111 109 108 107 107 108 110 111 113 116 116 116 117 118 118 117 114 111 110 110 111 111 113 114 112 110 109 108 108 110 112 114 116 116 116 114 112 110 110 109 109 109 108 107 107 105 102 99 97 95 92 90 89 88 86 85 84 81 78 73 69 65 57 49
74 76 78 80 82 82 83 84 85 86 87 88 90 92 94 97 99 101 102 102 102 101 100 101 102 103 104 106 107 106 106 107 108 107 107 106 104 102 101 101 102 103 102 103 105 104 104 105 106 107 109 112 115 117 117 115 112 110 108 108 108 110 112 112 113 115 116 117 117 116 116 116 115 114 114 115 115 115 115 115 113 110 107 106 107 108 111 112 114 115 114 112 110 108 108 108 107 106 105 105 104 102 100 97 95 94 91 89 88 87 86 85 83 80 76 71 67 63 54 47
74 75 76 79 81 81 82 83 84 85 86 88 89 90 92 94 96 98 99 99 99 98 98 99 101 102 102 102 103 104 104 105 106 106 105 103 102 101 100 101 102 102 102 103 105 104 104 106 106 107 109 111 114 116 116 116 113 110 108 108 109 111 112 112 113 113 114 114 115 114 114 114 114 115 116 117 117 117 117 116 114 110 107 106 107 109 110 112 112 113 112 111 108 107 107 106 105 104 103 103 102 100 98 95 94 92 89 88 87 87 85 84 82 78 74 70 65 60 50 46
73 73 75 78 79 80 81 82 83 84 85 87 88 89 90 92 94 95 96 97 96 96 96 97 99 100 101 101 101 101 102 103 104 105 101 97 98 99 99 99 101 102 101 102 104 104 104 106 106 106 108 109 111 113 115 116 114 111 108 108 109 111 111 110 109 108 108 109 111 113 112 111 112 113 114 115 116 117 117 116 113 110 107 105 106 107 108 109 110 110 110 109 107 106 105 104 102 102 102 101 100 98 96 94 92 90 87 87 87 86 84 83 81 77 72 68 63 57 47 47
68 70 73 75 78 79 80 81 82 83 84 86 87 89 90 91 92 93 94 94 94 93 94 96 97 98 99 100 100 99 100 101 102 102 99 95 94 95 97 97 99 100 99 101 103 102 102 103 101 101 101 102 104 108 110 112 112 111 109 108 109 109 107 105 101 99 99 100 102 106 106 107 107 109 109 111 114 115 116 114 111 108 105 103 103 103 103 104 106 106 107 107 106 104 103 102 100 100 100 99 98 97 95 93 91 88 85 86 86 84 83 82 79 74 70 66 60 53 46 48
66 67 71 73 76 78 78 80 81 82 83 84 86 87 89 90 91 92 92 92 91 91 92 94 95 96 97 98 98 97 98 100 99 98 96 93 91 93 95 93 95 96 96 97 99 98 97 96 94 93 92 93 95 98 100 103 104 104 105 106 105 105 102 98 94 91 89 88 90 94 97 99 101 102 104 106 109 111 111 110 107 104 102 100 100 100 100 100 103 104 106 106 105 104 102 101 99 98 98 98 97 96 94 92 90 88 86 85 84 82 81 80 76 72 68 63 58 49 45 47
65 64 67 71 74 76 77 79 80 81 82 83 84 86 88 89 90 91 91 90 90 90 91 93 94 95 95 96 97 97 96 96 96 94 91 89 88 88 90 90 91 91 90 90 91 90 89 87 85 83 81 80 81 84 89 91 92 92 95 98 100 98 93 88 82 78 76 75 76 80 82 85 89 92 95 98 101 104 104 102 99 97 95 94 95 97 98 99 102 103 105 105 104 103 101 100 98 98 97 96 96 94 92 90 89 87 85 84 82 80 79 77 73 69 65 60 54 44 44 47
65 62 65 69 71 74 76 78 79 80 81 82 84 86 87 89 90 90 90 90 90 90 90 92 93 94 95 95 95 95 94 92 91 89 85 83 83 82 84 86 86 85 82 81 82 81 79 77 74 71 70 68 68 71 74 75 77 78 81 87 90 87 82 77 72 68 66 66 66 67 68 70 74 78 82 86 89 93 93 91 88 86 85 86 88 91 94 97 100 102 103 104 104 102 100 99 98 97 97 96 95 93 91 89 87 86 84 83 81 79 77 74 70 66 63 57 48 42 43 44
64 62 62 67 69 72 74 76 78 79 80 81 83 84 86 88 89 90 90 90 89 89 90 91 92 94 94 93 93 93 91 87 85 81 76 74 74 74 75 76 76 75 72 71 71 70 68 67 64 62 62 60 60 60 61 61 64 65 67 73 75 74 72 68 64 62 61 61 60 60 60 60 61 64 67 70 73 77 78 77 75 74 73 74 78 82 87 92 96 99 102 103 103 101 100 99 98 98 97 96 95 93 90 88 86 85 83 81 80 77 74 71 68 63 59 52 43 40 40 39
60 62 60 62 67 70 72 74 75 77 78 80 81 83 85 86 88 89 89 89 89 89 89 89 91 92 93 92 91 90 87 81 76 70 65 62 63 63 63 64 63 63 61 60 60 59 59 59 57 56 55 54 54 54 54 55 56 56 58 61 63 64 64 61 58 58 57 57 56 55 55 54 54 54 54 55 57 61 62 62 61 60 60 60 65 71 79 86 92 96 99 100 102 101 100 99 99 99 98 96 94 92 90 87 85 83 81 79 77 74 72 68 65 60 55 47 40 36 34 31
56 57 56 58 63 68 70 72 74 75 77 79 80 82 83 84 86 87 88 88 88 88 88 88 89 90 91 91 89 87 82 75 67 60 54 51 50 51 51 52 52 51 51 51 51 50 51 51 51 50 50 50 49 49 50 51 51 51 52 54 56 57 57 54 53 53 52 51 51 51 50 49 48 47 47 47 48 50 50 49 48 47 47 49 55 64 73 81 88 93 96 98 100 100 100 99 99 98 97 95 93 91 88 86 83 82 80 78 75 71 69 66 61 56 49 42 38 33 30 28
52 52 52 55 59 65 68 70 72 74 76 78 79 80 81 83 85 86 87 88 88 88 87 88 88 89 89 89 87 84 80 72 63 55 49 44 42 43 43 43 43 43 43 43 44 44 45 46 45 45 45 44 43 43 44 46 46 46 46 48 50 51 50 49 49 49 49 48 47 46 45 44 44 44 43 42 43 45 45 44 43 45 47 50 55 62 71 79 87 92 95 97 98 99 99 98 98 97 94 92 90 88 87 84 82 80 78 75 72 68 66 62 57 51 43 39 35 31 29 26
46 46 50 54 57 62 65 68 70 73 75 76 77 79 80 82 84 85 87 88 88 87 87 87 87 88 88 87 86 83 79 73 66 58 51 47 44 45 45 44 45 45 44 44 44 44 44 45 45 44 43 42 41 41 41 42 42 43 43 45 47 47 47 48 49 50 49 48 46 44 43 43 44 45 45 46 48 48 48 50 51 52 57 61 64 68 74 81 86 90 93 96 97 97 98 98 97 94 91 89 87 86 84 83 80 78 76 73 70 66 62 58 53 45 39 37 33 29 27 24
43 43 48 52 54 58 63 66 68 71 73 75 76 77 79 80 82 84 86 87 87 87 86 86 86 86 86 86 85 84 81 77 73 67 61 57 53 53 54 54 54 53 52 50 49 48 48 49 49 48 48 47 47 47 47 46 45 46 47 48 49 49 51 52 54 54 54 54 53 50 50 51 53 55 58 60 60 61 61 64 66 68 73 75 76 77 80 84 87 89 92 94 95 96 97 96 94 91 89 87 84 83 82 80 77 75 73 70 66 62 58 54 48 40 36 34 30 27 26 23
41 41 44 49 52 54 59 63 66 69 71 72 74 75 77 79 81 82 85 86 86 86 85 85 86 85 85 85 84 84 83 81 79 77 74 72 67 65 65 64 62 61 62 60 57 57 57 58 59 59 59 60 60 59 59 58 56 56 57 58 57 57 59 61 64 66 67 68 68 67 67 67 67 69 71 71 70 71 72 71 74 80 82 82 84 84 85 86 87 89 91 92 93 94 94 94 91 87 86 84 82 81 80 78 75 73 70 66 62 58 54 50 42 36 35 32 29 27 25 23
38 38 41 46 50 51 55 59 63 66 68 70 72 73 75 77 79 80 82 83 84 84 83 84 84 84 84 83 83 83 84 84 83 82 82 82 78 74 72 70 67 66 67 65 65 66 67 67 69 71 71 71 71 73 74 73 71 70 71 72 71 72 74 76 80 82 83 84 82 81 81 80 78 76 76 76 75 74 74 76 81 83 84 86 87 87 86 86 87 88 89 90 90 91 91 90 88 86 84 82 80 79 78 76 73 70 67 63 58 54 50 44 37 35 33 30 28 26 24 23
35 36 39 44 48 49 51 55 59 63 66 68 70 71 73 75 76 78 80 81 81 81 81 82 82 83 83 83 83 83 84 85 85 84 84 84 82 78 75 73 71 69 69 68 71 75 76 76 77 79 81 81 81 82 83 84 83 82 83 83 85 86 88 89 91 93 94 95 94 94 92 91 90 85 79 77 75 75 79 81 82 84 87 89 89 89 88 87 87 87 88 88 88 88 88 87 86 84 82 80 79 77 75 73 70 67 64 59 54 49 44 37 35 34 30 28 27 25 23 23
33 33 36 42 47 48 49 51 55 60 63 65 67 69 70 72 74 76 77 79 79 80 80 79 79 79 80 82 83 84 84 85 85 85 84 84 82 79 75 73 71 70 70 70 72 75 79 83 85 88 90 91 92 92 92 92 93 94 93 95 96 96 97 98 101 103 106 105 105 104 102 99 94 86 78 74 74 78 80 80 82 86 88 90 90 90 89 88 87 86 86 86 85 85 85 84 83 81 80 78 76 74 72 70 67 64 60 55 50 44 38 35 34 31 28 27 26 24 23 23
32 31 34 40 45 46 47 48 51 57 60 62 64 66 67 69 71 73 75 76 78 78 78 77 75 75 76 79 81 83 84 85 85 85 84 83 81 79 75 72 70 68 69 70 71 73 78 84 87 92 96 99 101 100 99 99 100 100 100 103 101 102 104 105 109 112 115 114 112 111 109 100 87 78 74 72 74 77 78 79 84 86 88 89 90 89 88 87 85 85 84 84 83 83 82 81 80 78 77 75 73 71 69 66 63 59 56 52 45 38 35 34 31 28 26 26 25 24 23 23
32 32 34 38 43 45 46 47 48 52 57 59 60 62 64 66 69 70 72 74 75 76 76 75 73 73 73 76 79 81 83 84 84 84 83 81 79 77 75 72 69 67 67 68 69 70 74 79 84 90 94 99 103 103 102 104 102 100 102 104 101 104 104 105 110 111 115 115 115 112 102 90 80 76 74 73 73 75 77 80 83 85 87 88 89 88 87 85 84 84 83 82 81 80 79 78 77 75 74 72 70 68 66 63 59 55 53 48 40 35 33 31 28 25 25 26 25 24 23 22
33 33 34 38 41 43 44 45 46 49 53 56 57 58 60 63 65 67 69 70 72 74 74 74 73 73 74 75 77 79 82 83 84 83 82 80 78 76 74 71 69 66 65 65 66 67 69 73 78 83 86 91 95 97 98 100 97 96 96 94 95 97 95 97 101 102 105 105 104 97 86 79 75 73 72 70 71 73 76 79 81 83 85 87 88 87 86 85 84 82 81 79 78 77 76 74 73 71 70 68 66 64 62 59 55 53 50 43 36 34 31 28 25 24 25 25 24 24 23 22
33 33 34 38 41 41 42 44 45 47 49 52 54 55 56 58 61 63 65 67 69 71 72 73 73 73 73 74 76 78 80 82 83 83 82 80 78 76 73 71 69 66 65 64 63 63 65 68 71 74 76 81 84 86 87 88 87 86 84 83 85 86 85 86 87 87 88 87 85 80 75 73 70 68 67 67 70 73 75 77 80 82 84 86 86 86 85 84 83 80 78 77 75 74 73 71 70 68 67 65 63 61 59 56 52 50 47 41 35 33 29 25 24 25 25 24 23 23 22 22
33 33 34 39 42 41 42 43 44 45 47 48 51 53 53 54 57 59 62 64 66 68 69 71 71 72 73 73 75 76 78 81 82 82 81 80 78 76 73 70 68 66 65 63 62 61 61 63 64 66 67 70 71 73 74 75 74 73 72 72 73 74 72 72 71 71 72 71 70 69 67 65 64 63 64 66 69 71 73 75 78 80 82 84 84 84 83 81 80 78 76 74 73 72 70 69 67 65 64 62 61 58 55 52 50 47 45 39 34 32 28 25 25 25 24 22 22 23 22 22
32 33 35 40 43 43 43 43 43 44 46 46 49 51 53 53 54 56 59 61 63 65 66 68 69 70 71 72 73 74 76 78 79 80 80 79 78 76 73 70 68 66 64 63 61 60 58 58 57 58 58 59 60 60 61 62 62 62 61 61 61 61 59 59 59 59 60 59 58 59 58 57 58 59 62 65 67 70 72 75 77 79 81 81 81 80 80 78 77 75 74 73 72 70 68 66 64 62 61 60 58 54 52 50 48 47 43 37 34 32 29 26 25 25 23 21 22 22 22 22
32 33 35 39 42 43 44 45 44 43 44 46 47 49 51 53 53 53 55 58 60 62 63 65 66 68 68 70 71 72 74 75 77 78 78 78 78 77 74 71 69 67 65 63 61 59 57 54 53 52 51 50 49 49 49 49 49 49 49 49 50 48 48 48 48 49 49 49 49 49 50 52 55 59 62 64 67 70 73 75 77 78 79 79 78 78 77 76 74 73 71 70 69 68 65 63 62 60 59 57 54 51 51 50 48 45 41 36 35 34 29 26 25 25 21 20 20 21 22 22
31 32 34 37 41 42 44 45 46 44 43 44 46 47 49 51 52 53 53 55 57 59 60 62 64 65 66 68 69 70 71 73 74 75 76 76 76 76 75 73 70 68 66 64 62 59 57 55 52 50 48 46 44 42 41 40 40 40 40 41 41 41 41 41 42 42 43 44 46 48 51 55 58 60 63 66 69 72 74 76 77 77 77 77 76 75 74 73 71 70 69 68 66 65 63 61 59 58 57 54 51 50 52 50 46 45 40 36 35 34 29 26 26 24 21 20 19 21 22 21
31 32 34 37 40 42 44 45 46 45 44 44 45 47 48 49 51 52 53 54 55 57 59 60 61 63 64 65 67 68 70 71 72 73 73 74 74 74 74 73 71 69 67 65 63 61 59 57 55 52 50 48 46 45 43 42 41 40 40 40 40 40 41 42 43 45 46 49 51 54 56 59 61 64 66 69 71 73 75 76 76 76 75 74 74 73 72 70 69 68 67 65 64 62 61 59 58 56 54 52 52 53 52 48 46 46 41 36 35 33 28 26 26 23 20 19 19 21 22 20
31 31 33 36 38 42 43 45 46 46 46 45 44 45 46 48 50 51 52 53 54 55 57 58 60 61 62 63 64 66 67 68 69 70 70 71 71 72 73 73 72 71 69 67 65 63 62 60 58 56 55 54 52 51 49 49 48 48 47 47 46 47 48 49 51 52 53 55 57 58 61 63 65 67 70 72 73 74 74 74 73 72 72 71 70 70 69 67 66 65 64 63 62 61 59 58 56 54 52 52 53 53 51 49 49 47 41 35 34 31 27 26 25 22 20 19 21 22 20 19
31 31 32 36 37 40 42 44 45 46 47 47 46 45 46 47 49 51 52 52 54 55 56 57 58 59 60 61 63 64 65 66 67 67 68 68 69 70 71 71 71 71 70 68 67 66 65 63 62 61 60 59 59 58 57 56 56 56 56 55 55 55 56 56 57 58 59 60 62 63 65 67 68 70 72 73 73 73 72 72 70 69 69 68 68 67 66 65 64 64 63 62 61 60 59 57 55 53 53 53 53 53 52 50 50 47 40 35 33 30 27 28 26 23 21 20 22 20 18 19
31 31 32 35 36 38 40 42 45 46 47 47 47 46 46 47 48 50 51 51 52 54 55 56 57 57 59 60 61 62 63 64 65 65 66 66 67 68 69 70 70 70 70 69 69 68 67 66 65 64 64 64 64 64 63 63 63 63 64 64 63 64 64 63 64 64 65 66 67 67 68 69 70 71 72 72 72 72 71 70 69 68 67 67 66 66 64 64 63 63 62 61 60 59 57 56 53 54 54 53 54 55 53 51 50 46 39 35 33 29 28 28 26 23 21 21 21 20 19 18
31 31 32 34 35 37 39 41 43 45 46 47 47 46 46 46 47 48 50 50 51 52 53 54 55 56 57 58 59 60 61 62 63 64 64 64 65 67 68 69 70 70 70 70 70 69 69 69 69 68 68 68 68 68 69 69 70 71 71 72 72 72 72 71 71 71 70 70 70 70 71 72 73 73 73 72 72 71 70 69 68 67 67 66 65 64 64 63 63 62 62 60 60 58 56 54 54 54 53 54 55 55 54 51 49 45 39 36 33 28 27 27 25 23 21 22 21 19 19 18
32 31 32 33 35 36 37 39 41 43 45 46 46 47 46 46 46 47 48 49 49 50 51 53 54 54 55 57 58 59 60 61 61 62 62 63 64 65 66 67 69 70 70 71 71 71 71 72 72 72 73 73 74 75 76 77 78 79 80 81 80 81 81 80 78 77 76 75 75 75 75 76 76 75 74 74 72 71 70 69 68 67 66 65 64 64 63 63 63 62 61 60 59 57 55 54 55 54 54 55 56 56 54 50 48 44 39 36 33 28 27 26 24 22 21 22 20 19 19 18
33 32 32 33 34 35 36 38 39 41 43 44 45 46 46 46 46 47 47 48 49 49 50 51 53 54 54 56 57 58 59 60 60 61 61 62 63 64 65 66 68 69 70 71 73 74 75 75 76 77 78 79 80 81 82 84 86 88 89 89 89 89 88 87 86 84 82 82 81 81 81 80 79 78 76 75 74 72 71 70 68 67 66 65 64 64 63 63 62 62 61 59 57 55 55 55 55 55 56 56 57 56 53 50 48 43 38 35 32 29 28 26 24 22 21 20 19 19 19 19
33 32 31 33 33 35 36 36 38 40 41 42 43 45 46 47 46 46 46 48 48 48 48 50 51 53 54 55 56 58 59 60 60 61 61 62 63 64 65 66 67 69 70 72 74 76 78 79 80 82 83 84 85 87 89 91 93 95 96 96 96 95 95 94 93 91 89 88 87 86 85 84 82 81 79 77 75 74 72 71 69 68 66 66 65 64 64 63 62 61 60 58 56 55 54 55 55 56 56 57 57 56 53 50 48 42 37 34 31 29 28 26 24 22 22 20 19 19 20 22
32 31 31 32 33 34 35 35 36 38 40 41 41 42 44 46 46 46 46 46 47 47 48 48 50 52 53 55 56 57 59 60 60 61 62 63 63 64 65 66 67 69 71 72 74 77 80 82 83 84 86 87 89 91 93 95 97 99 100 100 100 100 99 99 98 96 95 94 93 91 89 87 85 83 80 78 76 75 73 72 70 69 68 67 67 66 65 64 62 61 59 56 55 54 54 55 56 57 57 57 57 56 53 50 48 42 37 34 32 29 27 26 24 23 21 20 20 21 24 26
31 31 31 33 34 34 35 35 35 36 38 40 40 41 42 44 45 46 46 46 46 47 47 48 49 51 52 55 56 57 59 60 61 62 63 64 64 65 66 67 68 70 71 73 75 77 80 82 85 87 88 89 92 94 95 97 98 100 101 101 101 101 101 101 100 99 99 97 95 93 91 89 86 83 80 78 77 75 74 72 72 71 70 69 69 68 66 64 62 60 57 55 54 54 54 55 56 57 57 57 57 55 52 50 47 42 36 34 32 28 27 26 24 24 21 22 24 26 27 27
30 30 30 31 33 34 35 35 34 35 37 39 39 40 41 42 43 44 45 45 46 46 47 48 48 49 51 53 56 58 59 60 61 62 64 65 65 66 67 68 69 70 72 73 75 77 79 82 85 88 89 90 92 94 96 97 98 98 99 99 100 100 101 100 100 99 98 97 95 93 92 89 86 83 80 78 77 75 74 73 73 72 72 71 70 68 66 63 60 57 55 53 53 54 55 56 56 57 57 57 56 55 52 50 46 41 36 34 31 27 26 25 27 27 25 26 27 27 27 27
28 29 29 30 32 34 35 35 34 34 36 37 38 39 40 40 41 42 44 45 45 46 46 47 47 49 50 52 54 56 58 60 61 63 64 66 66 67 68 69 70 71 73 74 75 77 79 81 83 86 88 89 90 91 92 94 94 94 95 96 97 98 99 98 98 97 96 95 94 93 91 88 85 83 80 78 77 75 74 74 73 73 72 71 69 67 64 61 58 55 53 52 53 54 55 56 57 57 57 57 57 54 52 50 46 40 36 34 30 26 27 31 34 31 28 27 26 27 28 27
27 28 28 29 31 33 35 35 34 34 34 35 37 38 39 39 39 40 42 43 45 45 46 46 47 48 49 50 52 54 57 59 61 62 64 66 67 68 69 69 70 72 73 74 75 76 78 79 80 82 84 85 86 86 87 89 90 90 91 93 93 95 95 95 94 93 92 90 89 89 87 86 84 81 79 77 76 75 74 73 73 72 71 70 67 65 62 59 56 53 52 52 53 55 55 56 57 57 57 57 57 54 52 49 45 39 35 33 29 29 32 36 35 30 28 28 28 28 27 25
27 27 27 27 30 33 34 36 35 34 33 34 36 37 38 38 38 39 40 42 43 44 45 45 46 48 48 49 51 52 54 57 60 61 63 65 66 67 68 69 70 72 73 74 74 75 76 77 78 79 79 80 81 82 82 83 85 86 87 89 89 90 91 90 90 89 87 85 84 84 82 81 80 79 77 75 74 73 73 72 71 70 69 67 64 62 59 56 53 52 53 53 54 55 56 57 58 58 58 57 56 53 51 48 44 38 34 33 32 37 41 41 37 33 29 28 27 27 25 24
29 28 27 27 28 32 34 36 36 34 33 33 34 36 36 37 37 38 39 40 41 42 43 45 46 47 48 49 50 50 51 54 57 60 62 63 65 66 67 68 69 71 72 73 74 74 74 75 75 75 75 75 75 76 76 77 78 80 81 83 84 85 85 86 85 84 83 81 80 79 78 77 77 76 74 73 73 72 71 70 69 68 66 63 61 59 55 53 52 52 53 53 55 56 57 58 59 59 58 57 56 53 50 47 43 36 34 36 40 44 44 41 36 31 27 26 26 25 25 25
31 29 27 27 27 29 33 36 37 35 33 32 33 34 35 36 36 37 38 39 40 40 42 44 45 46 46 48 49 50 50 51 53 56 59 62 63 65 66 67 68 70 71 72 73 73 73 73 73 72 72 71 70 70 71 71 72 73 75 77 78 79 80 80 80 79 78 76 75 74 74 74 74 73 72 71 70 70 69 68 67 65 62 60 59 55 51 51 52 53 53 54 56 57 57 58 59 59 58 57 55 51 48 46 41 36 37 43 45 43 43 38 32 28 27 26 26 26 27 29
32 31 28 26 26 27 30 33 36 37 34 31 31 31 33 34 35 36 37 38 39 39 40 42 44 45 45 47 48 50 50 50 50 53 56 59 61 63 64 66 67 68 69 70 71 71 71 71 71 70 69 68 67 67 66 66 67 68 69 71 72 73 74 74 74 73 72 71 70 70 70 70 70 69 68 68 67 67 66 65 63 61 59 57 54 50 50 52 53 53 54 55 57 57 58 58 59 59 58 56 53 50 47 45 40 39 43 46 44 44 41 33 29 28 28 27 27 28 29 28
33 31 29 27 26 25 28 31 34 36 35 32 30 30 31 33 34 35 36 37 38 38 39 40 42 44 45 45 47 49 50 50 49 50 52 55 58 61 62 63 65 66 67 68 69 70 69 69 69 68 68 67 66 65 64 63 63 63 64 65 66 67 68 68 68 68 67 66 66 66 65 66 65 65 64 64 64 63 63 61 59 57 55 52 49 49 52 53 52 53 55 56 57 58 58 58 58 57 56 54 52 49 46 43 40 43 48 47 45 42 36 30 29 28 28 27 28 29 28 26
35 34 30 27 26 24 25 28 31 34 35 34 31 29 29 31 31 33 34 35 36 37 38 39 40 42 44 45 46 47 49 50 50 49 50 52 54 57 59 60 62 63 65 66 67 67 67 67 67 66 65 65 64 62 61 60 59 59 59 59 61 61 62 62 62 62 61 61 61 61 60 61 61 60 60 60 59 59 58 56 55 54 50 48 50 52 53 52 53 54 56 57 58 58 58 58 57 56 55 53 51 48 46 42 41 45 48 46 43 39 34 32 30 29 28 27 28 29 27 24
36 36 33 29 27 25 24 27 28 31 35 35 33 30 29 29 30 30 32 33 34 35 36 37 38 40 42 44 45 46 47 49 50 50 50 49 50 52 55 57 59 60 62 63 63 64 64 64 64 63 62 62 61 60 59 58 57 56 56 56 56 56 56 56 56 56 55 55 55 56 56 57 57 56 56 55 55 55 54 53 52 49 47 49 52 54 53 53 54 55 56 57 57 57 57 57 56 55 54 52 50 48 44 41 43 47 47 45 42 36 34 33 31 29 28 28 28 28 25 23
36 36 35 32 30 26 24 25 27 30 33 34 33 31 29 29 29 30 30 31 32 33 34 35 37 38 40 42 44 45 46 47 48 49 50 50 48 48 50 53 55 56 57 59 59 60 60 60 60 60 59 58 57 57 57 56 55 54 54 53 53 52 52 51 51 51 51 51 51 52 52 53 52 52 51 51 51 51 50 48 47 46 49 53 54 54 53 53 54 56 57 57 57 57 56 56 55 54 53 51 49 46 43 42 45 48 47 44 39 34 33 33 31 29 28 28 28 28 24 23
34 36 36 34 31 28 25 24 26 28 30 32 32 30 30 29 29 29 30 30 31 31 32 33 35 37 38 40 42 43 45 46 47 48 49 50 50 49 48 48 50 51 53 55 55 55 55 55 55 56 55 54 53 53 53 52 52 51 50 50 49 48 48 47 47 47 47 46 47 47 47 47 47 47 47 47 47 46 45 44 45 50 53 55 54 53 53 54 56 57 57 57 56 56 55 54 54 53 51 50 48 45 42 43 47 47 44 40 35 33 32 32 31 30 29 29 29 27 24 24
34 36 37 35 32 30 27 24 25 26 28 31 32 31 29 29 29 29 29 29 30 30 30 31 33 34 36 37 39 41 43 45 46 48 49 49 50 51 51 49 47 47 48 50 51 51 50 49 49 49 49 49 48 48 48 47 47 46 46 45 45 44 44 43 43 42 42 42 42 43 43 44 44 44 43 42 42 43 44 48 51 54 55 54 53 54 54 55 56 56 56 56 55 55 54 53 53 52 50 49 47 43 41 45 49 46 41 37 34 33 32 31 31 30 30 29 29 26 25 26
33 35 37 36 33 31 28 25 25 25 27 30 32 31 29 28 28 28 29 29 29 29 29 29 30 32 34 35 37 39 41 43 45 46 48 48 49 50 51 52 51 48 47 47 47 47 47 46 45 45 44 44 44 44 44 43 43 42 42 41 40 40 40 39 39 39 39 39 40 41 41 41 40 41 41 42 43 46 49 52 55 55 55 54 53 54 55 55 56 55 55 55 54 54 54 53 52 51 49 48 45 42 42 48 49 45 40 35 34 33 32 31 31 31 30 30 28 25 27 30
33 34 35 35 34 32 29 26 24 25 25 28 30 30 29 27 27 27 28 29 29 29 28 28 29 30 32 33 35 37 38 40 42 45 47 48 49 49 50 51 53 53 52 50 49 47 46 45 44 44 43 43 42 41 40 40 39 39 38 38 38 38 37 37 37 37 38 38 39 39 39 40 41 42 44 46 49 52 54 55 55 54 53 54 54 53 54 55 54 54 54 54 54 54 53 53 52 50 48 46 43 43 46 49 45 40 37 34 33 32 31 31 32 32 31 30 27 27 29 32
33 33 34 35 34 32 30 28 25 24 25 26 29 30 30 28 27 26 26 28 29 29 28 28 28 29 30 32 33 35 36 38 40 43 46 47 49 49 50 51 53 54 54 53 53 51 50 48 47 46 45 45 44 44 43 43 42 42 41 41 41 40 39 39 39 39 39 40 40 40 42 44 46 48 50 52 53 54 55 54 54 54 53 53 53 53 54 54 53 53 53 54 54 54 53 52 50 48 47 44 41 44 50 49 43 37 35 33 32 32 31 31 32 32 31 29 26 29 32 34
32 32 33 35 34 33 31 29 26 24 24 26 28 30 30 28 26 25 25 27 28 28 28 27 27 28 29 31 32 33 35 36 38 40 43 46 47 49 50 51 53 54 55 55 55 54 54 53 52 51 49 48 48 47 47 47 46 45 45 44 43 42 41 41 42 42 42 44 46 47 49 49 51 52 53 54 54 55 55 54 54 54 53 52 52 52 53 53 53 53 54 54 54 53 52 51 49 47 46 43 42 47 49 46 41 36 34 32 31 31 30 32 33 32 30 28 28 32 34 35
31 32 32 34 34 33 32 29 28 24 23 25 26 29 30 29 26 25 25 26 27 27 27 27 27 27 28 30 31 32 33 35 37 38 41 44 46 48 49 50 52 53 55 56 56 56 56 56 56 55 54 54 54 54 53 53 52 52 51 50 48 47 47 47 48 48 49 50 52 52 53 53 54 54 54 55 55 54 54 54 53 52 51 51 51 52 52 53 53 53 54 53 53 52 51 50 48 46 44 42 45 49 46 40 37 34 33 31 30 30 30 32 32 31 29 27 30 34 35 35
