120 124 127 129 131 132 134 133 134 133 133 133 134 135 134 133 133 132 132 131 131 131 131 132 133 135 136 137 137 137 138 137 137 137 137 137 137 137 138 139 139 139 139 139 138 138 137 138 140 140 140 141 143 145 145 145 145 145 144 144 143 139 138 138 138 136 135 134 134 133 134 134 135 135 135 135 134 132 131 131 131 130 129 128 127 127 126 125 124 123 123 122 121 121 120 119 119 119 118 118 118 118 118 118 117 116 116 115 114 114 112 110 107 104 100 97 91 84 75 62
122 125 127 129 131 132 132 133 133 134 135 137 137 136 136 135 135 134 133 132 131 131 132 132 133 135 136 137 137 137 137 137 137 137 137 137 137 138 139 139 140 140 139 139 139 139 139 139 140 141 141 141 143 145 146 145 144 144 145 145 144 141 139 140 139 137 135 134 134 134 134 134 135 134 134 134 133 132 131 131 131 130 129 128 128 127 126 125 125 124 123 123 123 122 121 121 121 120 120 119 119 119 119 119 118 117 117 116 115 115 114 112 110 107 104 100 95 88 78 65
123 125 126 129 130 130 132 133 134 136 138 138 137 138 138 138 136 134 133 132 132 132 132 133 133 135 136 137 137 137 137 137 137 138 137 137 138 138 139 140 140 140 140 140 140 140 140 140 141 142 142 142 143 145 146 145 144 144 145 145 145 142 141 141 140 138 136 134 134 134 134 135 135 134 135 134 134 133 132 131 131 131 130 129 128 128 127 126 125 125 125 124 124 123 123 123 122 122 121 121 121 121 121 120 119 118 118 117 116 116 115 113 111 108 106 103 98 91 80 69
123 126 127 127 128 130 131 133 136 138 139 139 140 140 140 139 137 135 134 133 133 132 132 133 133 135 136 137 138 138 137 137 137 138 138 139 139 139 140 141 141 141 141 141 141 140 140 140 141 142 142 142 143 146 147 145 144 144 145 146 146 143 142 142 141 138 136 134 134 134 134 135 135 135 135 135 134 134 132 132 131 131 130 129 129 128 127 127 126 126 125 125 125 125 124 124 123 123 122 122 122 122 121 121 120 119 119 118 117 117 116 115 113 110 108 105 100 93 82 71
124 126 126 126 127 129 132 135 138 138 139 141 142 142 141 139 138 137 136 135 134 133 133 133 133 135 136 137 138 138 138 137 138 139 139 140 141 142 142 142 143 143 143 143 142 141 140 141 142 143 142 142 144 146 147 145 144 144 145 145 145 143 143 143 141 139 137 135 135 135 135 136 136 136 136 135 135 134 133 133 132 131 131 130 129 129 128 127 126 126 126 126 126 126 125 125 124 124 123 123 123 122 122 122 121 120 119 118 118 117 117 116 114 112 110 107 102 95 85 73
124 125 125 125 127 130 134 136 138 139 141 142 142 142 141 140 140 138 137 136 135 134 134 134 134 135 136 137 138 138 138 139 139 140 141 141 142 143 144 144 145 145 144 144 143 142 141 141 143 144 143 143 144 146 147 146 144 144 144 144 145 143 142 143 141 139 137 136 136 136 137 137 136 136 137 136 136 136 134 133 133 132 131 130 130 129 128 128 127 127 127 127 127 127 126 126 126 125 125 124 124 123 123 122 122 121 120 119 118 118 117 117 115 113 111 108 104 97 88 77
123 124 124 126 129 133 135 136 139 141 142 143 142 142 142 141 140 139 137 136 135 134 134 134 135 135 136 137 137 138 139 139 140 141 142 143 144 144 145 145 145 145 144 144 144 143 142 142 144 145 145 144 145 146 147 145 143 144 144 144 144 143 142 143 141 139 138 138 137 138 138 138 137 138 138 138 137 137 135 134 133 132 131 130 130 129 128 128 127 127 127 127 127 127 128 127 127 126 125 125 125 124 124 123 122 121 120 119 119 119 118 117 116 114 112 109 105 99 90 78
122 123 125 129 131 134 135 138 141 142 142 142 142 142 142 141 140 139 138 136 135 135 134 135 135 136 136 137 137 138 139 140 141 142 143 143 145 146 145 145 146 146 145 144 144 143 143 144 145 146 146 145 145 146 146 145 143 143 143 143 143 143 142 143 141 140 139 138 139 140 139 139 138 139 139 139 138 137 136 134 134 133 131 131 130 129 128 128 127 128 128 127 128 128 128 128 127 127 126 126 125 124 124 123 122 121 121 120 119 119 119 118 117 115 113 110 106 100 92 80
120 124 128 130 132 134 137 139 142 142 142 142 142 142 142 141 139 139 138 136 135 135 135 136 136 137 137 137 137 137 139 141 141 143 143 143 145 146 146 146 147 146 145 145 146 145 144 145 147 148 147 147 147 147 146 145 143 141 142 143 143 143 142 143 141 140 140 139 140 141 141 141 140 140 140 140 139 138 137 135 134 133 131 131 130 129 128 128 128 128 127 127 128 128 127 127 127 127 126 126 125 125 124 123 122 121 121 120 120 119 119 118 117 116 114 111 107 102 94 83
122 126 128 130 132 134 137 139 141 142 143 143 143 142 141 139 138 138 137 136 136 136 136 136 137 137 137 137 137 138 139 141 142 143 143 143 144 145 147 148 148 147 146 146 147 147 146 146 148 148 147 148 148 148 147 144 141 140 142 143 142 142 142 143 141 141 141 141 142 143 143 143 142 142 142 141 140 139 137 136 134 133 132 130 129 129 128 128 128 128 128 128 128 127 127 127 127 126 126 125 125 125 124 123 122 122 121 121 120 120 119 118 117 116 114 112 108 103 96 86
124 126 128 131 133 135 136 137 140 142 143 143 142 141 139 137 135 135 134 134 135 136 136 137 137 138 138 138 138 138 139 141 142 143 143 142 142 144 145 146 147 148 147 147 148 148 147 146 147 147 147 148 149 149 148 144 140 139 141 142 141 143 143 143 142 142 141 141 143 143 144 144 143 143 143 141 140 139 138 137 135 133 132 130 129 128 128 128 128 128 128 128 127 127 126 126 125 124 124 124 124 124 123 123 123 122 122 121 120 120 120 119 118 117 115 112 109 104 98 89
124 127 130 131 133 134 135 136 139 141 141 141 140 138 136 134 132 131 131 132 132 134 135 137 138 139 139 139 138 139 140 140 141 142 141 141 141 142 143 144 147 148 147 147 148 148 146 145 146 146 147 148 149 149 148 144 140 139 140 141 141 143 143 143 142 142 142 142 144 144 144 145 144 143 143 141 139 138 138 137 135 133 131 129 128 128 128 128 127 127 127 127 126 126 125 124 123 122 122 122 123 123 123 123 123 123 122 122 121 120 120 119 119 117 116 113 109 105 100 92
125 128 130 131 132 133 134 136 138 139 139 138 135 133 131 129 128 127 128 128 129 132 135 136 138 139 139 139 139 139 139 139 140 140 139 139 139 140 140 141 144 146 146 147 147 147 146 143 142 143 146 148 149 149 148 145 141 140 141 141 142 144 142 143 142 142 143 143 144 144 144 145 144 143 142 140 139 138 137 136 134 132 130 129 127 127 127 127 127 127 127 126 125 123 122 121 120 119 119 120 120 121 122 122 123 124 123 123 122 121 120 120 119 118 116 113 110 106 101 94
125 127 129 129 130 132 133 135 136 136 136 133 130 128 126 125 123 123 123 124 127 130 133 135 136 138 139 139 139 139 139 139 138 138 137 136 136 137 138 138 141 143 144 145 145 145 143 140 138 141 145 147 148 149 148 146 143 141 142 141 143 144 142 143 142 142 143 143 144 144 143 144 143 141 140 138 138 137 136 135 134 131 129 128 126 126 126 126 126 125 125 124 122 120 118 117 116 116 117 117 117 118 120 122 124 124 124 124 123 122 121 120 119 118 116 113 110 107 102 96
125 126 127 128 128 130 131 132 133 133 131 127 124 122 120 118 118 117 118 120 123 126 128 130 133 135 136 136 136 136 136 137 137 137 135 134 134 134 135 136 137 138 139 141 142 141 139 136 136 139 143 146 147 148 147 146 144 142 142 141 143 144 141 142 142 141 141 142 142 142 142 142 141 139 138 136 136 135 133 133 132 130 128 126 125 124 124 124 124 123 122 120 119 116 114 113 112 112 113 113 114 116 118 121 124 125 125 124 123 122 121 121 119 118 115 112 109 107 103 97
123 124 125 126 126 127 128 129 130 129 126 122 119 116 114 112 112 113 113 114 116 119 121 124 126 129 130 131 130 130 132 134 134 134 133 132 131 131 132 132 133 134 135 136 138 138 135 132 133 138 143 145 147 148 148 146 144 142 141 141 143 143 141 142 142 140 140 140 140 140 140 139 138 137 135 134 133 132 131 130 129 127 124 123 122 121 121 120 120 119 118 116 114 112 110 110 109 108 108 109 112 114 117 120 123 124 124 123 122 121 121 120 119 117 115 111 109 107 103 99
120 121 122 122 123 124 124 125 126 124 122 118 114 111 108 107 108 108 108 108 108 109 111 113 116 118 120 121 122 122 124 127 128 128 128 128 127 127 127 127 128 129 130 132 133 133 132 130 132 136 140 144 147 147 146 145 144 142 140 140 142 142 141 142 141 139 138 138 138 138 138 136 134 133 131 130 129 128 128 127 125 122 120 117 116 115 115 115 115 113 111 110 108 106 106 106 106 106 105 106 109 112 115 119 121 122 122 121 120 120 120 119 118 117 114 111 109 106 104 100
118 118 118 118 119 120 120 121 121 120 117 114 111 107 105 103 103 103 102 101 100 100 101 101 103 105 107 109 109 111 113 116 118 119 120 120 121 122 122 122 122 123 125 127 129 130 129 128 130 134 138 142 145 146 145 145 143 140 138 140 142 141 141 140 140 138 136 135 135 135 134 133 130 129 126 124 124 123 122 120 118 115 113 110 109 108 108 108 108 106 104 102 100 100 101 102 102 103 104 106 107 110 113 117 119 120 120 119 118 118 118 118 117 116 114 111 109 106 104 100
115 114 113 114 114 115 115 116 117 117 115 112 108 105 103 101 99 98 97 95 92 91 90 89 91 92 93 95 95 97 100 103 106 108 110 111 113 115 116 116 116 117 119 121 124 125 125 125 128 131 135 139 142 143 144 143 141 138 137 139 140 139 139 138 137 135 133 132 131 130 129 128 125 123 120 118 117 116 114 112 110 107 104 102 101 101 100 99 99 98 96 95 94 95 97 98 100 101 102 105 107 110 113 115 118 118 117 115 115 116 116 116 116 116 114 111 109 107 105 101
112 110 109 109 110 111 111 113 114 114 112 110 106 104 101 98 95 93 90 86 84 82 80 79 80 81 81 82 82 83 85 88 92 95 98 100 103 106 108 109 110 112 114 117 119 122 122 123 126 129 133 136 139 141 142 142 140 136 136 137 138 138 137 136 134 131 129 127 127 125 124 122 119 116 114 112 110 108 106 103 100 97 95 93 92 92 92 91 90 89 88 88 89 91 94 96 99 100 102 104 106 109 112 114 116 117 115 113 112 114 114 114 115 115 114 112 109 107 105 102
109 107 105 105 106 107 108 109 111 110 109 106 104 102 99 95 91 87 83 79 76 73 72 71 71 72 72 73 72 72 73 75 78 83 86 89 93 96 99 101 103 106 109 112 115 117 119 121 124 127 131 134 136 138 139 139 137 134 135 136 136 135 134 133 131 127 124 122 121 119 118 115 112 109 107 104 102 100 97 95 92 88 86 85 84 84 84 83 82 82 81 81 83 86 91 95 98 101 103 104 106 109 111 113 115 115 114 112 111 111 112 113 113 114 114 112 110 108 106 103
108 105 104 104 104 105 106 107 108 107 106 104 102 100 97 94 89 84 79 75 71 68 68 67 66 67 68 68 68 67 67 68 71 75 78 81 85 89 92 94 96 99 103 106 110 113 115 118 122 126 129 132 134 135 136 136 134 133 133 134 134 133 131 130 127 123 119 117 115 113 112 109 106 102 99 96 94 92 89 87 84 82 80 79 78 78 78 78 77 76 76 76 79 83 88 92 96 101 104 105 106 108 111 112 114 114 114 112 110 109 110 111 113 114 114 112 110 108 106 103
107 105 104 103 104 105 106 107 108 108 106 103 101 98 95 92 87 82 76 71 67 65 65 64 64 65 66 66 66 66 66 66 68 72 75 77 80 83 86 89 91 94 97 101 104 108 111 115 120 123 127 129 131 132 133 133 132 130 131 132 131 131 128 126 124 120 115 112 110 108 106 103 100 97 94 90 87 86 84 82 81 79 77 76 76 75 75 74 74 73 73 74 76 81 85 89 94 99 102 105 107 108 110 112 114 113 112 111 110 110 109 109 112 113 114 112 110 108 106 103
108 106 105 105 106 106 107 108 109 107 105 102 99 97 94 91 87 82 75 70 67 65 64 65 66 67 68 69 69 70 69 69 70 74 76 78 80 82 83 85 87 90 93 96 100 104 107 112 117 122 125 127 128 130 130 130 130 129 129 130 129 128 126 123 121 117 113 109 106 103 101 99 96 93 90 87 84 82 81 80 80 79 78 78 77 76 75 74 73 73 74 75 77 80 84 88 92 97 101 103 106 108 109 112 114 114 112 111 110 110 110 111 112 114 114 112 110 108 106 104
109 107 107 107 108 108 109 109 108 106 103 100 98 95 93 91 87 82 78 74 70 67 67 69 70 71 73 75 76 76 75 75 76 77 79 80 81 82 82 83 84 87 90 93 96 100 103 109 115 120 123 125 127 128 128 128 128 128 128 127 126 125 123 121 120 116 111 107 103 100 97 95 92 90 87 86 84 83 82 82 81 81 81 80 80 78 77 76 76 76 76 77 79 82 86 89 93 96 99 102 105 106 108 110 113 114 114 112 111 111 112 114 115 115 114 112 110 108 107 105
110 109 108 108 109 109 110 109 107 105 103 101 98 96 94 93 91 88 87 84 82 79 78 79 78 79 81 82 83 83 83 82 82 82 82 83 82 82 82 82 83 85 87 90 93 96 100 106 112 117 120 122 124 125 125 126 125 125 125 125 124 123 121 120 118 114 109 105 101 98 95 93 90 88 87 86 85 85 85 85 85 84 84 84 83 83 82 81 81 81 81 81 84 86 89 92 95 98 100 102 104 106 107 110 112 113 115 115 114 113 114 115 116 115 114 112 110 109 107 106
111 109 108 109 109 109 110 109 107 105 104 102 100 99 98 98 97 96 95 94 93 92 91 90 89 89 90 90 90 90 89 87 85 84 84 83 82 82 81 81 82 83 86 88 91 94 98 104 110 115 118 119 121 122 123 124 122 122 122 122 122 121 119 118 116 112 108 104 100 97 94 91 89 88 87 86 86 86 87 88 89 88 88 88 88 89 88 88 88 88 88 87 88 91 93 96 98 101 103 104 105 107 108 111 112 113 115 116 116 115 115 116 117 116 114 112 110 109 108 106
112 111 110 110 110 110 110 109 109 107 105 104 104 104 104 104 104 103 103 102 103 103 103 102 100 100 99 99 98 96 94 90 87 85 84 83 81 80 79 79 80 82 85 87 90 92 97 102 108 112 114 116 118 120 121 121 119 120 120 120 119 119 117 115 114 111 107 102 99 96 93 91 89 88 87 87 87 88 90 91 92 92 93 93 94 95 96 96 97 97 97 97 97 98 99 101 103 104 105 106 107 108 110 112 114 114 116 117 117 117 117 118 117 116 113 111 110 109 108 107
113 112 112 112 111 111 111 111 110 109 108 108 108 109 110 111 112 111 111 112 112 113 113 112 110 108 107 106 104 101 97 94 89 86 84 82 80 78 77 77 78 80 84 87 90 92 96 100 105 109 111 113 115 117 118 117 117 118 118 118 117 116 115 113 112 110 106 102 98 95 93 91 89 88 88 88 89 90 92 94 95 96 98 99 100 101 103 104 105 106 107 107 107 107 107 108 108 108 108 109 110 111 112 114 116 116 117 117 117 117 117 117 117 115 113 111 110 109 108 107
113 113 112 112 112 112 112 112 112 112 112 112 113 113 115 117 117 118 118 119 120 120 121 120 118 116 114 112 109 105 101 97 93 89 86 84 81 79 77 76 77 79 83 86 90 92 95 99 103 106 108 110 112 114 116 115 115 116 116 116 115 115 114 112 110 108 104 101 98 95 93 91 89 89 88 89 90 92 95 97 99 101 103 104 106 108 109 111 112 113 114 115 115 115 115 115 114 113 112 112 113 114 116 117 118 117 117 117 117 117 117 117 116 115 112 111 109 109 108 107
112 112 112 111 111 112 112 113 114 114 115 116 117 118 119 120 121 122 123 124 124 125 126 125 124 122 119 116 113 109 105 101 97 93 90 87 84 81 79 77 77 79 82 86 89 92 95 98 102 104 106 108 110 112 113 112 113 114 114 114 114 113 112 110 108 106 102 99 97 95 92 91 89 89 89 90 91 93 96 99 102 104 107 109 111 113 114 115 116 117 117 119 119 119 119 119 118 117 116 115 116 117 118 119 119 119 118 118 118 117 116 116 115 113 111 110 109 108 108 106
111 111 111 111 110 111 112 112 114 116 117 119 120 121 122 123 124 125 126 127 127 128 128 128 126 124 122 119 115 112 108 104 101 97 94 91 88 85 82 80 79 79 82 85 89 92 95 97 100 103 104 106 108 110 111 111 113 114 114 114 113 112 111 108 106 104 101 98 96 93 91 90 89 89 90 91 93 95 97 100 104 107 110 112 114 116 118 119 119 119 120 120 121 121 121 121 120 118 117 117 117 118 119 120 120 119 118 118 117 116 115 114 112 111 109 108 108 107 106 105
109 109 109 109 109 109 110 111 113 115 117 119 121 122 124 125 126 127 128 129 130 130 130 130 128 125 123 120 116 114 111 107 104 101 98 95 92 89 86 83 81 80 81 84 87 91 94 96 99 101 103 105 108 110 110 111 113 114 114 113 111 110 109 106 104 102 99 97 94 92 90 89 88 88 89 90 93 95 98 102 106 109 112 114 116 118 119 120 121 121 121 121 121 122 122 122 121 119 118 117 117 118 118 119 119 118 117 116 115 114 112 110 108 108 106 106 105 104 103 101
107 107 107 107 107 108 108 109 111 113 115 117 119 121 122 124 126 127 129 130 131 131 131 130 128 125 122 119 116 113 111 108 106 103 100 97 95 92 89 86 83 81 81 82 84 88 91 94 97 100 102 105 108 109 110 111 112 113 113 112 110 109 107 105 102 100 98 96 94 91 88 87 86 87 88 90 92 95 99 102 106 109 112 115 117 118 119 120 120 121 121 121 120 121 121 121 120 118 117 115 115 115 116 116 115 114 113 112 110 109 107 105 103 102 101 100 99 98 97 95
105 104 104 105 105 106 106 106 108 110 112 114 117 118 120 122 124 126 128 129 130 131 130 129 127 124 120 117 114 111 109 107 104 102 99 97 95 92 90 88 85 82 80 80 82 85 88 92 95 98 101 105 107 109 110 111 112 113 112 110 109 107 106 104 101 99 97 95 92 89 86 85 84 85 86 88 91 94 98 101 104 108 111 113 115 117 118 119 119 119 119 119 119 119 120 119 118 115 113 112 111 111 112 111 110 109 107 105 103 101 99 97 96 95 94 93 92 91 89 86
102 102 101 102 102 103 103 103 105 106 108 111 113 115 117 119 122 124 126 127 128 129 129 127 125 121 117 114 111 108 105 103 101 99 97 95 93 91 90 88 86 83 81 79 80 83 86 90 94 97 101 104 106 108 110 111 112 112 111 109 108 106 105 103 100 98 96 94 91 88 85 83 82 83 84 87 90 93 96 99 102 104 107 109 112 113 115 116 117 117 117 116 116 116 116 115 114 111 109 107 106 106 105 104 103 102 100 98 96 93 92 89 88 87 85 84 83 82 80 77
99 98 98 98 99 99 99 99 100 101 104 106 108 110 112 114 117 119 121 123 124 125 125 123 121 117 113 110 106 103 101 98 97 95 93 91 89 88 88 87 86 84 82 80 80 82 85 89 93 96 100 103 106 108 109 110 111 111 110 109 108 107 105 103 101 98 96 94 91 87 83 81 81 82 83 86 89 91 93 95 97 99 101 104 106 108 110 111 112 112 112 111 111 111 110 110 109 106 104 101 100 99 98 96 95 94 92 90 88 85 84 81 80 77 76 75 74 72 70 67
94 93 91 91 91 91 91 92 93 94 95 97 98 100 102 104 106 107 109 110 112 113 113 112 111 108 105 102 99 96 94 92 90 89 87 85 83 83 84 84 85 85 83 81 81 82 85 88 92 96 100 103 106 108 109 110 111 111 110 110 109 107 106 104 101 98 96 94 91 86 82 80 80 81 83 85 87 88 89 89 91 92 93 96 98 99 100 102 103 103 103 103 102 102 101 100 98 96 94 92 90 89 87 85 85 84 81 79 78 76 74 72 70 69 68 67 66 65 62 59
86 84 81 79 79 78 78 79 80 81 81 82 84 86 87 87 88 89 89 90 92 95 95 94 93 91 89 87 85 83 82 81 80 79 78 76 75 76 78 80 82 84 84 83 82 83 85 88 92 96 100 103 106 109 110 111 112 112 112 111 110 108 106 104 102 98 96 93 90 86 82 80 79 80 82 83 83 83 83 82 82 82 84 85 86 86 87 88 87 87 86 86 85 84 83 82 81 79 78 77 75 73 72 71 71 70 67 66 66 64 63 61 60 60 60 60 60 60 58 55
74 71 67 66 66 65 64 64 65 65 65 66 66 67 67 67 67 68 68 67 68 71 71 70 70 70 68 68 67 66 66 65 65 65 64 64 64 66 69 73 76 80 82 82 83 84 86 89 92 96 100 104 107 110 112 113 114 114 114 113 111 109 107 104 101 98 95 92 89 84 81 79 78 79 81 80 78 76 74 72 72 72 72 72 72 72 73 73 72 71 70 69 68 67 66 65 65 65 64 63 61 59 58 57 58 57 56 55 55 53 53 51 50 51 52 53 55 55 54 51
63 61 59 57 55 55 54 55 55 54 54 53 53 54 53 53 53 54 53 51 49 48 47 46 46 45 45 46 45 46 48 48 49 50 51 51 52 54 57 60 65 71 76 78 80 82 85 89 92 96 99 103 107 110 113 116 117 117 116 114 112 110 107 104 101 97 94 91 87 83 79 77 76 77 76 75 71 66 64 62 61 60 60 61 62 61 59 59 59 57 54 53 51 50 50 49 51 53 53 53 51 49 48 48 48 48 48 47 46 46 46 45 46 47 48 48 49 49 49 47
61 61 60 60 57 55 54 54 53 50 49 49 49 50 50 49 50 50 48 46 43 40 39 39 37 35 34 33 32 32 35 36 36 38 38 40 43 46 49 51 54 60 65 69 73 76 81 86 89 93 97 101 105 109 113 116 118 118 117 115 112 110 107 103 99 95 92 88 84 80 77 74 72 71 69 66 62 59 56 54 54 54 52 52 52 51 46 41 38 37 36 35 33 32 32 33 39 42 42 41 37 35 34 35 37 38 39 40 41 42 44 45 47 49 51 51 49 46 44 42
65 66 66 67 66 64 63 60 56 53 51 49 48 48 48 47 47 46 44 40 37 35 34 34 34 33 32 31 31 31 32 33 34 34 34 34 36 38 41 45 48 51 54 58 62 66 72 77 81 85 90 95 99 104 109 113 115 116 115 113 110 107 103 99 95 90 86 81 78 72 69 67 64 62 62 60 57 55 54 51 47 45 43 41 41 42 42 37 31 30 30 29 29 28 28 30 36 41 42 40 37 35 35 35 37 39 40 41 42 43 45 48 52 55 56 55 52 47 43 39
70 72 74 76 76 74 72 68 63 61 58 54 51 48 46 44 44 45 46 44 39 34 30 28 27 26 27 28 29 31 34 36 36 35 34 33 34 35 36 41 46 49 50 52 53 55 59 62 65 69 75 81 87 93 99 103 104 106 105 102 100 97 94 90 86 81 76 70 65 60 58 59 61 61 60 60 56 50 45 44 43 42 42 44 46 47 44 39 35 31 29 28 28 29 31 35 40 44 44 43 42 42 43 45 47 49 51 52 53 55 56 60 62 63 63 61 57 48 39 34
75 80 83 84 83 82 82 80 77 72 67 61 58 56 54 51 49 49 49 48 44 38 34 33 30 29 28 29 29 32 35 38 39 39 39 39 40 41 41 43 46 51 53 53 53 52 50 48 48 49 54 60 67 74 80 84 87 88 87 84 83 81 80 77 73 69 63 56 51 50 53 56 58 59 62 59 52 48 48 50 51 51 50 48 49 49 48 43 38 36 34 32 32 32 34 39 44 46 47 47 46 45 45 46 49 52 56 59 62 67 72 77 79 79 77 73 68 58 42 31
84 89 92 93 92 91 91 88 84 78 73 68 66 63 60 58 56 55 54 53 51 47 44 42 39 38 36 36 38 39 41 44 46 47 48 49 49 50 50 52 55 59 63 62 61 58 53 45 37 33 33 38 44 49 55 61 63 66 66 64 63 61 60 56 54 50 43 38 38 41 47 55 61 65 65 59 54 54 58 61 60 59 59 56 54 52 52 50 47 44 43 41 42 44 47 49 52 54 55 54 55 54 54 54 57 60 65 68 71 75 80 86 91 94 94 89 81 70 49 32
91 95 96 96 94 93 93 91 88 83 78 75 73 69 67 66 65 64 63 62 60 59 57 55 52 50 48 47 48 49 50 52 53 54 55 56 58 60 61 61 61 64 69 72 72 69 62 53 38 26 20 21 25 30 35 38 39 41 42 40 39 39 39 36 34 30 26 24 29 39 52 61 65 67 65 62 62 64 65 66 65 63 60 59 57 56 56 55 55 54 54 54 55 56 59 61 62 63 64 64 64 63 63 65 69 73 78 81 82 85 88 92 96 100 100 97 91 80 57 35
91 95 97 96 94 94 94 93 91 87 84 80 77 73 72 72 71 70 69 68 67 66 65 63 61 59 56 55 54 54 54 56 57 58 60 62 63 65 67 68 68 68 72 77 80 79 74 65 48 30 18 13 13 15 19 22 24 25 23 22 22 22 22 21 18 16 15 19 32 47 58 61 67 72 72 69 66 65 66 66 65 64 62 61 60 59 59 59 60 61 62 62 63 65 67 69 71 72 72 72 73 73 74 77 82 86 90 92 92 94 95 98 101 102 102 99 95 85 63 39
89 93 96 96 95 94 94 94 92 90 87 83 80 77 75 74 73 72 72 71 70 70 69 68 66 64 61 59 59 58 58 59 61 62 64 66 67 69 70 72 73 72 74 79 82 83 81 75 60 39 22 12 10 11 13 15 17 19 18 17 17 18 16 14 12 10 10 20 39 53 62 68 75 77 73 68 66 67 68 68 68 66 65 64 63 63 63 64 65 67 69 69 70 71 73 74 76 78 78 79 80 83 85 89 93 97 100 101 101 101 101 102 103 103 102 100 96 88 68 43
87 91 94 95 94 94 94 95 94 92 90 86 83 80 78 77 75 74 73 72 72 71 70 70 69 67 65 64 63 63 63 64 66 68 69 71 73 73 74 75 76 76 77 81 83 83 82 78 68 46 26 14 12 13 16 17 19 21 21 22 21 21 19 16 12 9 11 24 44 60 70 75 77 76 72 69 68 69 69 70 70 70 70 69 68 68 69 70 71 73 74 74 75 75 77 78 80 82 83 84 87 91 94 98 102 105 107 108 107 106 105 104 104 103 102 100 98 90 72 47
85 89 91 93 94 94 95 95 95 94 93 90 88 85 83 82 80 78 77 76 74 73 72 71 70 69 68 68 68 68 69 71 72 74 76 78 79 79 79 80 81 82 83 85 86 84 81 77 71 49 29 17 17 20 24 26 29 31 32 33 32 31 28 24 18 13 15 28 48 64 71 74 76 76 74 71 70 70 71 72 73 74 74 74 74 75 76 77 78 79 79 79 80 80 82 83 85 87 88 90 93 97 101 104 107 110 112 113 111 109 107 106 105 103 102 102 101 93 74 50
84 87 89 91 92 94 95 96 96 96 95 94 92 90 89 88 86 85 84 82 80 78 77 76 75 75 75 76 76 77 78 80 80 81 83 84 84 84 84 86 87 89 90 90 89 86 82 77 71 49 29 20 24 29 33 37 42 46 48 48 46 43 40 35 27 19 18 31 50 61 67 72 76 77 77 75 74 73 74 75 76 77 78 79 80 82 83 85 85 86 86 86 87 87 89 90 91 93 95 97 100 103 106 108 111 113 114 114 113 111 109 107 105 104 104 103 103 95 76 54
84 85 88 90 91 94 95 96 97 98 98 98 97 96 95 94 93 92 91 90 88 87 86 85 85 85 85 85 86 86 87 87 87 86 86 87 88 88 89 91 94 96 97 95 92 89 85 77 69 48 29 24 30 37 43 50 58 63 65 65 62 58 52 46 38 27 22 32 49 58 63 71 76 80 80 80 78 78 78 78 79 80 81 82 84 87 89 91 92 93 93 94 95 95 96 97 98 99 101 102 105 108 110 112 113 115 116 115 114 112 110 108 107 106 106 106 106 98 77 57
84 85 87 89 91 94 97 98 99 100 101 101 101 101 100 100 99 99 99 98 97 97 96 95 94 94 94 94 94 93 92 91 90 89 88 89 91 92 94 97 100 101 101 98 95 93 88 77 68 45 29 28 37 45 53 64 74 80 81 81 78 72 66 58 48 36 26 30 47 57 62 71 78 82 85 85 84 83 82 81 81 82 83 85 87 90 93 95 97 98 99 100 101 102 103 104 105 105 106 107 109 112 113 115 115 116 117 117 115 113 111 110 109 109 109 109 111 103 82 62
86 86 87 90 92 95 98 100 101 102 104 105 105 105 105 104 104 104 105 105 104 103 103 102 100 99 99 98 98 96 94 93 91 90 90 91 94 96 99 103 106 106 104 101 98 96 92 79 68 43 30 32 42 51 62 76 89 96 98 97 94 87 78 69 59 46 33 31 44 56 61 72 80 86 90 91 90 88 86 85 84 84 85 87 89 92 95 97 99 101 103 104 106 106 107 108 109 109 110 111 113 115 116 117 117 118 118 118 117 115 113 112 111 112 112 114 115 109 89 71
89 88 89 91 94 97 100 101 103 105 106 108 109 109 108 108 107 107 108 108 108 107 106 105 103 101 100 99 98 97 95 93 92 91 92 94 98 102 105 109 111 110 107 104 101 100 96 83 68 41 31 36 46 57 72 89 102 110 112 111 107 99 89 79 69 56 41 33 41 54 62 73 83 89 94 96 96 95 92 90 88 87 87 88 90 92 94 97 99 102 104 105 107 108 109 110 111 112 113 114 116 118 119 119 119 119 120 119 118 117 116 115 115 115 117 118 119 113 96 85
92 91 91 93 95 99 102 104 106 108 109 111 112 112 112 111 110 109 109 109 109 108 107 105 102 100 99 98 97 96 95 93 92 92 94 98 103 108 112 115 115 113 110 106 104 103 100 87 68 40 32 39 51 65 82 100 114 121 122 121 116 109 99 88 78 66 51 36 39 53 64 75 86 92 98 101 102 101 99 96 94 92 90 89 90 91 93 96 98 100 103 105 106 107 109 110 112 113 115 116 119 120 120 120 121 121 121 121 120 119 118 118 118 119 121 123 123 117 106 102
96 94 94 96 98 101 104 107 109 110 111 113 115 115 115 113 112 111 110 109 109 108 106 103 101 99 97 97 97 96 95 94 94 96 99 105 110 114 117 118 117 115 111 108 106 105 103 90 65 38 34 43 57 74 93 111 124 128 128 127 123 116 107 97 86 76 62 44 39 51 65 77 88 96 101 106 108 107 105 103 100 97 94 92 91 91 92 93 96 98 100 102 104 106 108 110 112 113 115 117 120 121 121 122 123 124 123 122 122 122 122 122 122 124 125 127 128 125 119 119
100 99 98 99 101 104 107 109 111 112 114 116 117 118 117 115 113 111 110 109 108 107 105 103 100 98 97 97 97 96 96 97 98 101 106 111 116 118 119 120 119 116 112 109 107 106 105 90 61 38 37 48 66 86 105 121 130 132 132 130 127 121 113 104 94 84 72 56 43 50 64 81 91 99 105 110 112 112 111 109 106 103 99 96 94 93 92 93 94 96 98 100 102 104 107 109 111 113 115 118 120 121 122 124 125 125 125 124 125 125 125 125 126 128 130 131 131 131 131 129
104 103 102 103 104 107 110 112 114 115 116 118 119 119 118 117 115 113 111 109 108 107 105 103 101 98 98 98 98 99 100 101 104 107 112 117 120 121 121 121 119 115 112 110 109 109 107 91 60 40 41 55 76 97 115 127 134 135 134 133 130 126 119 111 102 93 83 69 56 54 67 85 96 102 107 112 115 115 114 113 112 109 106 102 100 97 95 94 95 96 98 99 101 104 106 108 110 112 115 118 120 121 123 125 126 126 126 126 126 127 128 129 129 131 132 133 133 133 133 131
107 106 106 106 106 109 112 114 116 117 118 120 121 121 120 119 116 114 112 110 109 107 106 104 102 101 100 101 102 103 104 106 109 113 117 120 122 122 122 121 118 114 112 111 111 111 110 92 61 45 50 67 88 109 124 133 137 136 136 134 132 129 123 117 109 101 93 81 70 65 76 90 100 106 110 114 116 117 118 117 117 115 112 109 106 103 101 98 97 98 99 101 102 104 106 108 110 112 115 118 120 122 124 125 126 126 127 127 128 128 130 130 131 131 133 134 135 134 134 132
110 109 109 109 109 111 114 116 118 119 120 121 122 122 120 119 117 115 113 112 111 109 108 106 104 104 104 105 106 107 109 111 113 117 120 122 123 123 122 121 118 114 112 112 113 113 112 94 66 56 64 80 101 121 133 138 139 138 137 136 134 131 127 122 116 109 102 94 86 83 88 97 106 111 113 116 118 119 120 121 121 119 117 114 112 110 107 104 102 102 102 103 105 106 108 110 111 113 115 118 120 122 124 125 126 126 127 128 129 129 130 130 130 132 135 137 137 136 134 133
114 111 111 111 112 114 116 118 119 121 122 123 123 122 120 119 118 116 115 114 113 112 110 108 107 107 107 109 110 112 114 116 118 120 122 124 124 124 123 122 118 114 113 114 115 115 112 98 79 73 80 95 113 130 138 142 141 139 138 137 135 133 130 127 122 117 110 104 101 100 101 106 112 115 116 118 120 121 122 123 123 122 120 118 116 115 113 111 108 107 106 107 108 109 110 112 113 114 116 118 121 123 124 125 126 126 126 127 129 130 131 131 131 133 137 139 138 136 135 133
119 116 114 114 114 115 117 119 121 122 123 123 123 121 120 119 118 117 116 116 115 114 113 111 110 110 111 112 114 116 118 120 121 123 124 124 125 124 124 122 118 116 115 116 117 115 109 98 90 88 97 111 125 137 143 145 144 141 139 138 136 134 132 130 127 122 117 112 110 111 112 116 117 119 120 121 122 123 124 124 123 123 122 120 119 118 117 116 113 112 111 110 110 111 113 114 115 115 116 118 120 122 123 124 124 124 124 125 127 130 131 130 132 135 138 139 138 137 135 133
124 122 120 119 117 117 117 118 120 121 122 123 123 121 120 119 118 117 116 116 116 116 115 114 113 113 114 116 117 119 120 121 122 124 124 125 125 124 124 123 121 118 117 117 115 112 106 100 97 101 112 124 134 142 147 148 145 142 140 138 137 135 134 132 130 126 122 118 117 120 122 123 122 122 123 125 126 126 126 125 124 123 122 122 121 121 120 119 117 116 115 114 115 115 117 117 116 116 116 118 120 121 122 123 124 123 124 125 128 130 132 133 135 138 139 139 138 137 135 133
127 126 125 124 124 123 122 121 120 121 122 122 122 120 119 118 118 117 117 117 118 118 117 117 117 117 118 119 120 121 122 122 122 123 124 124 125 125 124 123 121 119 116 114 112 109 105 102 104 111 122 131 139 146 150 150 147 143 140 139 138 136 135 134 132 130 126 123 123 125 127 128 128 127 127 128 128 128 128 127 125 124 123 123 123 122 121 120 119 118 117 117 118 118 119 118 118 117 118 119 120 121 122 123 124 124 125 127 131 133 135 137 139 139 139 139 138 137 135 133
128 129 129 129 129 129 129 127 126 127 127 126 125 122 120 118 118 118 119 119 119 120 120 120 120 121 121 122 123 123 123 123 122 123 123 124 125 125 123 121 118 116 114 112 110 109 107 108 112 120 128 135 141 147 151 151 148 144 142 140 139 137 136 135 134 132 129 126 126 128 130 132 132 132 131 130 130 130 130 129 127 126 125 125 125 124 123 121 120 120 120 120 121 121 121 120 119 119 119 119 119 120 122 123 124 125 126 127 130 132 135 137 139 138 137 137 137 136 134 132
130 131 131 131 132 132 132 131 130 130 130 130 128 126 124 123 122 122 122 122 122 122 123 124 124 125 125 125 125 126 125 124 123 123 123 123 124 123 121 118 116 114 113 111 110 110 111 114 119 125 132 138 144 149 152 151 148 145 143 141 140 138 137 136 135 133 131 129 129 131 133 135 135 134 133 132 131 131 131 130 128 127 126 126 126 125 124 123 122 122 122 122 122 122 121 121 120 121 121 119 119 120 122 124 126 127 128 129 131 133 136 138 138 137 136 136 136 135 134 132
130 132 133 133 134 135 134 134 133 133 132 131 130 129 128 126 126 126 126 126 125 125 126 127 128 128 128 127 127 127 127 126 124 122 121 121 121 120 118 116 114 112 111 111 111 112 115 119 124 129 135 140 146 150 153 152 149 146 144 142 140 139 138 137 136 134 132 130 130 132 135 137 137 135 134 133 132 131 131 130 129 128 127 127 127 126 126 124 124 124 124 124 124 123 122 122 122 123 123 121 119 121 123 126 127 128 129 130 132 134 135 137 137 136 135 135 134 134 132 131
130 132 134 135 136 136 136 137 136 135 134 133 132 131 130 129 128 128 128 128 127 128 128 129 130 130 129 128 127 127 126 125 124 122 120 119 118 117 115 113 110 109 109 111 112 115 119 123 127 132 137 142 147 151 153 153 150 147 145 143 141 139 138 137 136 134 132 130 130 132 135 137 137 136 134 132 132 131 129 128 128 127 127 127 127 127 127 126 126 126 126 126 126 125 124 124 124 125 124 123 120 121 124 126 128 128 129 131 133 134 135 136 136 135 134 133 132 132 131 129
130 132 134 135 136 137 137 138 138 136 135 133 132 131 130 129 130 130 130 129 129 129 129 130 131 131 131 129 127 126 125 124 123 121 119 117 116 113 111 108 106 105 107 110 113 117 120 125 129 134 139 144 148 152 154 153 151 149 146 143 141 139 138 137 136 134 132 130 130 131 134 136 136 135 132 130 129 128 126 125 125 125 125 126 126 127 127 127 127 127 128 128 128 126 125 126 126 125 125 125 123 123 124 126 128 129 130 131 133 134 135 136 136 134 133 132 130 130 129 128
129 131 133 135 136 137 138 138 138 137 136 135 133 132 131 130 130 131 131 131 131 131 131 130 131 131 130 129 127 126 124 123 122 120 118 115 113 109 105 102 100 101 104 108 113 117 121 126 131 136 140 145 150 155 156 155 152 149 146 144 141 139 138 137 136 134 132 130 129 130 132 133 133 132 130 127 124 123 122 122 122 122 123 124 125 126 127 127 128 128 129 129 128 127 127 127 127 126 126 126 125 125 125 127 128 129 131 132 133 135 136 135 134 133 132 130 129 128 128 127
128 130 133 134 136 137 138 139 138 138 137 136 135 133 132 131 132 132 132 132 132 132 132 132 131 131 130 129 127 126 124 122 121 119 116 113 108 104 99 96 94 96 100 106 111 115 120 126 132 137 142 147 153 158 159 157 153 149 147 145 143 140 138 137 136 134 131 129 127 127 128 129 129 129 127 123 119 117 116 117 118 119 121 123 124 125 126 127 128 128 129 129 129 128 128 128 128 127 127 128 128 126 127 128 129 130 132 132 133 135 135 134 132 131 130 129 128 127 127 126
127 129 131 133 136 137 138 139 138 138 138 137 136 135 133 132 133 133 133 133 133 133 133 133 132 131 130 129 127 125 124 122 120 117 114 109 104 99 93 91 91 94 99 104 109 114 120 127 133 139 144 150 158 164 163 159 153 150 149 147 144 141 138 137 137 134 131 128 124 123 124 125 125 124 122 118 114 111 110 111 114 116 118 121 123 124 125 126 127 128 129 130 130 130 130 130 129 128 129 129 130 128 128 129 130 131 132 133 133 134 134 132 130 130 129 127 127 126 126 125
125 127 129 132 134 136 137 138 138 138 138 138 137 136 135 134 133 133 133 133 133 134 134 134 133 131 130 128 127 125 123 121 118 115 111 107 100 94 89 88 91 96 101 106 109 114 121 129 136 142 147 155 165 172 168 160 153 150 150 149 146 141 139 138 137 135 131 127 123 120 120 121 121 120 118 114 109 106 104 106 109 113 116 119 121 122 124 125 125 127 128 130 130 131 131 131 130 130 130 130 131 129 128 130 131 131 132 132 132 133 132 130 129 128 127 126 126 126 125 125
123 126 128 130 132 134 136 137 138 138 137 138 137 137 136 135 134 133 133 133 133 134 135 134 133 132 130 129 127 124 122 119 117 114 110 105 99 92 88 89 95 101 105 108 111 116 123 132 139 145 150 160 172 177 171 160 153 150 151 151 147 142 139 138 138 136 132 126 122 119 119 120 120 119 116 112 107 103 101 102 106 109 113 116 118 120 122 123 124 125 127 129 130 131 131 132 131 131 131 131 131 130 129 131 132 132 131 132 132 131 130 129 127 126 125 124 124 125 124 124
121 123 125 127 129 131 134 136 137 137 137 137 136 136 136 135 134 133 133 132 132 133 134 133 132 131 130 128 126 124 121 118 115 112 108 104 98 92 89 93 101 107 110 111 113 118 125 134 142 147 152 160 171 175 167 156 150 148 150 151 147 142 139 139 140 138 134 128 123 120 120 120 121 120 116 111 104 100 98 99 103 106 110 114 116 118 120 121 122 124 127 129 130 131 132 132 132 132 132 131 131 131 130 131 131 131 131 131 131 130 129 127 125 124 123 123 123 123 123 123
119 121 123 125 127 128 130 132 134 135 136 136 135 135 136 136 135 134 133 132 132 132 132 132 131 130 128 127 125 123 120 117 114 111 107 103 98 93 92 97 106 112 114 113 114 118 125 134 143 147 150 154 161 164 158 150 145 145 147 148 145 140 138 140 143 142 138 131 126 123 122 122 123 122 119 112 103 97 95 97 101 104 108 112 114 116 117 119 121 124 126 128 128 129 131 132 132 132 131 131 131 131 130 130 130 129 130 130 130 129 128 125 124 123 122 121 122 122 122 121
118 120 122 124 125 126 128 129 131 133 134 134 134 134 134 135 134 134 133 132 131 130 130 131 131 129 127 125 124 122 119 116 112 110 107 103 98 95 95 101 110 115 116 115 116 118 124 133 140 142 143 145 147 147 144 140 138 139 141 143 140 136 136 140 144 145 141 136 131 127 126 125 125 124 120 111 101 94 93 95 100 103 106 109 111 113 115 117 120 123 125 126 126 127 129 130 130 130 130 130 130 130 129 129 128 128 128 128 128 127 126 125 123 122 122 121 121 121 121 121
117 118 120 121 123 124 125 127 128 130 131 132 132 132 133 133 134 133 133 131 130 129 128 128 128 127 125 124 122 120 118 115 113 111 109 105 100 96 96 103 111 116 117 116 116 117 121 126 129 130 130 131 132 131 131 130 130 131 133 134 132 130 132 137 141 144 142 138 134 132 130 129 129 127 121 109 97 90 91 95 100 104 106 107 109 111 113 116 119 122 124 125 125 125 126 127 127 128 129 128 128 128 128 128 127 126 125 126 126 125 125 124 122 121 122 121 120 120 120 120
116 117 118 119 120 122 123 124 126 127 128 129 130 131 131 132 132 132 132 130 129 128 126 126 125 124 123 122 121 119 117 116 115 113 111 108 104 98 98 104 111 116 117 116 114 113 113 115 116 116 117 118 119 120 121 122 122 123 124 124 122 122 124 128 133 136 137 137 137 136 134 133 133 129 121 106 91 86 90 96 101 104 106 107 108 110 112 115 118 121 123 124 124 124 124 124 125 126 127 127 126 126 127 127 126 124 123 124 124 124 123 122 121 121 121 122 121 119 119 119
115 116 117 118 118 119 121 122 123 125 126 127 128 128 129 130 130 130 130 129 128 126 125 124 123 121 120 120 119 118 117 117 117 117 115 112 108 102 99 103 109 113 114 113 110 106 104 102 102 103 105 107 109 111 113 114 115 116 115 114 113 112 113 116 121 125 128 131 135 137 137 136 135 129 118 99 85 84 91 99 103 106 107 108 109 110 112 115 118 120 121 123 122 121 121 122 123 124 125 125 124 124 125 125 124 123 123 123 124 123 122 121 120 121 121 122 121 120 119 118
114 115 116 116 117 117 118 120 121 122 124 125 126 127 127 127 127 128 127 126 125 124 123 123 122 120 119 119 118 118 118 119 121 121 120 117 113 106 102 102 106 108 108 106 102 97 92 89 89 91 94 98 101 103 106 107 108 108 108 106 105 103 103 103 106 110 115 120 126 130 133 134 132 126 112 92 81 83 92 101 105 108 110 110 110 111 113 115 117 119 120 121 121 120 120 121 122 123 123 123 122 122 123 123 123 123 123 123 123 123 122 121 120 121 122 122 121 120 119 117
112 114 115 115 115 116 116 118 119 120 122 123 124 125 125 125 126 125 125 123 122 121 121 120 121 120 120 119 119 120 121 123 125 126 126 123 118 111 105 102 102 102 100 97 90 83 77 74 74 78 84 89 93 96 98 100 100 101 100 99 98 96 93 90 91 93 98 105 111 117 122 126 125 119 103 86 80 85 95 104 109 112 113 113 113 113 114 115 116 117 118 119 120 119 119 120 121 121 120 121 121 121 121 121 121 122 122 123 123 122 121 120 121 121 122 121 120 119 119 116
110 112 113 114 114 115 115 116 117 118 120 121 122 123 124 124 124 123 121 120 119 118 118 118 118 119 120 120 122 123 125 127 129 130 130 127 122 116 109 103 99 96 92 85 75 65 57 54 57 64 73 81 86 89 90 92 92 93 94 94 93 89 83 78 76 77 81 87 93 99 106 112 113 106 93 83 82 89 99 107 112 114 116 116 116 115 115 115 116 117 117 118 119 118 118 118 119 119 119 119 120 120 120 120 120 120 121 122 122 122 121 120 121 121 122 121 120 119 118 115
108 110 112 113 113 114 114 115 115 116 118 119 120 121 122 122 121 120 118 115 114 114 114 114 116 117 120 122 125 128 130 132 133 133 133 130 126 121 114 107 99 92 84 74 62 50 42 40 43 52 63 73 78 81 82 83 84 86 88 89 88 82 73 67 64 64 65 69 74 82 91 96 98 94 86 83 87 95 104 111 115 116 118 118 119 118 117 116 116 117 117 117 117 117 117 116 117 118 118 119 118 118 118 119 119 119 120 120 121 121 120 120 120 121 121 121 121 120 118 114
107 108 109 111 112 113 113 114 114 115 116 118 119 120 121 121 120 118 116 113 111 110 110 112 114 117 121 124 128 130 133 135 135 135 135 133 130 126 120 113 105 94 83 70 57 45 38 37 41 48 57 66 72 74 75 75 76 79 82 85 82 74 66 62 60 59 59 59 62 70 78 85 88 87 85 86 92 101 109 115 118 119 120 121 121 121 119 117 117 117 117 116 116 116 116 116 117 117 118 118 118 117 117 118 119 119 119 119 120 120 120 120 120 121 121 121 121 120 118 112
105 106 107 109 110 111 112 113 114 114 115 116 118 119 120 120 119 118 116 113 110 108 109 111 115 118 122 126 129 132 135 137 137 137 136 135 133 131 127 122 115 105 91 76 62 51 46 45 48 53 58 63 67 70 70 68 69 72 77 79 75 68 63 62 62 62 62 62 63 68 75 81 86 88 89 92 98 106 113 119 121 123 124 124 124 124 122 120 118 118 117 116 116 116 116 116 116 117 117 117 117 117 117 118 119 119 119 119 119 119 119 120 120 120 121 121 121 120 117 111
104 105 106 107 108 109 110 111 112 113 114 115 116 117 118 119 119 118 117 115 113 111 111 113 116 120 124 127 131 134 137 138 138 138 137 136 136 135 133 130 126 119 107 93 80 70 66 64 65 66 67 67 68 68 67 65 64 67 71 72 69 66 66 67 69 71 72 72 72 76 82 86 91 94 95 99 104 110 118 123 126 127 127 128 127 127 125 123 121 120 118 117 117 117 116 116 116 117 117 117 117 116 117 118 118 119 119 119 119 119 120 120 121 121 121 121 121 120 116 109
103 104 105 106 106 107 108 109 110 111 113 114 114 115 117 118 118 118 118 117 116 115 115 117 119 122 126 129 132 135 137 138 139 138 137 136 136 136 136 135 133 130 123 113 103 94 89 86 85 84 82 80 78 74 70 67 65 66 68 69 69 70 73 77 80 82 84 85 86 89 92 96 99 101 102 105 108 115 121 126 129 130 130 131 130 129 128 126 124 122 120 119 118 118 117 117 117 117 117 117 117 117 117 118 118 119 119 120 120 120 120 121 122 122 122 122 121 120 116 107
102 103 104 105 106 106 107 107 109 110 111 113 114 115 116 117 118 119 119 119 119 119 120 121 122 125 128 130 133 135 136 138 138 138 137 136 136 136 136 136 136 135 132 127 121 114 109 105 103 101 98 95 93 87 80 75 72 70 71 73 75 78 82 87 90 92 95 96 98 101 103 105 106 107 108 110 113 119 124 129 131 131 131 132 132 131 130 128 126 124 122 121 120 120 119 119 118 117 117 117 117 117 118 118 118 119 120 120 121 120 121 121 122 123 122 122 122 120 115 105
101 102 103 104 105 105 106 107 107 108 110 111 113 114 115 116 117 119 120 121 121 121 122 124 125 127 129 132 133 134 135 136 137 137 136 135 134 135 135 136 136 136 136 134 131 126 121 118 115 113 111 109 106 101 92 86 82 80 80 82 84 88 92 95 98 101 103 104 106 108 110 110 110 110 112 114 117 122 127 130 131 132 132 132 132 132 131 129 127 125 124 123 122 122 121 121 120 119 118 117 118 118 119 119 119 120 121 121 121 121 122 122 123 123 123 123 122 120 113 101
101 101 102 103 104 104 105 106 106 107 108 109 110 112 114 116 117 118 120 121 122 122 124 125 126 128 129 131 132 133 133 134 134 134 134 134 133 133 133 134 135 135 135 134 132 129 126 122 120 118 117 116 115 111 104 98 93 91 91 93 95 98 100 102 104 106 108 109 111 112 113 113 113 113 115 117 120 124 127 130 130 130 131 132 132 131 131 129 128 127 125 124 124 123 123 123 122 120 119 119 119 119 119 120 120 121 122 122 121 122 122 123 123 124 124 124 123 120 111 97
102 102 102 103 103 104 104 105 105 106 107 108 110 111 113 115 117 118 119 120 122 123 124 126 126 127 128 129 129 130 130 131 132 132 132 131 131 130 131 131 132 133 132 131 129 127 125 122 120 119 119 119 119 117 112 106 102 100 100 101 103 105 106 107 108 109 110 111 113 113 114 114 115 115 117 119 123 125 127 128 129 129 130 130 130 129 129 129 128 127 126 125 124 123 123 123 123 122 121 121 121 121 121 121 122 122 122 122 121 122 123 124 124 125 125 125 123 118 108 91
103 103 103 103 104 104 104 105 106 107 108 109 110 111 112 113 116 117 118 120 121 122 124 125 126 126 126 126 126 126 127 128 128 128 129 129 128 128 128 129 130 130 129 127 125 123 122 120 120 119 120 121 121 119 115 110 107 105 105 107 109 110 110 110 110 111 111 112 113 113 114 114 115 116 118 120 123 124 125 126 127 128 129 129 128 126 126 127 127 127 126 125 123 124 125 125 124 123 122 122 122 122 123 123 123 123 122 122 121 122 123 124 125 126 126 125 122 115 103 84
104 105 105 105 105 105 105 106 107 107 108 109 111 111 111 112 115 117 118 118 120 121 123 124 124 124 124 123 123 122 122 122 123 124 124 125 126 126 126 126 126 126 126 124 122 121 119 119 119 119 120 121 122 120 116 111 109 107 108 110 112 113 112 112 112 112 112 112 113 113 113 113 114 116 118 120 121 122 123 124 126 127 127 126 124 123 123 124 125 125 124 122 122 124 125 126 126 125 124 124 124 124 124 124 124 123 123 122 121 122 123 124 126 126 125 123 119 111 97 77
104 105 106 106 106 107 107 107 108 108 109 110 111 112 112 112 114 115 116 117 118 119 120 121 121 121 121 120 120 118 117 117 117 118 119 120 121 122 122 122 122 122 122 121 119 118 118 118 119 120 121 123 123 120 116 112 109 108 109 112 114 115 114 113 112 112 112 112 112 112 112 112 113 114 116 117 118 119 120 122 124 124 124 123 120 119 119 121 122 123 122 120 121 124 126 126 126 126 126 126 125 125 125 125 125 124 123 122 122 122 123 124 126 126 125 121 114 107 90 71
102 105 106 107 108 108 109 109 109 109 109 109 111 112 113 114 114 115 115 116 117 117 117 117 117 117 117 116 115 114 113 112 112 112 113 115 116 118 118 118 118 118 118 118 117 117 117 118 119 121 123 124 124 121 116 111 108 108 110 113 116 117 116 114 112 112 111 111 111 111 111 111 111 112 113 114 115 116 117 119 120 121 120 119 116 115 115 116 118 120 120 120 121 125 126 126 127 127 127 127 126 126 125 125 125 124 124 123 123 123 123 124 125 125 123 118 111 102 83 63
100 103 105 107 108 109 110 110 110 110 110 110 111 112 114 115 115 115 115 115 115 115 114 113 112 112 111 111 111 110 109 109 109 109 109 110 111 113 114 113 113 114 114 115 115 115 116 118 120 123 124 125 124 121 116 110 107 107 111 115 119 120 118 115 112 111 111 110 111 111 111 110 110 110 111 110 111 112 113 115 116 116 116 114 112 110 109 110 113 116 118 120 122 124 126 126 127 128 128 128 127 126 125 125 125 124 124 124 123 123 123 124 124 124 121 115 108 94 73 54
97 101 104 106 108 109 111 111 111 111 111 111 112 112 113 114 114 114 114 114 113 112 110 108 107 106 106 105 105 105 105 105 105 105 105 106 107 108 109 110 110 110 111 113 114 115 116 119 122 124 126 126 124 121 116 111 107 107 112 118 122 123 120 115 111 110 110 110 110 111 110 109 109 110 110 109 108 108 110 111 112 112 112 110 107 105 103 104 106 111 116 119 121 124 125 126 127 128 129 128 128 127 126 125 125 124 124 123 123 122 122 122 122 122 118 111 103 86 64 46
94 99 103 105 107 109 110 111 112 112 112 112 112 113 113 113 113 113 113 111 110 108 105 103 102 101 100 100 100 100 100 100 100 100 101 102 103 104 105 106 107 108 109 112 113 115 116 118 120 123 125 125 123 120 117 112 109 110 115 121 123 121 116 109 105 105 106 108 109 109 109 109 109 109 109 108 107 107 107 108 108 107 105 103 100 98 96 96 99 105 112 116 119 122 125 126 127 128 129 129 128 127 126 125 125 124 124 123 122 121 121 121 120 119 114 107 96 76 56 38
90 96 100 104 106 108 109 111 112 112 113 113 113 113 112 112 112 112 111 110 107 104 101 98 97 95 94 93 93 93 93 94 95 96 97 99 100 101 102 103 104 105 108 110 112 112 113 113 114 115 116 117 118 118 117 114 113 115 118 120 119 113 105 98 94 94 97 100 103 105 106 106 107 107 107 106 106 105 105 104 103 100 98 95 91 89 87 88 91 99 108 114 118 121 124 126 128 129 129 129 128 127 126 125 124 124 123 122 121 120 119 119 118 116 110 101 84 64 47 30
87 92 97 102 105 107 109 110 111 112 113 113 113 113 112 112 111 110 109 107 104 101 97 94 92 89 87 86 85 86 87 88 90 91 93 95 97 98 99 100 101 103 104 105 106 105 103 101 100 99 99 101 105 108 111 112 112 113 114 112 107 99 89 83 81 80 83 86 89 92 95 98 100 102 103 103 103 103 102 100 96 92 88 83 79 78 78 79 84 93 104 111 116 121 124 126 128 129 129 129 128 127 125 124 123 123 122 121 120 119 118 118 116 111 105 93 72 54 38 23
81 87 93 98 102 105 107 109 110 111 112 113 113 113 112 111 110 109 108 105 102 98 94 90 87 83 80 78 77 77 79 81 83 86 88 90 92 94 95 96 96 96 96 95 94 92 89 85 83 80 80 81 85 90 97 101 103 104 102 97 90 82 74 70 69 69 70 72 74 77 79 82 84 86 89 91 93 95 94 91 87 81 74 68 66 67 70 74 80 90 101 109 115 120 124 126 128 129 129 129 128 126 125 123 123 122 121 120 118 118 117 116 113 107 100 82 62 46 29 18
75 82 88 94 98 102 105 107 109 110 111 112 112 112 112 111 110 108 106 103 100 96 91 87 83 78 74 71 69 70 71 73 76 78 80 83 85 87 87 87 86 84 83 81 79 77 73 69 66 64 64 65 67 71 78 82 86 87 84 78 72 66 62 60 59 60 60 60 61 62 63 64 65 67 70 72 75 77 78 77 73 66 60 56 56 60 65 71 78 88 99 107 113 118 123 126 128 129 129 128 127 126 124 123 122 121 120 118 117 116 116 114 109 103 91 70 52 36 22 13
69 77 84 89 95 99 102 105 107 108 109 110 111 111 111 111 110 108 106 102 99 94 90 85 80 75 70 66 64 64 65 66 67 68 70 72 74 75 74 73 73 71 69 66 64 61 58 56 55 54 54 54 54 56 60 64 67 67 64 61 58 55 53 52 52 52 52 51 50 50 49 49 49 51 54 56 58 60 61 61 57 53 50 50 52 57 63 70 78 87 97 105 111 117 122 125 127 128 128 127 126 125 123 122 121 120 119 117 116 115 113 110 104 96 79 59 42 27 15 10
61 71 79 85 90 95 99 102 105 106 107 108 109 110 110 110 109 108 105 102 98 94 89 84 79 74 70 66 64 61 61 61 60 59 60 61 62 62 61 59 59 57 55 52 50 48 47 47 46 46 46 46 45 46 48 51 53 54 52 51 49 47 45 44 43 43 43 42 42 43 42 42 42 43 45 47 48 49 49 49 49 50 51 52 54 58 65 71 79 88 96 104 110 115 120 123 125 126 126 125 124 123 122 121 120 119 118 116 115 113 111 105 99 86 66 48 32 19 11 8
53 64 73 80 85 90 94 99 102 104 105 106 107 108 108 109 108 107 104 101 98 94 89 85 80 76 72 69 66 63 60 57 56 54 53 53 52 52 50 48 47 45 44 42 41 41 40 40 40 40 40 39 39 39 41 44 46 47 46 45 43 41 39 38 37 37 38 39 40 42 44 44 46 46 47 48 48 47 47 49 54 58 59 59 61 65 70 76 82 89 97 103 108 113 117 120 122 122 123 123 122 121 120 119 117 116 115 114 112 110 106 100 92 73 54 37 22 13 8 7
44 56 67 74 80 85 89 94 98 101 103 104 105 105 106 107 106 105 103 101 98 94 90 86 83 79 75 72 69 66 63 60 58 55 53 51 49 46 44 42 41 41 41 41 41 41 41 41 41 40 39 38 38 37 38 40 42 43 43 42 41 40 39 38 39 40 41 44 47 49 52 54 56 56 57 56 55 54 56 61 66 70 71 71 72 75 78 82 87 92 97 102 106 110 114 116 118 118 119 120 119 118 117 116 115 114 112 111 110 107 101 94 79 60 42 26 15 9 6 7
37 48 60 68 75 80 85 89 93 96 99 101 102 103 103 104 104 103 102 99 97 94 91 88 85 82 78 75 72 69 68 66 64 62 60 57 53 49 47 46 45 46 48 50 51 51 52 52 52 52 50 49 47 45 44 44 45 45 46 47 47 47 47 48 49 50 52 56 59 61 63 65 68 69 69 67 66 67 71 76 81 84 85 85 85 85 86 88 91 94 98 101 104 108 110 112 114 115 116 116 116 115 114 113 112 111 110 109 106 102 94 81 64 48 31 18 10 6 6 7
29 39 51 61 69 75 80 84 88 92 95 97 98 99 100 100 101 100 99 97 95 93 90 88 86 84 81 79 76 74 73 73 73 72 70 66 62 58 55 55 54 57 59 63 64 66 69 71 72 73 71 68 65 62 58 57 57 55 57 59 61 63 64 65 65 66 66 69 72 73 74 75 78 79 78 77 78 82 86 91 95 97 97 96 95 94 93 93 94 96 98 100 103 105 107 108 111 112 113 113 112 111 111 110 109 108 107 105 101 94 84 68 52 35 20 11 6 5 6 7
21 31 42 53 63 70 75 80 84 87 90 92 94 96 96 97 97 97 96 94 93 91 90 88 87 86 84 82 81 80 80 81 83 84 83 79 73 68 65 63 63 66 70 73 76 81 86 88 92 93 91 88 85 81 76 72 71 72 75 77 79 81 82 81 80 79 79 81 81 81 81 82 83 84 84 85 89 94 98 101 103 104 104 103 102 100 99 98 97 97 98 99 100 102 104 105 107 108 109 109 108 108 108 107 106 105 103 100 95 86 71 55 39 23 12 6 5 5 6 7
16 23 34 44 55 63 70 75 79 82 85 87 89 91 92 93 94 93 92 91 90 89 88 87 87 86 86 85 85 86 87 89 91 94 93 90 85 79 75 73 70 70 72 75 80 85 90 95 101 102 100 99 97 94 88 85 85 88 91 92 92 92 92 89 87 85 86 86 84 84 83 83 84 86 89 93 97 102 105 107 108 109 109 108 107 105 103 101 100 98 97 97 98 100 101 103 104 105 106 106 106 106 105 104 103 102 99 94 87 75 57 43 27 15 7 4 5 6 7 7
13 17 26 36 46 55 64 70 75 78 81 83 85 87 88 89 89 89 88 88 87 87 86 86 86 86 87 87 88 89 91 93 96 98 98 96 93 87 83 79 75 72 73 74 77 80 84 89 95 97 98 98 97 95 92 91 92 94 97 95 94 92 90 87 85 86 87 85 84 84 84 84 87 90 93 98 102 105 108 109 110 111 111 111 110 108 105 102 100 98 97 96 96 97 98 100 101 102 103 104 104 105 104 102 100 98 94 87 76 60 44 31 17 9 4 4 5 6 7 8
11 13 19 28 38 47 57 64 70 74 77 79 81 83 84 85 85 85 85 85 84 84 84 85 85 86 87 88 90 92 94 96 98 99 99 98 95 91 86 82 78 74 73 72 72 73 75 79 82 85 87 88 87 88 88 89 89 90 90 89 87 84 82 81 81 82 85 84 84 85 86 88 90 92 96 100 103 106 108 110 112 113 113 113 111 109 105 102 99 98 96 96 95 96 96 98 99 100 102 103 103 103 102 100 97 93 87 77 63 48 34 20 10 5 3 4 5 6 7 8
10 11 14 20 29 39 49 57 64 69 73 76 78 80 80 81 82 82 82 83 82 83 83 83 84 85 87 89 91 94 96 98 99 99 98 97 95 92 88 84 80 76 73 71 69 68 69 71 72 75 76 77 77 78 80 81 82 82 81 80 79 77 75 75 77 79 82 84 85 86 88 89 91 94 97 101 103 106 109 111 113 114 114 113 111 108 104 101 99 98 97 96 95 95 96 96 98 99 101 102 102 101 99 96 92 86 78 65 50 36 23 12 6 3 3 4 5 6 7 8
9 9 11 14 21 30 40 50 58 64 69 72 75 77 78 78 79 80 80 81 81 81 82 82 83 85 86 89 91 94 97 99 99 98 97 96 94 91 88 84 81 77 74 72 69 67 66 66 66 67 68 69 69 71 73 74 74 74 74 73 72 72 72 73 74 77 80 82 83 85 88 90 92 95 98 100 103 106 110 112 114 114 113 112 109 107 104 101 100 100 98 97 97 96 96 97 98 99 100 101 100 98 96 92 87 78 66 51 38 25 14 6 3 3 3 4 6 7 8 9
8 8 9 11 15 22 31 41 50 58 63 68 71 73 75 76 77 78 79 80 80 81 81 82 83 84 86 88 90 94 96 98 99 98 97 96 93 91 89 85 81 78 75 73 70 67 66 64 64 64 65 65 65 66 68 69 69 69 69 69 69 69 70 72 73 75 77 79 81 84 87 90 92 95 98 101 104 107 110 113 114 113 112 110 108 105 104 103 102 101 100 99 99 98 98 98 99 99 100 99 98 95 92 86 80 68 53 40 27 16 7 3 3 3 4 5 6 7 8 9
8 8 8 9 11 15 22 32 42 50 58 63 68 71 73 74 75 76 77 79 80 81 82 83 83 84 86 87 89 92 95 96 97 98 97 96 94 92 89 86 83 79 76 73 71 68 66 64 63 62 62 63 63 63 63 64 64 64 65 65 65 66 68 69 71 72 74 76 79 83 86 90 93 96 99 103 106 109 112 113 113 112 110 108 106 105 105 105 104 103 103 102 101 101 100 99 99 99 99 98 96 92 86 80 70 54 40 28 17 9 4 3 3 3 4 5 7 8 9 10
9 8 7 8 9 11 15 23 32 41 50 58 63 67 70 73 74 75 76 78 80 81 82 83 84 85 86 87 88 90 92 94 95 96 96 95 94 92 89 87 84 81 77 73 71 68 65 63 61 60 60 59 59 59 59 59 60 60 60 61 62 62 64 66 68 70 72 75 79 84 88 92 95 99 102 105 108 110 112 112 111 110 108 107 105 105 106 106 106 106 105 104 103 102 101 100 99 98 97 95 92 87 80 70 56 40 28 18 10 5 3 3 3 3 4 6 7 8 9 11
9 8 7 7 8 8 10 15 23 32 41 50 58 63 67 70 72 73 75 77 79 81 82 84 85 86 87 87 88 89 91 92 93 94 95 95 94 93 91 88 86 83 79 75 71 68 64 62 60 58 57 56 56 55 55 56 56 56 56 57 58 59 61 64 67 71 74 78 83 87 91 95 99 102 105 108 109 111 111 111 109 108 107 106 106 107 107 108 108 108 107 106 105 104 102 100 98 96 94 91 86 80 71 57 42 29 18 10 5 3 2 3 3 3 4 6 7 9 10 12
9 8 7 7 7 7 8 10 15 23 32 41 50 57 62 66 70 72 74 77 79 81 83 85 85 86 87 88 88 89 90 91 92 93 93 93 93 93 91 89 87 84 81 77 73 70 66 63 60 58 57 56 55 54 54 54 54 54 54 55 57 60 63 66 70 75 79 83 88 92 96 99 102 105 107 109 110 110 110 109 108 107 107 106 107 108 109 110 110 110 109 108 106 104 102 99 96 94 91 86 79 71 57 43 31 19 11 6 3 3 2 2 3 4 5 6 8 9 11 12
10 9 7 7 6 6 6 8 9 14 22 31 40 48 55 62 66 69 73 76 79 81 83 85 87 87 88 88 89 89 90 90 90 91 91 92 92 92 91 90 88 86 83 80 77 73 70 67 64 62 60 59 58 57 57 56 56 56 57 59 61 64 68 71 75 80 84 89 93 97 100 103 105 107 109 109 109 109 109 108 108 108 108 108 109 110 111 112 112 111 110 108 106 104 101 97 94 91 86 79 70 57 43 31 21 12 6 4 3 2 2 3 3 4 5 7 8 10 11 12
10 9 8 7 6 6 6 6 7 9 14 21 30 39 47 55 61 66 70 74 78 80 83 85 87 88 89 90 90 90 90 90 90 90 91 91 91 91 91 91 89 88 85 83 80 78 75 72 70 68 66 65 65 64 63 62 62 63 64 66 68 71 74 78 81 85 90 93 97 100 103 105 107 108 109 109 109 109 109 109 109 109 109 110 111 112 113 113 113 112 111 108 105 102 99 95 91 86 79 70 57 43 31 21 13 7 4 3 3 2 2 3 3 4 6 7 9 10 12 13
10 10 9 7 6 6 5 5 5 6 8 13 20 29 38 47 55 61 66 71 75 79 82 85 87 89 90 91 91 91 92 91 91 91 91 91 91 91 91 91 91 89 87 86 84 82 79 78 76 75 74 73 72 71 70 70 70 71 72 74 76 79 82 84 87 91 94 98 100 103 106 108 109 109 109 109 109 109 109 110 110 111 112 112 113 114 114 114 113 112 110 106 103 99 96 91 86 79 70 57 43 32 22 14 8 5 4 3 3 2 2 3 4 5 6 8 9 11 12 13
11 10 10 8 7 6 5 5 5 5 6 8 12 19 27 37 46 54 61 67 72 76 80 83 86 88 90 91 92 92 92 92 92 92 92 92 92 92 92 92 92 91 89 88 87 85 84 83 82 81 80 80 79 78 78 77 78 79 80 82 83 86 89 91 93 96 99 101 104 106 108 110 111 111 111 110 110 110 111 111 112 113 114 114 115 115 115 114 113 110 107 104 100 96 91 86 79 69 57 43 32 24 15 9 6 4 4 3 2 2 2 3 4 5 7 8 10 11 12 14
11 10 10 9 8 6 5 5 4 4 5 6 7 11 17 27 37 45 53 61 67 72 77 81 84 87 89 91 92 93 93 93 94 94 94 93 93 93 94 94 93 93 92 91 90 89 88 88 87 87 87 87 86 86 85 85 86 87 88 90 92 94 96 98 100 102 104 105 107 109 111 112 113 113 113 112 112 112 113 113 114 115 115 116 116 116 115 114 112 109 105 102 97 92 86 78 69 56 43 34 25 16 10 7 5 4 3 3 2 2 2 3 4 5 7 8 10 11 13 15
11 10 10 10 9 7 6 5 4 4 4 4 5 7 11 18 26 34 44 52 60 66 72 77 81 85 87 90 92 93 93 94 94 95 95 95 95 95 96 96 96 96 95 95 94 94 93 93 93 93 94 94 93 93 92 92 93 94 96 98 99 102 104 105 106 108 109 110 111 112 114 115 115 115 115 115 115 115 115 116 116 117 117 117 117 116 115 113 110 107 103 98 93 86 78 68 55 43 34 26 18 12 8 7 5 4 3 2 2 2 3 3 4 6 7 9 11 11 13 16
11 10 10 10 9 8 6 6 5 4 4 3 4 5 6 10 16 24 33 42 51 59 66 72 77 81 85 87 90 92 93 94 95 96 96 97 97 97 97 98 98 99 98 98 98 98 98 98 99 100 100 101 101 100 100 100 100 102 103 104 106 108 110 111 112 113 114 114 115 116 117 118 118 118 118 118 117 117 117 117 117 117 117 117 116 115 113 111 109 104 100 94 87 78 66 54 43 34 26 19 13 10 8 6 5 4 3 2 2 2 3 3 5 6 7 9 11 12 14 16
12 11 10 10 10 9 7 6 5 4 4 3 3 4 5 7 10 16 23 32 41 49 58 66 72 77 81 85 88 90 92 93 94 96 97 98 99 99 99 100 100 100 101 102 102 102 103 103 105 105 106 107 107 107 106 106 107 107 109 110 111 113 115 116 116 117 117 117 118 118 120 120 121 121 121 120 120 119 119 118 117 117 117 116 115 114 112 109 106 100 94 87 78 66 52 42 34 26 19 14 12 9 8 6 5 3 3 2 2 2 3 4 5 6 8 10 11 13 15 17
12 11 10 10 10 9 8 7 6 5 4 4 3 3 4 5 6 10 15 22 31 39 48 58 65 72 77 81 85 88 90 92 94 96 97 98 99 100 100 101 102 102 103 105 105 106 107 108 110 111 111 112 113 112 112 111 111 111 112 113 114 116 117 118 118 119 119 119 120 120 121 121 122 122 122 122 122 121 119 118 117 116 115 114 113 111 109 105 101 95 87 77 65 52 42 34 26 20 16 13 11 9 7 6 4 3 3 2 2 2 3 4 5 6 8 10 11 13 16 17
13 12 10 10 10 9 9 7 6 5 5 4 3 3 4 4 5 7 10 15 23 30 38 48 57 65 71 77 82 85 88 91 93 95 96 98 99 100 101 102 103 104 105 107 107 108 110 111 113 114 115 116 115 114 114 113 113 113 113 114 115 116 118 118 119 119 120 120 120 121 121 122 122 123 123 123 122 120 118 116 115 113 112 111 110 108 105 101 95 87 77 64 51 41 34 27 21 17 15 13 11 9 7 5 4 3 2 2 2 2 3 4 5 7 8 10 12 14 16 17
13 12 11 10 10 10 9 8 7 6 5 4 4 4 4 4 5 7 8 11 16 22 30 39 48 56 64 71 77 82 86 89 91 93 95 97 99 101 102 103 104 105 106 108 108 110 111 113 114 115 116 116 116 115 114 113 112 112 112 113 114 115 116 117 118 119 120 120 121 121 121 122 123 123 123 122 121 119 116 114 112 111 109 108 106 103 99 93 85 75 62 49 40 33 27 21 18 16 15 13 10 8 7 5 4 3 2 2 2 2 3 4 5 7 8 10 12 15 16 17
13 13 11 11 10 10 9 9 8 7 6 5 4 4 4 4 5 6 8 9 12 16 22 29 37 46 55 64 71 77 82 85 88 91 93 95 97 99 101 103 104 105 107 108 109 110 112 113 114 114 115 115 114 113 112 110 109 109 109 110 111 112 113 115 116 117 119 119 120 120 121 121 122 122 121 120 118 116 113 111 109 107 106 104 101 97 91 83 72 59 47 38 32 26 21 19 17 16 15 12 10 8 6 5 4 3 2 2 2 3 3 4 6 8 8 10 13 15 15 17
14 13 12 11 11 10 10 9 9 7 7 6 5 4 4 4 5 6 7 9 11 13 16 21 28 36 45 54 62 70 76 81 84 87 89 91 94 97 99 102 104 105 106 107 108 109 111 112 112 113 113 113 112 111 110 108 106 106 106 106 107 108 110 111 113 114 116 117 118 119 119 120 120 119 118 117 115 112 109 107 104 102 101 99 95 89 81 69 56 44 36 30 25 21 19 19 18 16 14 12 10 8 6 4 3 3 2 2 2 3 3 4 6 8 9 11 14 14 16 17
14 14 13 12 11 10 10 10 9 8 7 7 6 5 5 5 5 6 7 9 11 12 14 17 21 27 35 43 52 61 68 74 78 81 84 86 89 93 96 99 102 104 105 106 106 107 108 108 109 109 110 110 108 107 106 104 103 102 102 102 103 104 106 107 109 110 112 114 116 117 118 117 117 116 115 113 110 107 105 102 100 98 96 93 87 78 66 53 42 34 29 24 21 20 20 19 18 16 14 11 9 7 6 4 3 3 2 2 2 3 3 5 7 8 9 12 14 14 16 17
15 14 13 13 12 11 10 10 10 9 8 7 7 6 5 5 6 7 7 9 11 12 14 15 17 21 27 34 43 51 59 65 71 75 78 81 84 88 91 95 98 101 102 103 104 104 105 105 105 105 105 105 104 103 102 100 99 99 98 98 99 100 101 103 105 107 109 110 112 114 114 113 112 111 110 108 105 102 99 97 95 92 89 83 74 62 51 41 33 27 23 21 21 21 20 19 18 16 13 11 9 7 5 4 3 3 2 2 2 3 3 5 7 8 10 13 13 14 16 17
15 14 14 13 12 11 10 10 10 10 9 8 7 7 6 6 6 7 8 9 11 12 14 15 17 18 21 26 33 42 49 56 62 67 71 75 78 82 85 90 94 96 99 99 100 100 100 100 100 100 100 99 98 98 97 96 95 94 94 94 95 96 97 99 101 102 104 105 107 108 108 107 106 105 104 101 99 96 94 91 88 85 79 69 57 47 39 32 26 22 21 21 22 21 21 19 17 15 13 10 8 7 5 4 3 3 2 2 2 3 4 6 7 9 11 13 13 14 16 17
15 14 14 13 13 12 10 10 10 10 9 8 7 7 7 7 7 7 8 9 11 12 14 16 17 18 19 21 26 33 40 47 52 58 63 68 72 75 79 83 87 91 93 94 95 96 95 95 95 94 93 93 93 93 92 91 90 90 89 90 90 91 93 95 96 97 99 100 101 102 102 101 100 99 97 94 92 90 87 84 80 73 64 53 43 36 29 24 22 21 21 22 22 22 21 19 17 14 12 10 8 6 5 4 3 3 2 2 2 3 4 6 7 9 12 13 13 15 17 17
14 14 14 13 13 12 11 10 10 10 10 9 8 7 7 7 7 8 8 10 11 12 14 16 18 19 20 20 22 26 31 37 43 48 54 59 64 68 72 75 80 83 86 88 89 90 90 89 89 88 88 87 87 87 87 86 85 85 84 85 86 86 88 90 91 92 93 93 94 94 94 93 92 91 89 87 85 82 79 75 67 57 48 40 33 26 22 20 20 21 22 23 23 22 20 19 16 14 11 9 7 6 4 3 3 2 2 2 3 3 4 6 8 10 12 13 14 15 17 17
14 14 13 13 13 12 11 10 10 10 10 9 9 8 8 7 8 8 9 10 11 12 14 16 18 20 21 22 22 22 24 28 34 39 44 49 54 59 63 67 72 75 78 80 82 83 84 84 83 83 82 82 81 80 80 79 79 79 79 79 80 81 82 84 85 85 86 85 86 85 85 84 83 82 81 79 76 74 69 62 51 42 37 31 25 21 20 21 22 23 23 23 23 22 20 18 16 13 11 9 7 5 4 3 3 2 2 2 3 3 5 6 8 11 12 13 14 15 17 16
13 13 13 13 12 12 12 11 10 10 10 10 9 8 8 8 8 8 9 10 11 13 14 16 18 20 21 22 23 23 23 24 27 31 35 40 45 49 53 58 63 66 70 72 75 76 77 77 77 77 76 75 74 73 73 72 72 72 72 73 73 74 75 76 77 77 77 76 76 76 76 75 74 74 72 70 67 62 55 46 37 32 29 23 20 20 21 22 23 24 24 24 23 21 20 18 15 12 10 8 6 5 4 3 3 2 2 2 3 3 5 6 9 12 12 13 15 15 16 16
12 13 13 13 12 12 12 11 10 10 10 10 9 9 9 8 8 8 9 10 12 13 14 16 18 20 22 23 24 25 25 24 24 26 28 32 36 40 44 49 53 58 61 64 66 68 69 69 69 69 68 67 66 66 65 65 65 65 65 65 66 66 67 68 68 68 68 67 67 67 67 66 65 65 63 59 54 47 40 34 29 25 22 20 20 21 22 23 24 24 24 23 22 21 19 17 14 12 9 8 6 5 4 3 3 2 2 2 3 4 5 7 10 12 12 14 15 16 16 16
12 13 13 13 12 12 12 12 11 10 10 10 10 9 9 9 8 9 9 10 12 13 15 16 18 20 21 23 25 26 26 26 25 25 25 26 30 33 36 39 44 48 52 55 57 58 59 60 60 60 60 59 58 58 57 57 56 56 56 57 57 57 58 59 59 59 58 58 58 57 57 55 55 53 50 45 39 34 30 26 23 21 20 20 22 23 24 24 25 25 24 23 22 21 19 16 13 11 9 7 6 4 3 3 3 2 2 2 3 4 6 8 11 12 12 14 15 15 16 16
12 12 13 13 12 12 12 11 11 10 10 10 10 10 9 9 9 9 9 10 12 13 14 16 18 20 21 23 25 26 28 28 28 27 26 25 26 27 29 32 35 38 42 44 46 48 49 50 50 50 51 50 50 50 50 49 49 49 48 48 48 48 48 49 49 50 49 48 48 48 47 45 43 41 37 32 28 25 23 21 20 20 21 22 23 24 25 25 25 25 24 23 22 21 18 15 12 10 9 7 5 4 3 3 3 3 2 3 3 5 7 9 12 11 13 14 15 15 16 15
12 12 12 13 12 12 11 11 11 10 10 10 10 9 9 9 9 9 9 10 11 13 14 16 17 19 21 23 25 26 28 29 29 29 28 27 26 26 26 27 28 30 33 35 37 38 39 40 41 41 42 42 41 42 42 42 41 41 40 40 39 39 40 40 41 40 40 39 39 38 36 34 32 30 27 25 23 21 20 20 21 22 23 24 25 25 26 25 25 25 25 24 22 20 17 14 12 10 8 6 5 4 3 3 3 3 3 3 4 5 8 10 11 11 13 14 14 15 15 15
12 12 12 12 12 12 11 11 11 10 10 10 10 9 9 9 9 9 9 10 11 12 14 15 17 19 21 23 25 26 28 29 30 30 30 29 28 27 26 26 26 27 27 28 30 31 32 32 33 33 34 34 34 35 34 34 34 33 32 32 32 32 32 32 32 32 31 31 30 29 28 26 25 23 22 21 20 20 20 21 22 23 24 25 26 26 26 26 26 26 25 24 22 19 16 14 11 9 7 6 4 4 3 3 3 3 3 3 4 6 8 10 10 11 13 14 14 14 15 14
12 12 12 12 12 12 11 11 11 10 10 10 10 10 9 9 9 9 9 10 11 12 13 15 16 18 21 23 24 26 28 30 31 31 32 31 31 30 29 27 27 26 26 26 26 26 27 27 28 28 28 28 28 28 28 28 28 27 27 26 26 26 26 26 26 26 25 25 24 24 23 22 21 21 20 20 20 21 22 23 24 25 26 26 27 27 26 26 26 26 25 23 21 18 15 13 10 8 7 5 4 4 3 3 3 3 3 4 5 6 9 11 10 11 13 13 14 14 14 14
12 12 12 12 12 12 11 11 11 10 10 10 10 10 9 9 9 9 9 9 10 11 12 14 16 18 20 22 24 26 28 30 31 32 33 33 33 32 31 30 29 28 27 27 26 26 26 26 25 25 25 24 24 24 24 24 23 23 23 23 23 22 23 23 22 22 22 22 22 22 21 21 21 20 21 21 22 23 24 25 26 27 27 27 27 27 27 27 27 26 25 22 20 17 14 12 9 8 6 5 4 3 3 3 3 3 3 4 6 7 10 10 10 12 13 13 14 14 14 14
12 12 11 11 12 12 11 11 11 10 10 10 10 10 10 9 9 9 9 9 10 11 12 13 15 17 19 21 24 26 28 30 32 33 34 34 34 34 33 33 31 30 29 29 28 28 27 27 26 26 25 25 24 24 23 23 22 22 22 22 22 22 22 22 22 22 22 22 22 22 22 21 21 21 22 23 24 25 26 27 27 28 28 27 27 27 27 27 27 26 24 21 18 15 12 10 9 7 5 4 4 3 3 3 4 3 4 5 6 9 10 10 11 12 13 13 13 14 14 15
