37 33 31 31 35 39 42 44 46 49 54 59 64 69 72 72 73 74 75 77 76 75 75 74 73 74 75 73 69 69 75 81 85 88 91 93 94 95 97 101 105 111 117 123 129 134 138 141 142 142 142 143 144 145 145 145 147 147 146 143 139 135 130 127 124 121 119 118 118 117 117 116 116 115 114 112 111 109 107 105 103 101 100 98 97 96 95 95 94 93 92 91 90 88 87 86 83 81 78 75 72 68 65 61 59 57 55 52 49 46 45 43 42 40 39 39 38 37 35 34
34 31 30 34 38 41 44 46 48 52 57 63 68 71 73 74 75 76 77 76 75 75 75 76 76 77 76 72 71 74 80 84 88 90 93 93 93 96 99 103 108 114 121 127 132 137 142 145 145 145 145 144 145 145 146 147 148 147 146 143 139 135 131 129 126 123 121 119 118 118 118 118 117 117 115 113 112 110 107 105 103 101 99 98 96 95 94 94 93 93 91 90 89 87 86 85 83 81 79 76 73 70 66 63 60 57 55 53 50 47 45 44 42 41 40 39 39 38 37 35
32 31 33 37 41 44 45 48 51 56 61 66 70 72 73 75 77 78 77 75 74 76 77 78 79 79 76 73 75 80 84 88 90 93 93 93 95 98 102 108 113 118 124 129 134 139 144 147 148 148 148 147 146 147 149 149 149 147 145 142 140 136 134 131 129 126 123 121 120 120 120 119 118 117 116 115 113 111 108 106 104 101 99 97 96 95 94 93 93 92 91 89 88 87 86 84 83 81 79 77 74 71 67 64 61 59 56 54 51 48 46 45 43 42 40 40 39 38 38 37
31 32 36 40 43 45 47 49 54 59 64 68 71 72 73 76 77 77 76 75 76 77 78 80 80 78 76 75 78 84 88 90 92 94 93 94 98 102 107 112 117 121 126 131 137 142 147 150 151 151 150 149 149 150 151 151 150 148 144 142 141 139 136 134 132 129 126 124 122 122 121 121 121 120 118 116 114 112 110 107 105 103 100 98 97 96 95 94 93 92 91 89 88 86 85 84 83 81 80 77 75 72 69 65 62 60 58 55 52 50 48 46 44 42 41 40 40 39 38 38
31 35 39 42 44 45 48 52 57 62 67 70 71 73 74 76 76 76 75 76 77 79 79 80 79 78 76 77 82 87 90 91 93 93 94 98 103 109 113 117 121 125 130 135 140 144 147 150 152 152 152 150 151 151 152 151 149 147 144 143 143 142 140 137 135 132 130 128 126 125 124 124 124 123 121 119 117 114 112 109 107 105 102 100 98 97 96 95 94 93 92 90 88 86 85 84 83 82 80 78 76 73 70 67 64 61 59 56 53 51 49 46 45 44 42 41 40 40 39 38
33 38 41 43 44 46 50 55 60 64 67 70 72 74 75 76 76 76 76 77 78 79 80 80 79 78 77 80 85 90 92 93 93 95 98 104 109 113 117 122 127 131 136 140 143 145 147 150 152 151 151 150 150 152 152 150 148 145 144 145 146 145 142 140 138 135 133 131 130 129 128 128 128 127 125 123 120 118 115 112 110 107 105 103 101 100 99 98 96 95 94 91 89 87 86 85 84 82 81 79 76 74 71 68 65 62 59 57 54 52 50 48 46 45 43 41 41 40 40 39
36 40 42 43 45 48 52 57 62 65 68 70 72 74 75 76 76 76 77 79 80 80 81 82 80 79 79 84 88 92 94 95 96 99 104 109 114 118 123 129 135 138 142 145 148 149 149 150 150 149 148 148 150 150 150 148 146 144 145 146 146 144 142 141 140 139 137 136 135 134 133 133 133 132 129 127 124 122 119 116 113 111 108 106 105 103 102 101 99 97 96 93 91 89 87 86 85 83 81 79 77 74 71 69 65 62 60 57 55 53 51 49 47 46 44 42 41 41 40 40
39 42 43 44 46 51 55 59 63 66 68 71 73 75 75 76 76 78 79 81 81 81 82 83 82 80 83 88 92 96 98 99 100 104 110 115 120 126 132 137 142 144 148 150 151 152 152 150 149 148 146 146 146 146 145 144 144 144 144 144 144 142 141 142 142 141 140 139 139 139 137 136 137 136 134 132 130 127 123 120 117 114 111 110 108 106 105 104 102 100 98 95 93 91 88 86 84 83 81 79 77 74 72 69 66 63 60 58 56 54 52 50 48 46 45 43 41 41 40 40
41 43 44 45 48 53 57 61 64 67 69 72 75 76 76 76 78 80 82 82 82 83 85 85 83 83 87 93 97 100 102 103 106 110 115 121 126 132 138 143 147 149 151 152 152 152 149 146 145 144 143 142 141 140 141 141 141 142 142 141 141 141 142 143 143 142 141 141 140 139 139 139 140 139 137 136 134 131 127 124 120 117 114 113 112 110 109 108 106 104 101 97 95 92 90 86 84 81 80 78 76 74 71 69 65 63 60 58 56 54 52 51 49 47 46 44 42 41 41 40
42 43 45 47 51 55 59 62 65 69 72 74 76 76 77 79 81 83 83 83 84 86 87 87 85 87 93 99 103 105 106 107 111 116 121 125 130 136 141 145 147 148 149 149 148 145 143 140 139 138 138 136 136 136 137 138 138 138 138 139 138 139 141 143 144 143 143 141 139 138 138 138 138 137 136 136 135 133 130 127 123 120 117 116 115 114 113 111 109 106 104 100 96 93 90 87 84 81 78 77 75 73 71 68 65 62 60 58 56 54 52 51 50 48 47 45 43 42 41 41
43 44 46 49 54 58 61 64 67 71 74 76 76 77 79 81 83 84 84 85 87 90 89 87 87 91 98 104 108 110 111 113 117 121 124 128 132 137 140 143 143 144 143 141 140 138 136 133 132 132 131 131 131 132 133 133 133 133 134 135 135 137 140 143 143 142 140 139 136 135 134 133 132 132 132 133 134 134 131 127 124 121 119 118 117 116 114 112 110 108 105 101 97 93 90 86 83 80 77 75 73 70 69 67 65 62 60 58 56 54 53 51 50 49 47 46 44 42 42 41
43 45 48 52 56 59 63 66 70 73 75 75 76 78 81 82 83 83 83 86 89 91 89 88 90 95 101 106 109 111 113 116 120 123 126 128 130 133 135 137 137 138 136 134 133 131 128 127 126 126 125 126 127 127 127 127 127 127 128 130 131 134 137 138 138 137 135 133 131 129 128 127 126 126 127 128 129 130 129 126 122 120 118 117 115 114 112 110 107 105 102 100 96 92 88 84 80 77 74 72 69 67 65 64 63 61 59 57 55 54 53 51 50 50 48 47 45 44 43 42
43 46 49 53 57 61 65 68 71 72 72 74 75 78 80 81 81 81 83 86 89 89 87 88 92 98 102 104 107 110 113 117 120 122 124 125 126 128 129 130 130 130 128 127 126 125 122 120 120 120 119 120 121 122 122 122 121 120 121 124 126 130 131 132 131 130 128 126 124 122 122 121 119 120 121 121 122 124 124 121 118 116 115 113 111 109 106 103 101 99 96 94 91 88 84 81 76 73 69 67 66 63 62 60 60 58 57 56 54 53 52 51 50 49 49 47 46 45 43 42
44 47 51 54 58 61 65 67 68 68 68 71 73 74 76 76 77 79 82 84 85 83 83 87 92 97 99 99 102 106 110 115 118 119 120 120 121 122 123 123 122 122 121 120 119 118 117 116 115 115 114 115 115 116 116 116 115 115 116 118 121 123 125 125 124 124 122 120 118 117 116 115 114 113 114 115 116 117 117 115 112 110 109 106 104 101 98 95 92 91 88 86 84 81 78 76 72 68 65 62 60 58 57 56 56 55 54 53 53 51 50 50 49 49 48 48 47 46 44 43
45 48 51 54 57 60 62 63 63 63 63 65 66 67 68 70 72 75 77 78 78 77 79 82 87 91 92 92 95 99 104 108 112 113 114 114 115 116 116 115 115 115 114 113 113 113 112 112 112 111 111 111 111 111 111 111 111 111 112 114 115 117 118 118 118 117 116 114 112 111 111 110 109 108 108 109 109 110 109 107 104 102 100 96 93 91 88 85 82 81 78 77 74 71 69 68 65 63 60 57 55 53 52 52 52 51 50 50 50 48 48 48 48 48 48 47 47 47 45 44
45 47 50 52 55 56 56 56 56 56 56 58 59 59 61 64 66 69 70 70 70 70 72 75 79 82 83 85 88 92 96 100 103 105 106 107 108 109 109 108 109 109 108 108 108 108 108 108 108 108 108 109 108 108 108 109 108 109 110 111 111 112 113 113 112 112 111 109 107 106 105 104 102 102 102 101 100 101 100 97 94 91 89 86 82 79 76 73 71 70 67 66 64 62 60 59 57 55 53 51 50 49 48 47 48 48 47 46 46 45 45 45 45 46 46 47 47 47 45 44
44 45 47 48 49 48 49 49 49 49 50 51 51 52 54 56 58 60 62 62 61 62 64 66 69 71 73 76 80 83 87 90 93 95 98 99 100 101 102 102 103 103 103 103 104 105 105 105 106 106 106 106 106 105 106 106 106 107 107 108 109 110 110 109 109 108 106 105 103 101 100 98 96 95 95 93 91 91 89 86 83 80 78 74 71 67 64 60 59 58 55 55 54 52 51 50 49 47 46 46 45 45 45 45 44 44 43 43 43 42 41 42 42 43 44 45 46 47 46 45
42 43 43 43 43 42 42 43 44 44 44 45 45 46 48 49 50 51 52 52 52 53 55 56 58 59 60 64 68 71 74 77 81 84 87 89 90 93 94 95 96 97 98 98 100 101 102 103 103 103 103 104 104 104 104 104 104 105 106 106 107 107 107 106 105 104 102 100 98 96 93 91 89 88 87 85 81 80 78 75 72 68 65 61 58 55 51 48 47 47 45 45 44 43 42 43 41 41 40 41 41 41 41 41 41 41 40 40 40 39 38 39 40 41 42 44 45 46 46 45
39 40 40 39 38 38 38 38 39 39 40 40 41 42 42 43 43 43 43 43 42 43 45 44 45 46 47 50 53 56 59 62 66 70 73 76 77 81 84 85 88 89 91 93 95 98 99 100 100 101 101 102 102 103 103 103 103 103 104 104 105 105 105 103 102 100 98 95 93 90 87 84 82 80 78 75 71 69 67 63 59 56 53 49 46 43 40 38 38 37 36 37 36 35 35 35 35 35 35 36 37 38 38 38 39 39 39 38 38 38 37 37 38 39 40 42 43 45 46 46
37 37 36 35 35 35 35 36 36 36 37 38 38 38 38 38 37 36 35 34 34 33 35 33 34 35 35 36 39 42 44 47 51 55 58 62 63 68 71 74 78 81 83 87 90 93 95 96 97 97 98 100 100 101 101 102 102 102 102 103 103 103 103 101 99 97 94 91 88 85 82 79 75 73 69 66 60 58 56 52 49 46 42 39 37 34 32 30 31 31 30 30 30 30 30 30 31 31 32 32 34 36 37 37 38 38 38 38 38 37 37 36 36 37 39 41 42 44 45 46
35 35 35 34 34 34 35 35 35 35 35 36 36 35 34 33 31 30 29 28 27 26 26 26 26 26 27 27 30 31 33 36 39 41 45 48 51 56 59 63 68 71 75 79 84 88 90 92 94 94 96 97 98 99 100 101 101 101 101 101 101 102 101 99 97 93 90 87 83 80 77 74 70 66 62 58 53 49 47 44 42 38 36 34 32 30 29 28 30 29 29 29 29 28 28 29 29 30 31 32 33 34 36 37 38 38 38 38 38 37 37 36 36 37 38 40 41 43 45 46
36 36 35 36 36 36 36 35 35 34 34 34 34 33 31 29 27 26 24 23 23 22 22 22 22 22 23 23 25 26 28 30 31 33 36 39 42 47 51 54 59 63 67 72 77 82 85 88 90 91 93 95 96 97 98 99 100 100 101 101 100 100 99 97 94 91 87 82 79 76 73 69 66 61 58 54 50 46 44 42 40 37 35 33 33 32 31 30 31 32 32 31 31 31 31 31 31 32 33 33 34 35 36 38 38 38 38 38 38 38 38 38 37 37 38 40 41 43 45 46
37 37 37 37 38 38 37 37 35 34 33 33 32 31 29 27 25 24 23 23 23 22 22 22 22 23 24 25 26 27 28 30 30 31 34 36 39 43 46 49 53 57 61 66 71 76 79 82 85 87 90 92 94 95 97 97 98 99 100 100 98 98 96 94 92 88 85 80 75 72 69 67 64 60 56 54 50 47 45 44 42 39 38 37 37 37 37 37 37 37 38 38 38 38 37 37 37 36 37 37 37 38 39 40 40 40 40 40 40 40 40 40 39 39 39 40 42 43 45 46
39 38 38 39 40 40 39 38 36 35 34 33 32 31 29 28 27 26 27 27 28 28 28 28 28 29 30 31 32 33 34 36 36 37 38 39 42 43 46 49 52 55 58 63 68 72 75 77 80 82 86 89 92 93 95 96 97 97 98 98 97 96 94 92 89 86 83 79 74 70 68 66 64 61 58 56 54 51 49 48 47 45 45 44 44 45 45 47 46 47 48 47 47 47 46 45 44 43 43 42 42 42 43 43 43 43 43 43 43 43 42 42 41 41 41 41 43 44 46 47
41 41 41 42 43 43 42 41 39 38 36 35 35 35 33 32 34 35 37 39 41 40 40 39 39 40 42 42 43 44 45 46 47 46 47 47 48 49 51 54 55 57 59 62 66 70 72 74 77 80 84 87 90 92 94 95 96 96 96 96 94 94 92 90 88 84 81 77 74 70 68 67 65 63 61 59 58 56 55 54 54 53 53 53 54 56 57 60 59 60 61 59 59 60 58 55 54 52 51 50 49 48 48 48 47 47 47 46 47 46 45 44 44 43 43 43 44 45 47 48
44 44 45 46 46 46 45 44 43 43 41 40 41 42 41 43 46 49 52 55 57 56 56 57 57 58 59 59 58 58 59 60 60 59 58 57 58 57 58 60 60 61 62 63 66 69 72 74 77 79 82 86 88 91 93 94 95 95 95 94 93 92 90 88 86 83 80 77 74 71 69 68 67 65 64 63 63 61 61 61 61 61 62 64 66 69 72 75 74 75 77 74 74 73 72 68 66 63 61 58 57 55 55 54 52 52 51 51 50 50 49 48 47 46 45 45 45 46 47 48
48 49 49 49 50 50 50 49 49 49 49 49 50 51 52 55 59 63 66 69 71 72 74 76 75 76 76 76 74 73 73 73 73 71 69 67 67 65 65 66 66 66 66 66 67 70 73 75 77 79 82 84 87 89 91 93 93 93 93 92 91 90 89 87 85 83 80 78 76 73 72 70 69 68 67 67 67 67 67 69 70 71 73 76 78 82 85 89 88 89 89 87 86 85 82 78 75 73 70 67 65 62 61 59 57 56 55 54 54 53 52 51 50 49 47 47 46 47 48 49
51 52 53 53 54 55 55 55 55 56 56 57 59 60 62 66 70 74 77 80 84 85 88 91 91 91 90 89 87 85 85 84 83 81 78 76 75 73 72 72 71 71 70 70 70 73 75 77 78 80 82 84 86 89 90 91 91 92 91 90 90 89 88 87 85 83 81 80 78 76 74 73 72 71 70 70 71 73 74 76 78 80 83 86 88 91 95 98 98 99 98 96 94 92 89 85 83 80 77 74 71 68 66 64 62 60 59 58 57 57 56 54 52 51 50 49 48 48 48 49
55 56 57 58 59 59 59 60 60 62 62 63 65 67 70 73 77 80 83 87 91 94 98 100 101 101 100 99 96 93 92 90 88 87 84 82 80 78 77 77 76 76 75 74 74 75 76 78 79 81 83 85 87 88 89 89 90 90 90 90 89 89 88 87 86 85 83 81 80 78 77 76 74 74 73 74 76 78 79 82 84 86 89 92 93 96 99 101 102 103 103 101 99 96 93 90 87 84 82 79 76 72 70 68 65 64 62 61 60 59 58 57 55 54 52 51 50 49 49 50
58 60 61 62 63 64 63 63 64 65 66 67 69 72 74 78 81 84 87 91 95 100 104 105 106 105 104 102 99 97 94 92 90 88 86 85 83 82 81 80 79 79 79 78 77 78 78 80 81 83 84 86 87 88 88 88 89 90 90 90 89 89 89 88 87 86 84 83 81 80 79 78 77 76 77 77 79 81 83 85 87 89 92 93 94 96 99 101 103 104 105 103 101 98 95 92 90 87 84 81 78 74 72 70 68 66 65 63 63 62 60 59 58 56 55 53 52 51 51 51
62 63 65 66 66 67 66 66 67 68 69 70 71 74 77 80 82 84 87 91 95 100 104 106 106 103 101 100 98 96 93 90 88 86 85 84 83 83 82 81 81 81 81 81 81 81 82 83 83 84 86 87 88 89 89 89 90 90 90 89 90 89 89 88 88 87 85 84 82 81 80 79 79 78 79 80 81 82 84 85 87 89 90 90 91 93 95 97 100 101 102 101 99 96 94 91 88 86 83 81 78 75 73 71 69 67 66 65 64 63 62 61 60 58 57 55 55 53 53 53
63 65 66 67 68 68 68 68 69 69 70 71 72 74 77 79 81 83 86 88 92 97 100 103 102 98 95 93 92 90 88 86 84 82 81 81 81 81 82 82 82 82 82 82 82 83 85 85 85 86 87 89 90 91 91 91 91 91 91 90 90 89 89 89 89 88 86 84 83 82 81 81 80 80 80 80 81 81 82 82 83 84 84 85 85 86 87 89 92 94 95 95 94 92 89 87 84 82 79 77 75 73 71 69 68 66 65 65 64 64 63 62 61 60 58 57 56 55 55 55
65 66 67 68 68 68 69 69 70 70 70 71 71 73 75 77 78 80 82 84 87 92 95 97 95 92 89 87 85 83 81 79 78 77 77 77 78 79 80 81 82 82 82 82 83 84 86 86 87 88 89 90 92 93 94 93 94 94 93 92 91 90 90 89 89 88 86 85 84 83 82 82 81 80 80 80 79 79 78 78 77 77 77 76 76 77 78 81 83 86 92 96 94 89 84 81 79 76 74 73 71 69 67 66 65 64 63 64 63 63 63 63 62 61 60 58 58 57 57 57
66 67 68 68 68 68 68 68 68 68 69 69 69 69 71 72 74 76 78 80 84 91 93 91 89 85 81 79 77 75 73 72 71 71 72 72 73 75 77 78 80 81 81 82 83 84 86 86 87 89 90 92 93 95 96 97 97 97 96 95 94 93 92 91 90 89 87 86 85 84 83 82 81 80 80 79 77 76 74 72 71 70 68 68 68 68 69 72 74 80 92 98 92 84 80 76 73 71 68 67 65 64 63 62 62 61 61 61 61 62 62 62 61 61 60 60 59 59 58 59
68 70 70 69 68 66 66 65 64 63 64 63 63 65 66 71 76 81 78 79 86 93 88 83 79 74 71 69 68 66 64 63 64 65 65 67 68 70 72 74 77 78 80 81 82 83 85 86 88 90 91 93 95 97 99 99 100 100 100 99 98 97 95 94 93 91 89 88 86 85 83 82 81 79 78 76 74 72 69 67 65 64 62 61 60 60 59 60 63 65 72 77 77 72 68 67 65 63 61 61 59 59 57 57 57 56 57 58 58 59 60 60 60 61 60 60 60 60 60 60
80 79 75 68 65 63 61 61 59 58 57 57 57 61 68 79 92 90 79 73 72 72 69 67 64 59 56 55 55 54 53 54 54 56 57 59 62 64 66 69 72 74 77 79 81 82 84 86 88 90 92 94 97 99 101 102 104 104 104 103 102 100 99 97 95 93 91 89 87 85 83 80 79 78 76 74 71 69 66 62 60 58 56 54 51 48 46 46 48 49 52 52 53 52 51 52 50 50 50 50 50 51 50 51 51 51 52 54 55 55 57 58 59 59 60 60 61 61 61 62
87 81 73 68 64 61 58 57 55 54 54 54 54 54 65 79 90 85 77 67 59 58 56 56 52 47 44 41 42 42 42 43 45 47 50 52 55 57 59 62 65 69 72 75 78 80 82 85 87 89 92 95 98 101 104 106 108 108 108 107 105 104 102 100 97 95 92 90 87 84 82 80 78 76 74 72 68 65 61 58 55 52 49 45 41 38 35 43 48 44 46 47 44 42 38 38 38 38 37 39 39 41 42 43 44 45 47 49 51 52 54 56 57 57 58 59 61 61 62 62
81 74 72 68 65 60 58 55 53 51 51 50 49 47 49 61 76 83 77 69 61 60 55 50 43 39 36 34 34 33 34 35 38 41 44 48 50 52 54 56 59 62 65 70 74 77 80 83 85 88 91 94 97 101 105 109 112 113 113 111 109 106 103 101 99 96 93 89 87 84 82 80 78 75 73 69 66 62 57 54 50 46 42 38 35 33 33 39 43 42 51 56 53 46 38 33 32 32 31 32 32 34 35 37 38 40 42 44 46 49 52 53 55 56 58 60 60 60 60 61
73 70 68 67 65 61 58 55 53 51 50 48 45 42 41 44 50 58 58 55 51 47 42 38 34 31 30 29 29 29 30 31 32 35 38 42 45 47 50 53 55 57 60 64 69 72 77 80 83 86 88 92 95 99 106 112 116 118 118 115 112 109 105 103 99 96 93 90 88 86 84 81 77 73 70 66 62 58 55 50 46 42 39 36 35 33 32 32 32 38 51 53 54 48 40 33 31 29 29 28 29 30 30 32 34 36 39 41 43 46 49 51 52 55 59 61 61 60 60 61
69 68 67 66 64 61 57 54 51 48 46 42 39 36 35 34 34 35 34 33 31 30 28 27 26 25 25 25 26 27 30 32 33 33 35 38 42 44 47 49 51 54 56 59 64 68 72 75 78 81 84 87 91 95 103 112 117 120 120 118 115 110 106 102 99 96 93 91 89 87 83 79 73 70 66 62 58 55 51 47 43 41 39 38 38 38 37 34 35 49 54 53 49 46 39 34 31 30 29 28 29 29 29 30 31 33 36 39 41 44 47 50 52 54 58 60 62 62 62 61
70 70 68 65 62 58 54 51 46 42 39 36 33 31 31 32 33 33 32 30 27 25 23 22 22 21 21 22 24 26 30 35 36 36 36 37 40 44 48 50 53 55 57 58 61 63 66 69 72 76 79 83 87 92 100 108 114 119 121 120 116 111 105 101 97 95 92 90 88 84 79 73 68 65 62 59 57 54 51 48 45 43 41 42 43 44 43 40 39 40 46 46 40 36 32 31 30 30 31 31 32 32 31 31 32 33 35 37 39 42 45 48 51 54 58 61 63 65 66 64
72 70 67 64 59 55 51 47 42 39 35 33 31 31 32 34 36 37 37 34 31 27 25 23 22 22 22 23 24 28 34 40 43 42 39 39 40 44 49 53 56 59 61 62 63 63 62 64 67 71 75 79 83 88 94 102 112 119 120 121 117 111 105 100 95 92 90 88 83 78 73 68 66 63 61 60 59 56 52 48 46 43 44 46 49 50 48 44 40 36 35 34 32 30 29 29 30 32 34 35 35 34 34 34 35 35 37 38 40 42 44 47 50 56 62 64 64 67 68 66
72 69 66 61 56 53 49 45 42 39 35 34 34 34 36 39 41 43 42 41 37 32 30 27 26 26 26 27 29 33 40 47 51 51 48 46 44 45 49 54 58 62 66 68 70 68 65 62 62 64 67 70 74 78 85 96 105 112 114 112 108 104 98 93 90 89 88 82 75 71 68 68 68 67 65 64 62 58 54 51 49 47 50 52 55 57 55 49 44 41 36 33 31 30 30 31 34 37 40 40 40 38 37 36 37 38 40 42 45 47 48 50 53 59 65 65 64 66 67 66
72 69 65 61 57 55 51 48 46 45 41 40 39 40 41 43 45 47 47 45 43 40 38 35 33 33 34 34 35 39 44 51 56 56 55 54 52 51 52 54 58 63 68 72 75 74 70 62 56 55 58 59 63 67 74 83 89 95 97 92 90 91 86 82 81 80 78 73 67 64 66 70 72 72 71 69 65 61 59 59 58 58 60 61 63 64 64 58 53 50 45 41 39 39 38 39 42 44 45 45 44 42 41 39 40 42 44 47 49 52 53 55 58 61 64 67 67 66 66 65
73 70 67 64 62 59 57 55 54 52 49 47 46 45 45 46 47 48 48 47 47 46 45 43 41 41 41 41 42 44 48 52 55 57 58 58 57 56 55 56 58 62 67 71 74 75 71 62 53 49 50 53 56 62 65 69 78 85 86 83 80 79 77 75 73 69 67 64 60 60 64 70 74 76 75 71 67 64 65 66 67 67 67 67 67 66 66 64 60 57 53 50 49 48 47 48 49 49 49 48 47 45 45 44 45 47 49 52 54 56 57 59 61 64 66 69 71 69 68 67
74 72 69 67 65 63 61 61 60 58 56 53 51 50 48 48 49 49 49 49 49 48 47 46 45 45 45 45 46 46 48 50 52 54 56 57 58 58 57 57 59 62 65 69 72 71 67 60 51 47 48 52 57 63 68 72 81 89 92 93 89 82 80 76 72 67 63 59 54 54 59 66 74 78 77 73 68 66 68 68 68 68 67 65 64 63 62 62 60 58 55 53 52 52 52 52 52 52 52 51 50 49 49 49 51 53 56 58 59 61 61 63 65 67 69 72 73 73 72 70
75 73 71 69 67 64 63 63 63 62 60 58 56 55 53 52 52 51 51 51 50 49 47 47 46 46 45 46 46 47 47 49 50 52 54 56 57 59 59 59 60 62 64 66 67 64 59 55 49 48 51 56 61 65 72 77 83 88 93 93 92 88 84 79 73 68 62 56 50 49 52 59 69 75 76 73 69 67 67 67 67 65 63 61 59 58 58 58 57 55 54 53 52 52 52 52 53 53 53 53 53 53 54 55 57 59 61 62 64 65 66 67 69 70 72 73 74 74 74 72
75 72 70 68 66 65 64 64 63 63 62 62 61 60 59 58 57 56 55 55 54 52 50 48 47 47 47 47 48 48 49 49 50 53 55 57 59 61 61 62 62 64 65 63 59 55 52 49 47 47 52 56 60 64 68 73 77 81 85 84 84 83 79 76 71 65 60 53 48 46 48 54 63 69 71 70 68 66 66 66 65 62 60 58 57 56 56 56 55 54 53 53 52 52 53 53 54 55 56 56 57 58 59 59 61 62 64 66 67 68 69 70 71 72 73 74 74 75 74 73
72 70 69 67 66 66 65 65 65 65 64 64 64 64 64 64 63 62 61 60 59 57 55 53 51 51 51 51 51 51 51 52 53 55 57 59 61 63 65 65 66 68 66 61 55 50 48 47 47 48 52 56 60 65 71 77 82 86 87 88 83 81 77 73 69 64 59 53 49 46 46 48 54 61 66 67 67 66 65 64 63 61 59 58 57 56 56 56 55 55 54 54 54 54 55 56 57 58 58 59 60 61 62 63 64 65 66 67 69 70 70 71 72 73 74 75 75 75 75 73
70 69 68 68 67 68 68 67 68 67 67 67 68 68 68 68 68 67 65 65 64 62 61 59 57 56 56 56 55 55 55 55 56 58 60 61 63 66 68 69 71 72 71 64 57 51 48 47 47 49 53 58 64 72 81 90 98 104 105 103 95 90 85 79 73 68 63 57 52 50 48 47 50 55 62 66 68 67 66 63 62 61 59 59 58 57 57 57 57 57 57 56 57 57 58 58 59 60 60 61 61 62 63 64 65 66 67 68 69 70 71 71 72 73 74 75 75 74 74 72
69 69 70 69 70 70 70 71 71 71 71 71 71 72 72 72 72 71 70 70 69 68 67 64 62 61 60 60 59 58 58 59 59 61 62 64 66 69 72 74 75 77 76 72 64 57 53 50 49 51 56 63 71 80 91 101 110 116 119 116 110 103 97 90 84 76 69 63 57 53 51 49 50 54 62 68 71 71 69 66 64 62 61 60 59 59 59 59 59 59 58 58 59 60 60 61 62 63 63 63 63 63 64 64 65 66 67 68 69 69 70 71 71 72 73 73 73 73 72 70
70 72 72 73 73 73 74 74 75 75 74 75 75 76 76 76 76 75 75 75 74 73 71 69 66 65 64 62 62 61 61 61 61 63 64 66 69 72 75 78 80 83 82 78 72 65 59 55 53 54 59 67 77 86 96 105 114 120 122 120 116 111 106 99 92 84 76 69 63 58 55 54 54 58 64 71 75 75 74 71 68 65 63 61 61 61 60 60 61 61 60 60 61 61 62 64 64 65 65 66 66 66 66 66 67 67 68 68 69 69 69 70 70 71 71 71 71 70 70 68
72 74 75 76 77 76 76 77 78 79 79 80 80 81 81 81 80 80 79 79 78 77 75 73 70 68 67 65 64 64 63 63 63 64 66 69 72 76 80 82 85 88 87 84 78 72 65 60 58 59 65 74 83 91 100 108 115 120 121 119 116 112 108 103 97 88 80 73 66 62 60 60 61 65 70 76 80 81 80 77 73 69 66 64 62 62 62 62 62 62 62 62 63 63 64 65 66 67 68 68 68 68 68 68 68 69 69 69 69 69 69 68 68 69 69 69 70 69 68 66
74 77 78 79 79 79 79 80 81 82 83 84 85 85 85 85 84 83 82 82 80 79 77 75 72 70 69 67 66 65 64 64 65 67 69 73 76 80 84 87 89 91 91 88 84 79 72 66 63 65 71 79 88 95 103 110 116 119 120 118 116 113 110 106 100 92 83 77 72 67 65 66 68 72 77 82 85 85 85 82 78 73 70 67 65 64 63 63 63 63 63 63 64 65 65 67 68 69 70 69 69 69 70 69 69 70 70 70 70 69 69 68 68 67 67 68 68 67 66 64
76 79 81 82 82 82 82 82 83 85 86 86 87 87 87 87 86 85 84 82 81 79 78 75 73 71 69 67 66 65 65 65 67 70 73 77 80 84 87 90 92 93 93 90 87 83 77 72 70 72 76 83 91 98 105 111 116 118 118 117 115 113 110 106 101 94 86 80 77 73 70 70 73 77 81 86 88 89 89 87 83 79 74 71 68 66 65 64 64 64 64 64 65 65 66 67 68 70 70 70 70 70 70 70 70 71 71 71 71 70 69 69 68 67 67 66 67 66 64 62
78 81 83 84 85 84 84 85 86 86 87 87 87 87 87 87 86 84 83 81 80 78 76 74 72 70 68 67 65 65 65 67 69 73 77 81 84 87 90 91 93 94 93 92 89 85 80 76 75 78 81 87 93 100 106 112 116 119 118 116 114 112 109 105 101 95 89 83 79 76 74 73 76 80 84 88 91 92 91 90 88 84 81 76 73 70 68 67 66 66 66 65 65 65 66 67 68 69 70 70 70 71 71 71 71 72 72 73 73 72 71 70 69 68 67 66 65 64 63 62
79 82 85 87 88 88 88 87 87 87 87 87 87 86 86 85 85 83 81 79 78 76 74 72 70 69 67 66 66 66 66 69 73 77 81 85 88 90 92 93 93 93 93 91 89 85 82 79 80 82 85 90 96 101 107 113 116 119 118 116 113 110 107 105 101 96 91 86 82 79 76 75 77 80 84 87 90 92 92 92 91 89 86 82 78 75 71 69 69 68 67 67 66 66 66 67 68 69 70 70 71 71 71 72 72 73 74 74 74 74 73 72 70 69 67 66 65 63 61 60
81 84 87 89 91 92 92 90 90 89 88 87 86 86 85 85 84 82 80 78 76 74 72 71 69 68 67 66 67 68 69 72 76 81 85 89 90 92 93 93 94 92 91 89 86 83 82 82 84 85 88 93 98 103 109 113 116 118 118 115 112 109 106 103 100 97 93 89 85 82 80 78 77 80 83 86 88 91 92 93 93 92 90 86 83 80 76 73 72 70 69 68 67 67 67 67 68 69 69 70 71 72 72 73 74 75 76 76 76 76 75 73 71 69 67 66 64 62 59 58
90 91 93 95 97 98 98 95 94 92 90 88 87 86 85 84 83 81 79 77 76 73 72 70 69 68 68 68 70 72 73 75 78 83 87 91 92 93 93 93 92 91 89 86 83 82 82 83 85 87 90 94 99 104 109 113 116 118 117 115 113 109 105 102 99 96 92 90 87 84 83 81 80 80 82 84 86 88 90 91 92 93 92 89 87 85 81 78 75 73 71 69 69 68 68 68 68 69 70 71 72 73 74 75 76 76 77 78 78 78 76 74 73 70 67 65 63 61 59 59
99 99 100 103 105 106 105 101 100 96 94 92 91 89 88 87 85 84 81 79 77 75 73 71 70 71 72 74 76 78 78 79 81 86 90 93 93 93 92 92 91 89 87 84 82 82 83 84 86 88 91 95 99 104 108 112 115 116 117 115 113 109 106 102 99 95 92 89 87 85 84 83 82 82 82 83 84 86 87 89 90 92 93 92 91 89 86 82 79 77 74 72 71 70 69 69 69 70 71 72 74 75 76 77 78 79 79 80 79 78 76 74 71 69 66 64 63 62 62 62
93 95 97 101 105 106 107 107 105 104 101 99 97 94 93 91 89 87 84 82 78 77 76 75 76 77 79 80 83 84 84 84 86 89 92 93 94 93 92 90 89 87 85 84 83 83 83 84 86 89 92 95 99 104 109 113 116 117 117 115 113 109 106 102 98 94 91 88 86 84 83 83 83 83 83 83 84 84 85 87 88 90 92 93 92 92 90 87 84 82 79 77 76 74 73 73 72 73 74 75 76 78 79 80 80 81 80 80 79 77 75 73 70 69 67 65 64 64 63 63
84 86 89 93 97 101 106 107 106 107 104 103 101 99 98 96 93 90 87 85 83 82 81 80 81 82 84 85 87 89 90 90 90 91 93 94 94 93 91 90 88 87 86 85 84 83 83 84 86 89 92 96 100 104 109 113 116 117 117 115 113 109 106 102 98 93 89 86 84 82 82 82 82 84 84 85 84 85 85 86 87 88 90 92 92 92 91 90 88 85 84 82 80 79 77 77 76 76 77 78 79 80 81 81 81 82 81 80 79 77 76 74 72 70 68 67 65 64 64 64
76 79 82 85 89 92 97 99 99 100 100 100 99 99 98 96 94 91 89 87 86 85 83 83 83 84 86 87 89 91 93 93 93 94 94 95 94 93 92 90 88 87 87 86 85 83 84 84 86 90 93 97 101 105 109 113 116 117 117 115 113 109 105 101 96 92 88 85 82 80 80 81 82 83 85 87 87 87 87 87 88 88 89 91 92 92 92 92 91 88 87 85 85 83 81 81 80 79 78 79 79 81 82 83 83 83 83 82 81 79 78 76 73 71 70 69 66 64 63 61
68 70 73 75 79 83 86 89 90 92 95 96 96 96 94 93 92 90 88 86 85 85 85 85 86 87 88 90 92 94 95 96 96 96 97 97 96 94 93 90 89 88 88 86 84 83 83 84 87 90 93 97 101 106 110 113 116 117 117 115 113 109 105 100 96 92 88 84 81 79 79 79 81 82 85 87 89 90 91 91 91 90 91 91 92 92 92 92 91 89 88 87 86 85 85 84 83 82 81 81 82 83 84 85 85 84 84 83 81 79 77 74 72 70 67 65 64 62 59 56
65 66 68 70 72 76 80 82 84 86 89 90 91 91 90 90 89 88 87 86 86 87 87 88 89 90 91 93 95 97 99 99 100 101 101 101 99 98 96 93 91 89 88 85 84 82 83 84 87 90 93 97 101 106 110 114 117 117 117 115 113 109 105 100 96 92 87 83 80 78 78 78 79 81 83 86 89 93 95 97 97 97 96 95 95 94 94 93 92 90 88 88 87 86 86 85 84 83 82 81 82 83 83 84 84 83 82 81 78 76 73 70 67 65 62 60 59 57 55 52
67 68 69 70 72 75 76 78 80 82 84 86 87 88 89 89 89 89 89 89 89 90 90 91 93 94 95 97 99 101 103 104 106 106 106 106 104 102 99 95 92 89 86 84 82 81 82 84 87 91 94 98 102 106 110 114 117 117 117 114 112 109 105 100 96 92 87 83 80 77 76 77 77 79 81 85 89 94 98 101 103 104 103 103 102 101 99 97 96 93 91 90 88 87 86 85 84 82 81 80 81 81 81 81 82 81 79 77 74 72 70 67 64 62 59 58 56 54 52 50
71 72 74 75 77 78 78 80 82 84 86 87 89 90 90 91 92 93 93 94 93 94 95 96 98 100 102 103 105 107 108 109 110 110 110 110 108 105 101 97 92 88 85 82 81 80 82 84 87 91 94 98 103 107 110 114 117 117 116 114 111 108 104 99 95 90 86 82 79 77 75 75 76 77 80 84 89 93 98 102 106 109 109 110 110 110 107 104 103 99 97 95 93 90 89 88 87 86 84 83 82 82 82 81 80 79 77 75 72 70 68 65 63 61 58 56 55 52 50 48
75 76 78 79 81 83 84 86 88 90 91 93 95 95 95 96 97 98 99 100 98 100 101 102 104 107 109 110 111 113 113 113 114 114 113 112 110 106 101 96 91 87 84 81 80 80 81 84 87 91 95 99 103 107 111 115 117 118 117 114 111 108 104 99 94 89 84 80 77 75 74 73 74 75 78 82 87 92 98 102 106 109 112 114 115 115 113 111 108 105 102 99 97 95 93 92 91 90 89 88 86 85 84 82 81 79 76 74 72 69 67 64 62 60 58 56 54 52 50 48
77 79 81 83 85 87 89 91 93 94 95 97 99 100 101 102 102 104 105 106 105 107 108 110 111 113 114 114 115 116 117 117 116 116 115 113 110 106 100 94 89 84 81 80 78 79 81 83 86 91 95 100 105 109 113 117 118 119 118 115 112 108 103 99 94 89 84 79 76 74 73 72 72 73 75 79 85 90 96 100 105 108 111 114 115 116 116 114 112 108 105 103 101 99 98 98 96 96 94 93 90 88 87 85 83 81 78 75 72 70 67 64 62 60 57 55 53 51 49 47
78 81 83 85 87 88 91 93 95 97 98 100 102 104 106 107 107 108 109 110 110 111 113 114 116 117 117 117 118 119 118 118 117 116 114 112 109 105 98 92 86 82 79 78 77 78 80 83 87 91 96 101 107 113 117 120 121 120 118 116 113 108 103 99 94 88 84 79 76 74 72 71 71 71 72 76 82 88 94 99 104 107 110 112 113 114 115 114 112 110 107 106 105 103 102 102 101 101 100 98 95 93 90 88 86 83 80 77 75 71 68 65 62 60 57 55 53 51 48 46
79 81 84 86 87 89 91 93 95 98 100 102 104 106 108 109 110 111 111 113 113 114 115 116 117 118 118 119 119 119 119 118 117 116 113 111 107 102 96 89 83 80 77 76 76 77 79 83 87 92 97 103 110 115 120 125 125 123 120 116 113 108 104 99 94 88 83 79 76 74 73 71 70 70 70 73 79 85 91 97 102 106 109 111 112 113 113 113 112 110 109 108 107 106 105 104 104 103 102 101 99 97 94 92 89 86 83 80 77 73 70 67 64 61 58 55 53 50 48 46
78 80 83 85 87 89 91 93 95 97 100 102 104 106 108 109 111 111 112 114 115 115 116 117 118 119 119 119 119 119 118 116 115 114 111 108 104 98 92 85 81 77 76 76 76 77 80 84 88 93 98 105 112 118 124 129 129 127 122 117 113 108 103 98 93 88 84 80 77 75 74 72 70 68 68 70 75 81 88 94 100 105 108 110 111 112 113 113 112 111 109 109 109 108 106 106 105 104 103 102 100 98 96 94 91 88 86 82 79 75 72 69 65 61 59 56 53 51 48 46
75 78 81 83 85 87 90 92 93 96 98 101 103 105 107 109 111 111 112 113 115 116 116 117 118 119 119 118 117 117 116 114 113 111 109 105 101 95 89 82 78 76 76 76 77 78 80 84 88 93 98 104 111 122 130 135 135 132 126 119 113 108 103 98 94 89 84 80 77 76 75 74 72 69 68 68 72 78 85 92 98 103 106 109 110 111 112 112 111 110 109 109 109 108 107 106 105 103 102 101 99 97 95 94 91 88 86 83 80 77 73 70 66 62 59 56 53 51 48 47
73 76 79 81 83 86 88 90 92 94 96 98 100 102 105 107 109 110 111 113 114 115 115 116 117 117 117 117 116 115 114 112 111 109 106 102 97 92 86 80 77 75 76 77 78 80 82 85 90 94 98 104 113 127 139 144 142 137 129 121 114 108 103 98 93 89 85 81 78 76 76 76 74 71 68 67 69 74 80 88 94 99 104 107 108 109 110 110 110 109 108 108 108 107 106 105 104 102 100 99 97 95 93 91 89 87 85 82 79 77 74 70 67 63 60 57 54 51 49 47
71 73 76 78 81 83 86 88 91 93 94 96 97 100 102 105 106 108 110 112 113 113 114 115 115 115 116 116 115 115 113 111 109 106 103 99 94 89 83 78 76 76 77 77 78 80 83 86 91 94 99 105 114 132 146 151 149 142 133 124 116 108 102 98 93 89 85 82 79 77 77 76 75 73 70 67 68 71 76 83 90 96 101 104 106 108 109 109 108 108 107 107 106 106 105 104 103 101 99 98 96 94 92 90 88 85 83 80 78 75 73 70 67 64 61 57 54 52 49 47
69 71 74 76 79 81 84 87 90 92 93 95 96 99 101 103 105 107 109 110 112 112 113 114 114 114 114 114 114 114 112 110 107 104 100 96 91 85 80 77 76 77 77 78 79 81 83 86 90 94 98 103 112 130 146 153 151 144 135 126 116 108 102 97 93 89 85 82 79 77 76 77 76 74 70 67 66 68 74 81 87 94 99 103 105 107 108 108 108 107 107 106 105 104 104 103 102 100 98 96 94 92 90 89 86 84 81 79 76 74 71 68 66 63 61 58 54 52 49 47
67 69 72 74 77 80 83 86 88 91 93 95 96 98 100 103 104 106 108 110 111 111 112 113 113 113 113 113 113 112 111 109 106 102 98 94 89 84 79 77 77 78 78 78 79 80 82 85 88 92 96 101 109 121 133 141 143 138 131 124 115 108 101 96 91 88 84 81 79 77 76 76 76 74 70 66 65 67 72 78 86 92 97 101 104 105 107 107 107 106 106 106 105 104 103 102 101 99 97 96 94 91 89 87 85 82 80 77 74 72 69 66 64 62 60 57 54 51 49 47
66 68 71 73 76 79 83 86 88 90 92 94 96 98 100 102 104 106 108 109 110 110 111 112 113 113 112 112 112 111 110 108 105 101 97 92 87 82 78 77 78 79 79 79 78 79 80 83 85 89 93 98 104 111 119 125 128 127 124 120 113 106 100 94 90 87 83 80 78 77 75 74 74 73 69 66 64 66 71 77 84 90 96 100 102 104 105 105 106 106 105 105 104 103 102 101 100 98 97 95 93 90 88 86 84 81 78 75 72 70 67 65 62 60 58 56 53 51 48 46
65 67 70 72 75 79 82 85 88 90 91 92 95 98 100 102 104 106 108 109 110 111 111 112 113 112 112 111 110 109 108 106 103 99 94 90 85 80 77 77 78 79 79 79 78 77 77 79 81 85 90 94 99 105 110 114 116 117 116 114 109 104 98 92 88 84 80 78 76 75 74 71 71 70 67 64 63 65 70 76 83 89 94 98 101 103 104 104 104 105 105 104 103 102 101 100 99 98 96 94 92 90 87 85 83 80 77 74 71 68 66 63 61 59 57 55 53 50 48 45
64 67 69 72 75 78 81 84 87 89 91 92 94 97 100 102 104 106 107 109 110 110 111 111 112 112 111 109 109 108 107 104 101 97 93 89 84 79 76 76 77 78 78 77 75 74 73 74 76 81 85 90 94 99 103 106 108 108 108 106 103 99 93 88 83 78 75 74 73 73 71 69 67 66 64 62 61 64 69 76 82 88 93 97 100 101 102 103 103 103 103 103 102 102 101 100 99 97 96 93 91 89 87 84 82 79 76 73 70 67 65 62 60 58 56 54 52 49 47 45
64 66 69 71 74 77 80 83 86 89 91 93 95 98 100 102 104 105 107 108 109 110 111 111 111 111 109 108 107 106 106 103 99 96 92 89 85 80 76 75 76 77 76 74 72 70 68 69 70 75 79 84 88 94 97 99 101 100 100 99 96 92 86 81 76 72 70 68 68 68 67 66 64 62 60 60 60 64 70 76 83 88 93 96 98 100 101 102 102 102 102 102 101 101 100 100 99 97 95 93 91 89 87 85 82 79 75 72 69 66 63 61 59 57 54 53 51 48 46 44
64 66 68 71 73 76 79 82 86 88 91 94 96 99 101 102 103 105 106 107 109 110 111 111 111 110 109 108 107 106 104 102 98 95 92 90 86 82 77 75 74 73 73 70 67 64 63 63 64 68 72 77 82 86 89 92 92 92 92 91 88 83 78 73 70 66 64 63 63 63 62 61 60 59 58 57 59 64 70 78 84 89 93 96 98 100 101 101 101 101 101 100 100 100 100 99 98 97 96 94 91 89 87 84 81 78 74 71 68 65 62 60 58 56 54 52 50 47 45 43
63 65 68 70 72 75 78 81 85 88 91 94 97 99 101 103 104 105 105 106 108 109 111 111 110 109 108 108 107 106 104 102 98 95 94 92 90 85 79 74 71 69 67 64 59 56 55 56 58 61 65 69 73 78 81 83 84 83 82 81 78 74 70 65 62 59 56 55 55 55 55 55 57 57 55 55 58 65 73 80 86 91 94 97 99 100 101 101 101 101 101 100 100 100 99 99 98 97 96 94 92 89 87 83 80 77 73 70 67 64 62 60 57 55 53 51 49 47 44 42
63 65 67 69 71 74 77 80 84 88 91 94 97 99 101 103 104 104 105 106 107 108 110 110 110 109 108 107 107 106 105 103 101 98 98 96 94 89 83 75 69 65 61 57 51 47 45 45 49 53 57 61 65 69 72 74 74 73 72 72 69 65 62 57 53 49 45 44 44 45 47 48 52 54 53 54 57 66 75 83 89 94 97 98 100 101 102 101 101 101 101 100 99 99 98 98 97 96 95 93 91 89 86 82 79 76 73 69 67 64 61 59 57 54 52 50 48 45 43 41
63 65 66 68 71 73 76 80 83 87 90 93 96 98 100 102 104 104 105 106 106 108 109 109 109 108 108 107 107 107 106 105 103 102 102 100 97 93 87 78 69 63 57 52 47 42 38 37 40 45 50 54 57 60 62 64 64 63 62 63 60 56 53 49 45 41 37 36 36 37 40 43 48 50 50 51 57 67 77 86 92 96 99 101 101 102 102 101 101 101 101 100 99 98 98 97 96 95 94 92 90 88 85 81 79 76 72 69 66 63 61 58 56 54 51 49 47 45 43 41
63 64 66 68 70 73 76 79 83 86 89 92 95 97 100 101 103 104 105 106 107 107 108 108 108 108 107 107 107 107 107 106 106 105 106 104 102 98 92 83 73 64 57 51 47 42 38 36 36 40 43 47 50 52 53 55 56 55 54 54 52 49 47 43 40 37 35 34 34 35 38 40 43 46 48 51 58 69 80 88 95 99 102 103 103 103 102 101 101 101 100 100 99 98 97 97 96 94 93 91 89 87 84 81 78 75 72 68 65 63 60 58 55 53 51 49 46 44 42 40
62 64 66 68 70 73 76 78 81 85 88 91 94 96 98 100 101 103 104 106 106 107 107 107 107 107 107 107 107 108 108 108 108 108 109 108 106 102 97 89 80 70 61 55 51 46 42 40 38 38 40 42 44 46 46 48 49 48 47 48 46 44 43 41 39 37 36 35 36 37 38 40 43 45 49 54 63 74 84 92 98 102 104 105 104 103 102 102 101 101 100 100 99 98 97 96 95 94 92 90 89 86 83 80 77 75 71 68 65 62 60 57 55 53 50 48 46 44 42 40
62 64 65 68 70 72 75 78 81 84 86 89 92 94 96 98 99 101 102 104 105 106 106 106 106 106 107 107 108 108 109 110 111 111 112 111 109 105 101 95 88 80 71 64 60 55 51 49 46 44 42 42 42 41 41 42 43 43 43 44 43 42 42 41 40 39 38 38 39 40 41 44 46 49 54 60 69 79 88 95 101 105 106 107 106 105 104 102 102 101 100 99 99 98 97 96 94 93 91 90 87 85 82 80 77 74 71 68 65 62 59 57 54 52 50 48 46 43 41 40
62 64 65 67 69 72 75 78 80 83 85 88 90 92 94 95 97 99 100 102 103 104 104 105 105 106 107 108 109 109 110 112 113 113 114 113 111 108 104 99 94 89 82 76 72 67 63 62 58 55 52 48 46 42 40 40 40 41 41 42 42 42 42 42 42 41 41 42 43 46 49 53 55 58 64 70 78 86 93 100 104 108 108 108 107 106 104 103 102 101 100 99 98 97 96 95 93 92 90 88 86 84 82 79 76 73 70 67 64 61 58 56 54 51 49 47 45 43 41 39
61 63 65 66 68 71 74 77 80 82 85 87 89 91 92 94 95 97 98 100 101 102 102 104 105 106 107 108 109 111 112 114 115 115 115 114 113 111 108 104 99 95 91 86 83 78 75 74 71 67 65 60 55 48 44 42 41 42 42 43 43 44 44 45 44 45 46 49 52 56 59 64 67 70 77 81 88 94 99 104 107 110 110 109 108 106 104 103 102 100 99 98 97 96 95 93 92 90 89 87 85 83 80 78 75 72 68 66 63 60 58 55 53 51 49 46 44 42 40 39
60 63 64 66 68 70 73 76 79 82 84 86 88 89 91 93 94 95 97 98 99 101 102 103 105 105 106 108 110 111 113 115 116 116 116 115 115 113 110 107 104 101 97 95 91 87 84 83 80 78 77 74 68 60 55 50 47 47 46 45 46 47 48 49 49 52 55 58 62 67 70 75 78 82 88 91 96 100 103 107 110 111 111 110 108 107 104 103 101 100 98 97 96 95 94 92 91 89 87 85 83 81 79 76 73 71 68 65 62 60 57 55 52 50 48 46 44 42 40 39
60 62 64 66 67 70 73 76 79 81 84 85 87 89 91 92 93 94 95 97 98 100 102 104 104 105 106 108 110 112 114 115 116 117 116 116 116 115 112 110 107 104 102 99 97 93 90 88 86 85 85 84 81 75 69 62 58 57 54 52 52 54 55 57 58 61 64 68 72 78 81 85 88 92 96 98 101 104 106 108 109 111 111 110 109 107 105 103 101 99 98 96 95 94 92 91 89 88 86 84 82 80 77 75 72 69 66 64 61 59 56 54 51 49 47 45 43 41 39 38
59 62 64 66 67 69 72 75 78 81 83 84 86 88 89 91 92 94 95 96 97 99 102 103 104 105 106 108 110 112 114 115 116 116 116 116 116 115 114 111 109 107 104 102 100 97 94 92 91 90 91 92 90 87 84 77 73 70 68 63 64 66 66 68 70 72 75 79 83 87 90 92 94 98 101 102 104 106 108 109 109 110 110 109 108 107 105 102 100 98 97 95 94 93 91 89 88 86 85 83 81 78 76 74 71 68 65 63 60 58 55 53 51 49 46 44 42 41 39 38
59 61 63 65 67 69 71 74 77 80 82 84 85 87 88 90 92 93 94 95 97 99 100 102 102 104 106 108 109 111 114 115 115 116 115 116 116 115 114 113 111 108 106 104 102 99 97 96 94 94 96 97 97 96 95 91 87 84 82 78 78 79 78 80 81 83 85 87 90 92 94 96 99 101 103 104 106 107 108 109 109 109 109 108 107 106 104 102 100 98 96 94 93 91 89 88 86 84 83 81 79 77 75 72 70 67 64 62 59 57 54 52 50 48 45 43 42 40 39 37
58 60 63 65 66 68 71 74 77 79 81 83 85 86 88 89 91 92 93 94 96 98 99 100 101 103 105 107 108 110 112 113 114 114 114 115 115 115 114 113 111 109 107 106 104 102 100 98 97 97 99 100 101 101 101 99 97 95 94 91 91 91 90 90 90 90 91 92 93 95 96 98 100 101 103 105 106 107 107 108 108 108 107 107 106 104 103 101 99 97 95 93 91 89 87 86 84 83 81 80 78 75 73 71 68 66 63 60 58 56 53 51 49 47 45 43 41 40 38 37
57 60 62 64 66 68 70 72 75 78 80 82 84 86 87 89 90 91 92 93 94 96 97 99 101 103 104 106 107 109 111 112 113 113 113 114 114 114 113 112 111 109 108 106 105 103 101 99 98 99 100 102 103 103 103 103 102 101 101 100 100 99 98 97 95 94 94 94 95 96 97 98 99 101 102 104 105 105 106 106 107 106 105 105 104 103 101 99 98 96 94 92 90 88 86 84 82 81 79 78 76 74 72 70 67 64 62 59 57 54 52 50 48 45 44 42 40 39 38 36
55 58 60 63 65 67 69 71 73 76 79 81 83 84 86 87 89 90 91 92 93 94 95 97 99 101 103 104 106 107 109 110 111 112 112 113 113 113 112 111 110 109 107 105 104 103 101 100 99 100 101 102 103 104 104 103 103 104 105 104 104 103 102 100 98 96 95 94 94 95 96 98 99 100 101 102 103 103 104 104 105 104 104 103 102 101 100 98 97 95 93 91 89 87 85 83 81 80 78 77 75 73 71 68 66 63 61 58 56 54 52 49 47 45 43 41 40 38 37 36
54 57 59 62 64 66 68 70 73 76 78 80 82 83 84 86 87 88 89 90 91 92 93 95 97 99 101 102 104 105 107 108 110 110 111 111 112 111 111 110 108 107 105 103 103 102 101 100 99 100 101 102 104 104 104 103 103 104 105 106 107 106 104 103 100 97 95 94 94 94 95 96 98 99 100 101 101 102 102 102 102 102 101 101 100 99 98 97 96 94 92 90 88 86 84 82 80 78 76 75 73 71 69 67 64 62 60 58 55 53 51 49 46 44 42 41 39 38 36 35
52 56 58 61 63 66 68 70 73 75 78 79 80 81 83 84 86 86 87 88 89 90 91 92 94 96 98 100 102 103 105 106 108 108 108 109 109 109 109 107 106 105 104 102 101 101 99 99 99 99 100 102 104 104 104 103 103 104 104 106 106 106 105 103 101 98 96 94 93 93 94 95 96 97 98 99 100 100 100 100 99 99 99 98 98 97 96 95 94 92 91 89 87 85 82 80 79 77 75 73 71 69 68 66 64 61 59 57 55 53 50 48 46 43 42 40 39 37 36 35
51 54 57 60 62 65 67 69 72 75 76 78 79 80 81 83 84 85 85 86 87 88 89 90 91 93 96 98 100 101 103 104 106 106 106 106 107 107 106 104 103 103 102 100 99 99 98 97 98 98 100 101 102 103 103 103 103 103 103 104 105 105 104 102 100 98 95 93 92 92 92 93 95 95 96 98 98 98 98 97 97 97 96 95 94 94 94 93 92 91 89 87 85 83 81 79 77 75 73 72 70 68 67 64 62 60 58 56 54 51 49 47 45 43 41 39 38 37 35 34
49 53 56 59 61 64 66 69 71 73 75 76 78 79 80 81 82 83 84 85 85 86 87 88 90 91 94 96 98 99 100 101 103 103 103 104 104 104 103 102 101 100 99 98 97 98 97 97 97 98 99 100 101 102 102 102 102 102 101 102 103 103 103 102 100 97 95 92 91 91 90 91 93 93 94 95 95 96 96 95 95 94 93 93 92 91 91 90 90 89 87 85 84 82 80 77 75 73 72 71 69 67 65 63 61 60 57 55 53 50 48 46 44 42 40 39 37 36 35 34
48 51 54 57 60 63 65 67 70 72 74 76 77 78 79 80 81 82 83 83 84 85 86 87 88 90 92 93 95 96 97 98 100 100 101 101 101 101 100 99 98 97 96 96 95 96 96 96 96 97 99 100 100 101 101 101 101 101 100 101 101 102 102 101 99 96 94 92 90 89 89 89 90 91 91 92 93 93 93 93 92 91 90 90 89 88 88 87 88 87 86 84 82 80 78 76 74 72 71 69 67 66 64 62 60 59 56 54 52 49 47 45 43 41 40 38 36 35 34 33
45 49 53 56 58 61 64 66 69 71 73 75 77 78 79 80 81 81 81 82 83 83 85 85 86 88 89 91 92 93 94 96 97 98 98 98 98 98 97 96 95 94 93 93 93 93 94 94 94 95 97 99 100 100 100 99 99 100 100 100 100 100 100 100 98 96 93 91 89 87 86 87 88 88 88 90 90 91 91 90 89 88 87 87 86 85 85 85 85 85 84 82 81 79 77 75 73 71 69 68 66 65 63 61 59 57 56 53 51 49 47 45 43 41 39 37 36 35 33 32
43 47 51 54 56 59 62 65 67 70 72 74 76 77 78 79 80 80 80 81 81 82 83 84 85 86 87 89 90 90 92 93 95 95 96 96 96 95 95 93 92 91 90 90 90 90 91 92 92 94 95 96 98 99 98 99 99 100 100 99 99 99 99 98 96 94 92 89 87 85 84 84 85 85 86 87 87 88 88 87 86 85 84 83 83 82 82 82 82 82 81 80 79 77 75 73 71 70 68 67 65 64 62 60 58 56 55 53 50 48 46 44 42 40 38 37 36 34 33 31
41 45 49 52 55 58 61 63 66 69 71 73 75 76 78 78 78 78 79 79 80 81 82 82 83 84 85 86 87 88 89 90 92 92 93 93 93 93 92 91 90 88 88 87 87 88 89 90 90 91 93 94 95 97 97 98 99 100 99 98 98 97 97 95 93 92 89 87 85 84 82 82 83 83 83 84 84 84 84 84 83 82 81 80 79 79 79 79 79 79 79 78 77 75 73 72 70 68 67 66 64 63 61 59 57 56 54 51 49 47 45 43 41 40 38 36 35 33 32 30
38 44 48 51 54 57 59 62 65 68 70 73 74 76 77 77 77 78 78 78 78 79 80 81 81 82 82 83 84 85 86 87 89 90 91 91 91 91 90 88 87 86 85 85 85 86 87 88 88 88 89 90 92 94 95 96 97 99 98 97 97 96 95 93 91 88 86 84 82 81 80 80 80 80 80 81 81 81 81 81 80 79 78 77 76 76 76 76 76 76 76 75 74 73 71 70 68 67 66 64 63 61 60 58 56 55 52 50 48 46 44 43 41 39 37 35 34 33 31 30
35 41 45 49 52 55 58 61 64 67 69 72 74 75 76 76 76 76 77 77 76 77 78 79 79 79 79 80 81 82 83 85 86 87 88 89 89 88 87 85 84 83 83 83 83 84 85 85 84 84 83 84 87 89 91 93 95 96 97 96 96 95 93 90 87 83 81 79 78 77 77 77 77 77 77 78 78 78 79 78 77 76 75 74 72 72 73 73 73 73 73 72 72 71 69 68 67 66 65 63 62 60 59 57 55 53 51 49 47 45 44 42 40 38 36 35 34 32 30 30
33 38 43 47 51 54 57 60 63 66 68 70 72 73 74 74 75 75 75 75 75 75 75 76 76 76 77 77 78 79 80 82 83 84 85 86 86 85 84 82 81 80 80 80 80 80 80 80 78 77 76 77 80 83 85 89 91 93 94 94 93 91 88 85 81 77 75 73 72 72 72 73 74 74 74 75 75 75 75 75 74 73 72 71 69 69 69 69 70 70 70 70 69 68 67 66 65 64 63 62 61 59 58 56 54 52 51 48 46 45 43 41 39 37 36 34 33 31 30 30
31 36 41 45 49 52 55 58 61 64 66 68 70 71 73 73 74 74 74 74 73 73 73 73 73 73 74 74 75 76 77 79 80 81 82 82 82 81 80 79 77 77 76 76 75 75 74 72 71 69 68 68 70 73 77 81 85 87 89 89 87 84 80 77 73 70 68 66 66 66 66 67 69 70 71 72 72 72 72 71 71 70 69 68 66 66 66 66 67 67 67 67 66 66 65 64 63 63 62 61 60 58 57 55 53 51 49 47 45 44 42 40 38 36 35 34 32 31 30 29
27 33 38 43 47 51 53 56 59 62 64 66 68 70 71 72 72 72 72 72 72 71 71 71 70 70 71 72 72 73 74 76 78 79 79 79 79 78 76 75 73 73 71 70 68 67 65 63 62 61 59 59 61 63 66 71 75 78 82 81 78 75 72 67 63 61 59 57 57 58 59 61 63 65 66 67 67 68 68 68 67 66 65 65 64 64 64 64 64 65 64 64 64 64 64 63 62 61 61 60 59 57 56 54 52 50 49 47 45 43 41 39 37 35 35 34 31 30 30 28
25 30 35 40 45 49 52 55 57 60 62 64 66 68 69 70 71 71 71 71 70 70 69 69 69 69 68 69 69 70 71 73 74 75 75 75 75 73 72 71 69 67 65 63 60 59 57 55 54 53 52 52 52 53 56 60 63 67 71 70 68 66 62 59 55 52 50 49 48 49 51 53 56 58 60 61 62 62 63 63 63 62 62 61 60 61 61 61 62 62 62 62 62 62 62 61 61 60 59 59 57 56 55 53 51 49 47 45 43 42 40 38 36 35 34 32 30 29 29 26
22 28 33 37 42 47 50 53 55 58 60 62 64 65 67 68 69 69 69 69 69 68 68 67 67 67 66 66 66 67 68 69 70 71 71 71 70 68 66 65 62 60 57 54 52 50 49 47 48 47 46 46 46 47 48 51 53 56 59 59 57 56 53 51 48 45 43 42 41 42 43 45 48 50 52 54 55 55 56 57 58 58 57 57 57 58 58 59 59 60 60 60 60 60 60 60 60 59 58 57 56 55 53 51 50 48 46 44 42 40 38 37 35 34 32 32 31 29 26 22
20 24 30 35 39 44 48 51 53 56 58 60 62 64 65 67 67 67 68 67 67 66 66 65 65 65 64 64 64 64 64 64 65 65 65 65 64 61 59 58 55 53 50 47 45 44 43 42 42 42 42 42 42 43 43 45 45 47 50 49 49 48 46 44 42 40 39 37 37 37 37 38 41 42 45 46 47 48 49 51 52 52 52 53 53 54 55 56 57 58 58 58 58 58 58 58 58 58 57 56 55 53 52 50 48 47 45 43 41 39 37 36 35 33 33 32 29 27 24 20
18 22 27 32 37 42 46 49 52 54 56 58 60 62 63 64 65 65 66 65 65 64 64 63 63 63 62 61 61 60 59 59 58 58 57 57 56 53 51 50 48 46 43 41 40 40 39 39 39 39 39 40 40 40 41 41 42 42 43 43 43 42 41 40 39 38 36 35 35 34 33 34 35 36 38 39 40 41 43 45 46 47 47 48 49 50 51 52 54 55 56 56 56 57 57 57 57 56 56 55 53 52 50 49 47 45 43 42 40 38 36 36 34 33 32 30 27 25 22 19
16 20 24 29 33 39 43 47 50 52 54 56 58 60 62 62 63 63 64 63 63 63 62 62 61 61 60 59 57 56 55 53 52 50 49 49 48 45 44 43 41 40 39 37 37 37 37 37 37 38 38 39 39 38 39 39 40 40 41 40 40 40 39 38 37 36 35 34 34 33 32 32 31 31 32 33 34 35 36 39 40 42 43 44 46 47 49 50 52 53 54 55 55 55 56 55 55 55 54 53 52 50 49 47 45 44 42 40 38 37 36 35 34 33 31 28 25 23 20 17
15 17 21 26 31 36 41 44 47 50 52 55 57 58 60 61 61 61 62 62 61 61 61 60 60 59 58 57 55 53 51 49 47 45 43 43 42 40 39 38 37 37 37 37 38 37 37 37 38 38 38 38 38 38 38 39 39 39 39 39 39 39 39 38 37 36 35 34 34 34 33 33 31 29 30 30 30 32 33 35 37 38 40 42 44 46 47 49 50 51 52 53 54 55 55 55 54 54 53 52 51 49 47 46 44 42 40 39 37 36 36 35 33 33 29 26 24 21 18 16
13 16 19 24 29 33 37 41 45 48 50 52 54 56 58 58 59 59 60 60 60 60 60 59 58 57 56 54 52 50 48 46 43 42 41 41 40 38 37 37 36 37 39 41 42 42 42 41 41 41 41 41 40 39 40 40 40 40 41 40 40 41 41 39 39 38 38 37 37 36 36 35 33 32 31 31 32 33 34 35 36 38 40 42 44 46 48 49 50 50 51 52 53 54 54 54 53 53 52 50 49 47 45 44 42 40 39 37 36 36 35 34 33 30 27 25 23 20 17 15
12 14 17 21 26 30 34 38 42 45 48 50 52 54 55 56 57 58 59 59 59 59 58 58 57 56 55 53 51 49 47 45 44 43 43 43 41 40 38 38 39 40 42 45 47 49 49 48 46 46 46 46 45 44 45 45 45 46 44 44 44 46 46 44 43 42 42 42 42 41 41 38 37 38 37 36 36 37 38 37 39 40 42 44 46 47 48 50 50 51 51 52 52 53 53 53 52 51 50 49 47 45 43 42 40 39 37 36 35 35 34 33 31 27 24 23 21 18 16 13
12 13 15 18 23 28 32 36 40 43 45 48 50 52 53 54 55 56 57 57 58 58 57 57 56 55 54 52 51 49 48 47 46 47 47 46 46 44 43 43 43 44 46 49 52 56 58 57 55 55 56 55 54 54 53 52 51 52 49 50 50 51 51 49 48 48 49 48 48 48 46 43 43 43 42 40 41 41 42 42 43 44 46 46 47 48 49 50 50 51 51 51 52 52 52 51 50 49 48 47 45 43 42 40 38 37 36 35 35 34 33 31 29 25 23 21 19 16 14 12
11 12 14 16 20 25 29 33 37 40 42 45 48 49 51 52 53 54 55 56 56 56 56 56 55 55 54 52 51 51 50 50 50 50 51 51 50 49 47 47 46 47 48 51 55 59 62 63 63 63 65 66 66 66 63 61 60 59 57 56 56 56 56 56 55 54 54 54 54 52 50 47 46 46 44 43 44 44 45 45 46 47 49 49 49 49 50 50 50 51 51 51 51 50 50 50 49 47 46 45 43 41 40 38 37 36 35 35 35 33 31 30 26 23 22 20 17 15 13 11
11 12 13 15 18 23 26 30 34 37 39 42 45 46 48 50 51 52 53 54 54 54 55 55 55 54 53 53 52 52 52 52 53 53 54 54 54 52 50 49 48 48 49 51 55 58 61 65 66 67 69 72 73 72 71 69 68 66 65 65 65 62 63 62 60 59 58 57 55 53 51 49 48 47 46 45 45 47 47 48 49 50 50 51 50 50 50 50 50 50 50 50 50 49 49 48 47 45 44 43 41 39 38 36 35 35 34 34 33 31 30 27 24 22 21 18 16 14 11 10
10 11 12 14 16 22 25 27 31 34 37 40 42 44 45 47 48 49 51 52 52 53 53 54 54 54 53 53 54 54 54 54 55 55 56 56 56 54 53 51 49 49 49 51 54 56 58 63 66 68 70 73 75 75 74 73 72 70 69 70 70 67 66 65 64 61 60 58 56 53 51 49 48 47 47 47 47 48 49 50 51 51 52 51 51 51 51 50 50 50 50 49 49 48 47 46 44 43 42 40 39 37 36 35 34 34 33 33 31 30 28 25 23 21 19 17 14 12 10 9
10 10 12 13 15 19 24 26 29 32 34 36 39 41 42 44 45 46 48 49 50 51 52 52 53 53 53 53 54 54 55 55 56 56 57 57 57 56 54 53 51 50 50 52 53 55 56 60 63 66 68 71 72 72 73 73 70 70 70 71 70 68 67 65 63 61 59 57 55 53 51 49 48 47 48 48 49 50 51 51 52 52 52 52 51 51 51 50 50 49 49 48 47 46 45 44 43 41 40 38 37 35 34 33 34 33 32 31 30 29 27 24 21 19 17 15 13 11 9 8
9 10 11 12 13 16 21 25 28 29 31 33 36 38 40 41 42 44 45 46 47 49 50 51 52 52 53 53 53 54 55 56 56 57 57 57 57 57 56 55 53 52 52 53 53 54 55 58 60 63 65 67 68 69 70 70 68 68 68 68 67 66 65 63 61 59 58 56 55 53 52 50 49 49 49 50 50 51 51 52 52 52 52 52 52 51 51 50 49 49 48 47 46 45 44 43 41 40 38 36 35 34 33 33 33 32 31 29 29 28 25 23 20 17 15 13 11 10 9 8
9 9 10 11 12 16 20 23 27 28 29 30 33 35 37 38 39 41 42 43 45 46 48 49 50 51 52 52 52 53 54 55 56 56 56 57 57 57 57 56 55 54 54 54 54 55 55 57 59 60 62 64 66 67 67 67 66 65 65 64 64 63 62 60 59 58 57 55 55 54 53 51 50 50 50 51 51 51 52 52 52 52 51 51 51 51 50 49 48 47 47 46 45 44 42 41 40 38 36 35 34 33 32 32 32 31 30 29 28 26 23 21 18 16 14 12 11 10 9 8
9 9 9 10 11 14 18 22 24 25 26 28 30 32 34 36 37 38 40 41 43 45 46 48 49 50 51 51 52 53 54 55 55 55 55 56 56 57 57 56 56 55 55 56 56 56 56 57 58 59 61 62 63 64 65 65 64 63 62 62 61 61 59 58 57 57 56 56 55 54 54 53 52 52 51 51 51 51 51 51 51 51 50 50 50 50 49 48 47 47 46 45 44 42 41 39 38 36 35 34 33 32 31 32 31 30 30 29 27 25 22 19 17 15 13 11 10 9 8 8
9 9 9 9 10 12 15 20 23 24 25 26 28 29 31 33 35 35 37 39 41 43 44 46 47 48 49 50 50 51 52 53 54 54 54 55 55 56 56 56 56 56 56 56 57 57 58 58 59 60 60 61 62 63 62 62 61 61 60 59 59 58 58 57 56 56 56 56 56 55 54 54 53 53 52 51 51 50 50 50 50 49 49 49 49 48 48 47 46 45 45 43 42 41 40 38 37 35 34 33 31 31 31 31 30 29 29 28 26 23 20 18 16 14 12 11 10 9 8 8
9 9 9 9 9 11 13 17 22 23 24 25 26 27 28 30 32 33 35 37 38 41 42 44 46 47 48 49 49 50 51 52 52 52 53 54 54 55 55 55 55 55 55 56 57 57 58 58 59 59 60 60 60 60 60 59 59 58 58 57 57 57 56 56 55 55 55 55 55 54 54 53 53 52 51 50 49 49 48 48 48 48 48 48 48 47 47 46 45 44 43 42 41 40 38 37 35 34 33 31 30 30 31 31 29 29 28 27 24 22 19 17 15 13 11 10 9 9 8 7
9 9 9 9 9 10 12 14 18 23 24 24 25 26 27 28 29 31 33 34 36 39 41 42 44 45 46 47 48 49 50 50 50 51 51 52 52 53 53 54 54 54 54 54 55 55 56 56 57 57 57 57 57 56 55 55 54 54 55 54 54 54 54 54 54 54 54 54 53 53 52 52 51 50 50 48 48 47 47 47 47 47 47 46 46 46 45 45 44 43 42 41 40 39 37 35 34 33 32 30 30 30 31 30 28 28 27 25 23 20 17 16 14 12 11 10 9 8 8 7
9 9 9 9 9 10 11 13 14 19 24 24 24 25 26 26 27 29 31 32 34 37 39 40 42 44 45 46 47 48 48 49 49 49 50 51 51 51 52 52 52 52 52 52 52 53 53 53 54 54 53 53 52 52 51 50 49 50 50 50 50 50 51 51 51 51 51 51 51 50 50 49 49 48 47 47 46 46 45 46 46 46 46 45 45 45 44 43 43 42 41 40 39 38 36 34 33 32 30 29 29 31 30 28 28 28 26 24 21 18 17 15 13 11 10 9 9 8 8 7
9 9 9 9 9 10 11 12 13 15 20 24 25 24 25 25 25 26 29 30 32 34 36 38 40 42 44 45 46 47 48 48 48 48 49 49 50 50 50 50 50 50 50 50 50 50 50 50 50 50 50 49 48 47 46 45 44 46 46 45 46 47 47 48 48 48 48 48 48 47 47 47 46 46 45 45 45 44 44 44 45 45 44 44 44 44 43 42 41 40 39 39 38 36 34 33 32 30 29 29 30 30 29 28 28 27 25 23 20 17 16 14 12 11 10 9 9 8 8 7
9 9 9 9 9 10 11 12 13 13 16 22 26 25 24 25 24 25 26 28 30 32 34 36 38 40 42 44 45 46 47 47 47 48 48 48 49 49 49 48 48 48 48 48 48 47 47 47 47 47 46 45 44 43 42 41 40 41 42 41 42 43 44 44 45 45 45 45 45 44 44 45 44 44 43 43 43 43 43 44 44 44 43 43 43 42 42 41 40 39 38 37 36 35 33 32 30 29 28 28 30 30 28 28 27 26 25 22 19 17 15 13 11 10 9 9 8 8 7 7
9 9 9 9 9 10 10 11 13 13 13 17 23 27 26 26 25 23 24 25 28 30 31 33 36 38 41 42 44 45 46 47 47 47 47 47 48 48 48 48 47 47 47 46 46 45 45 45 44 43 43 42 41 40 39 39 38 39 39 39 40 41 41 42 42 43 43 43 43 42 42 43 43 42 42 42 42 42 43 43 43 43 42 42 42 41 40 40 39 38 37 36 35 33 32 30 29 28 28 29 30 28 28 27 26 25 24 20 18 16 14 12 11 10 9 8 8 7 7 7
8 9 9 9 9 9 10 10 12 13 13 13 17 25 28 28 27 23 22 23 25 28 29 31 33 36 39 40 42 43 45 46 46 46 46 47 47 47 47 47 47 47 46 46 45 44 44 43 43 42 41 40 40 39 38 38 38 38 38 38 39 39 40 40 41 41 42 42 42 42 42 42 42 42 42 42 42 42 42 43 43 43 42 41 41 40 39 39 38 37 36 34 33 32 30 29 28 27 28 29 28 28 28 26 25 25 22 19 17 15 13 12 11 10 9 8 8 7 7 7
8 9 9 9 9 9 10 10 10 12 13 12 14 18 25 29 29 26 23 22 22 24 27 29 31 34 36 38 41 42 44 45 45 46 46 46 46 46 47 47 47 47 47 46 45 44 44 43 42 42 41 41 40 39 39 39 39 39 39 39 39 39 40 40 41 41 41 42 42 42 43 43 42 42 42 42 42 42 42 43 43 42 41 41 40 39 38 37 37 36 34 33 32 30 29 28 27 27 29 28 27 28 27 26 25 24 21 18 17 15 13 11 10 9 9 8 8 7 7 7
8 8 9 9 9 9 10 10 9 11 12 13 13 14 19 25 29 30 27 23 21 22 24 27 29 31 33 36 38 40 42 44 44 45 45 45 46 46 47 47 47 47 47 47 47 46 45 45 44 44 44 43 43 42 42 42 42 42 41 41 41 41 41 41 42 42 43 43 44 44 44 44 43 43 43 43 43 43 43 43 42 42 41 40 39 38 37 36 35 34 33 31 30 29 27 26 27 28 28 27 27 28 26 25 24 22 19 18 16 14 12 11 10 9 8 8 8 7 7 7
8 8 9 9 9 9 10 10 9 10 11 12 12 12 15 20 26 32 31 27 23 21 22 24 27 29 31 33 36 38 40 42 43 44 44 45 45 46 47 47 48 48 49 49 49 48 48 47 47 47 47 47 47 46 46 45 45 45 44 44 44 44 44 44 45 45 45 46 46 46 46 45 45 45 45 45 44 44 44 43 42 42 41 40 38 37 36 35 34 32 31 30 29 27 26 26 27 28 27 27 27 27 25 24 24 22 19 17 15 13 11 10 10 9 8 8 7 7 7 6
8 8 9 9 9 9 9 10 9 9 10 11 12 11 12 15 20 31 36 34 28 23 21 22 24 28 30 31 34 36 38 40 42 43 44 45 46 47 47 48 48 49 50 50 51 51 51 51 51 51 52 51 51 51 50 49 49 48 48 48 48 48 48 48 49 49 49 49 49 49 48 48 47 47 47 46 46 45 44 44 43 42 41 39 38 36 35 34 33 31 30 29 27 26 25 26 27 28 27 27 27 26 24 24 23 21 18 16 14 12 11 10 9 9 8 8 7 7 7 6
8 8 9 9 9 9 9 9 9 9 9 10 12 12 11 12 16 24 35 41 36 27 24 22 23 25 28 30 32 34 36 39 40 42 43 44 46 47 48 49 49 50 51 52 53 53 54 54 55 56 56 55 55 55 54 53 53 52 51 52 51 52 52 52 52 53 52 53 52 52 51 50 50 50 49 48 47 46 45 44 43 42 40 39 37 36 34 33 31 30 29 27 26 25 25 27 27 27 27 27 26 24 24 24 22 20 17 15 13 12 11 10 9 9 8 8 7 7 7 6
8 8 9 9 10 10 9 9 9 9 9 9 10 12 12 11 13 18 28 40 43 36 29 25 23 23 27 30 32 33 34 37 39 40 42 44 45 47 48 49 50 51 52 53 54 55 57 57 58 59 60 59 59 59 58 56 56 54 55 55 54 54 55 55 56 56 56 55 55 55 54 53 52 51 50 49 48 46 45 44 43 41 40 38 37 35 33 32 30 29 27 26 25 25 26 27 27 27 27 27 25 24 24 23 21 19 16 14 12 11 10 10 9 8 8 8 7 7 6 7
8 8 9 9 10 10 10 9 9 9 9 8 9 11 12 12 11 15 21 32 44 45 36 29 26 23 24 29 32 33 34 35 37 39 41 43 45 47 48 49 50 51 52 54 55 57 58 59 61 62 62 62 62 61 60 59 58 57 57 57 56 56 57 57 58 58 58 58 57 57 56 55 54 52 51 50 48 47 45 44 42 41 39 37 36 34 32 31 29 27 26 25 24 25 27 27 26 27 27 26 26 25 24 22 20 17 15 13 12 11 10 10 9 8 8 7 7 7 6 7
7 8 9 9 10 10 10 9 9 9 8 8 8 10 12 13 12 12 16 25 39 49 44 35 30 25 23 27 32 34 34 35 36 38 40 42 44 46 48 49 50 51 52 54 55 57 59 60 62 63 64 64 63 63 61 60 59 58 58 58 58 58 58 59 59 60 60 59 59 58 57 56 55 53 52 50 49 47 45 44 42 40 38 36 35 33 31 29 28 26 25 24 24 26 27 27 26 27 27 26 26 25 24 22 19 17 14 13 12 11 10 9 9 8 8 7 7 7 7 7
7 8 9 9 10 10 10 9 9 9 8 8 8 8 10 12 13 12 13 19 33 47 50 41 33 29 25 24 30 35 35 35 35 37 39 41 43 46 47 49 50 51 53 54 55 57 59 61 62 63 64 64 64 63 62 61 60 59 59 59 59 59 59 60 60 61 61 60 60 59 58 57 55 54 52 50 48 47 45 43 41 39 37 35 34 32 30 28 26 25 24 23 25 27 27 26 27 27 26 26 26 25 23 21 18 16 14 12 11 10 10 9 9 8 8 7 7 7 7 7
7 8 8 9 9 10 9 9 9 9 8 8 8 8 10 12 13 12 11 14 27 42 50 48 39 34 30 26 27 34 36 35 35 36 37 40 42 44 46 48 49 50 52 53 55 57 58 60 61 62 63 63 63 63 62 61 60 60 59 59 59 60 60 60 61 61 61 60 60 59 58 57 55 54 52 50 48 46 44 41 40 38 36 34 32 30 28 27 25 24 23 24 26 27 26 27 27 27 26 26 26 24 22 20 17 15 13 12 11 10 10 9 9 8 8 7 7 7 7 7
7 8 8 9 9 9 9 9 9 9 8 8 8 8 9 10 12 13 12 12 20 34 47 52 46 40 34 29 26 28 35 35 34 34 35 38 40 42 44 46 48 49 51 53 55 56 58 59 60 61 62 62 62 61 61 61 60 60 59 59 60 60 60 60 61 61 61 60 59 58 57 56 55 53 51 49 47 44 42 40 38 36 34 32 30 28 26 25 24 24 24 26 27 26 26 27 27 26 26 26 24 23 21 18 16 14 13 12 11 10 9 9 9 8 7 7 7 7 7 7
7 7 8 9 9 9 9 9 9 9 8 8 8 8 8 9 10 13 14 13 17 27 42 51 49 45 41 33 28 26 31 36 34 33 34 36 38 40 43 45 46 48 50 52 54 56 57 58 59 60 60 60 60 60 60 60 60 59 59 59 59 60 60 60 60 60 60 59 58 57 56 55 53 52 50 48 45 43 41 39 36 34 32 30 28 26 25 24 23 24 25 27 27 26 26 27 27 27 27 25 23 22 20 17 16 14 12 11 11 10 9 9 8 8 7 7 7 7 7 7
7 8 8 9 9 9 9 9 9 9 8 8 8 7 7 8 9 11 14 15 15 20 35 52 55 47 42 37 30 26 26 32 35 32 32 34 36 38 40 42 44 46 48 50 53 55 56 57 58 58 58 58 58 59 58 58 59 59 59 59 59 59 59 59 59 59 59 58 57 56 55 53 52 50 48 46 44 41 39 37 35 32 30 28 27 25 24 24 23 24 26 27 26 26 27 28 27 27 27 24 23 21 19 17 15 13 12 11 10 10 9 9 8 8 7 7 7 7 7 7
7 8 8 9 9 9 9 9 9 9 8 8 7 7 7 7 8 9 11 15 17 18 29 46 54 50 42 38 35 28 25 27 33 33 31 32 34 36 38 40 42 44 46 48 51 53 54 55 56 56 56 56 56 57 57 57 58 58 58 58 58 58 58 58 58 58 57 57 55 54 53 51 50 48 46 44 42 40 37 35 33 31 29 27 26 25 24 23 23 25 27 27 26 27 28 28 28 28 26 23 22 20 18 16 15 13 12 11 10 10 9 9 8 8 7 7 7 7 7 7
7 8 8 8 9 9 9 9 9 9 8 8 8 7 7 7 7 8 9 12 17 19 22 38 51 53 45 39 37 32 26 25 29 32 31 30 31 33 36 38 39 41 43 46 48 50 52 53 54 54 54 54 54 55 56 56 56 57 57 57 57 57 57 56 56 55 55 54 53 52 51 49 47 46 44 41 39 37 35 33 31 29 27 26 25 24 23 23 24 26 27 27 26 27 28 29 28 27 25 24 22 20 18 16 14 13 12 11 10 10 9 8 8 8 7 7 7 7 7 7
7 8 8 8 9 9 9 9 10 9 9 8 8 7 7 7 7 7 8 9 14 20 23 33 43 51 48 41 37 34 28 25 27 30 31 30 29 31 33 35 37 39 41 43 46 48 49 51 52 52 52 53 53 53 54 54 55 55 55 55 55 55 54 54 54 53 52 51 51 49 48 47 45 43 41 39 37 34 32 31 29 28 26 25 24 24 23 23 25 27 27 27 27 28 29 29 28 26 25 24 22 20 17 16 14 13 12 11 10 10 9 8 8 7 7 7 7 7 7 7
