86 91 95 99 103 106 109 111 113 115 118 120 122 125 127 130 132 135 137 139 140 142 144 146 148 150 153 155 157 159 160 161 162 164 165 166 167 168 169 170 171 172 172 172 170 168 166 164 163 163 164 164 165 165 165 164 163 163 162 161 160 159 158 156 155 154 153 153 153 153 154 154 154 154 153 154 154 153 153 153 153 153 153 152 149 147 145 141 138 135 134 133 132 131 129 127 126 124 122 121 119 117 114 112 109 106 104 101 99 96 93 90 87 82 77 71 66 60 54 48
86 91 95 99 103 106 109 111 113 115 117 119 122 124 126 129 132 134 136 138 140 141 143 145 147 149 151 154 156 158 159 160 161 163 164 166 167 168 169 171 171 171 171 170 169 167 165 162 162 163 164 165 165 165 165 164 163 163 162 161 160 159 157 156 155 154 153 153 153 154 154 154 154 154 154 154 154 154 153 153 153 154 153 152 150 147 145 142 139 137 135 134 133 131 129 127 125 124 123 121 119 117 114 111 108 106 103 101 99 96 93 90 87 82 77 72 66 61 55 49
85 90 94 99 103 106 109 111 113 115 117 119 121 123 126 128 131 133 135 137 139 140 142 144 146 148 150 153 155 157 158 159 160 161 163 165 167 168 169 170 171 170 170 169 168 165 163 161 161 162 163 165 165 165 165 164 163 163 162 161 160 159 157 156 155 154 153 153 154 154 154 155 155 155 155 155 155 154 154 154 154 154 154 152 150 148 145 143 140 138 137 135 133 131 129 127 125 124 122 121 119 117 114 111 108 105 103 100 98 96 94 90 87 82 77 72 66 61 56 51
85 89 94 98 102 106 109 111 113 115 117 119 121 123 125 127 129 132 134 136 138 140 141 143 145 147 148 151 154 155 156 157 158 160 162 164 166 167 169 169 169 169 168 168 167 164 161 159 159 161 163 164 165 165 165 164 163 162 162 161 159 158 157 155 154 154 153 153 153 154 154 155 155 155 155 155 155 155 154 154 154 154 153 152 149 147 145 143 141 139 137 135 133 131 129 127 125 123 122 121 119 116 113 110 107 105 103 100 98 96 94 90 87 82 77 72 67 62 57 52
85 88 93 97 102 106 109 112 114 115 117 119 120 122 124 126 128 130 133 135 137 139 140 142 144 145 147 149 152 153 154 155 156 158 160 162 164 166 167 167 167 167 167 167 165 163 159 158 158 160 162 164 164 165 164 164 163 162 161 160 159 157 156 155 154 153 153 153 153 154 154 155 155 154 155 155 155 155 154 154 154 153 152 150 148 145 144 141 140 138 136 134 132 130 128 126 124 122 121 120 118 115 112 109 107 104 102 100 98 96 93 90 86 82 77 72 67 62 58 53
84 87 92 96 101 105 109 111 114 115 117 118 120 121 123 124 126 128 131 133 135 137 139 140 142 143 145 147 149 151 152 152 153 155 158 160 162 164 165 165 165 166 166 165 164 161 158 157 158 160 162 163 164 164 163 163 162 161 159 158 157 156 155 154 153 152 152 152 153 154 154 154 154 154 155 155 155 154 154 153 153 152 150 148 146 144 142 140 138 137 135 133 131 129 127 125 123 122 120 119 117 114 111 108 106 104 102 100 98 95 93 89 86 81 76 71 66 62 58 54
84 87 91 96 100 105 108 111 114 115 117 118 119 120 121 123 124 126 128 131 133 135 137 139 140 142 143 145 147 148 149 150 151 153 155 157 159 161 162 163 163 164 164 164 162 160 158 157 158 159 161 162 162 162 162 161 160 158 157 156 155 154 154 153 152 152 151 152 152 153 153 153 153 154 154 154 153 153 153 152 151 150 148 146 144 142 140 139 137 135 133 131 130 128 126 124 122 121 119 118 116 113 111 108 105 103 101 100 98 95 92 89 85 81 76 71 66 62 58 55
84 87 91 95 99 104 107 110 113 115 116 117 118 119 120 121 122 124 126 129 131 133 135 136 138 140 141 143 144 145 146 147 149 150 152 154 156 158 159 160 160 161 162 161 160 158 157 156 157 158 159 160 160 160 160 159 157 156 155 154 153 153 152 152 151 151 150 151 151 152 152 152 152 153 153 153 152 152 152 151 150 148 146 144 142 140 138 137 135 133 131 130 128 126 124 122 121 119 118 117 115 112 110 107 105 103 101 99 97 95 92 89 85 80 75 71 66 62 59 55
83 86 90 94 98 102 106 109 112 114 115 116 117 117 118 119 120 121 123 126 128 131 132 134 136 137 139 140 141 142 143 145 146 148 149 151 153 154 156 157 158 159 159 158 156 155 155 155 156 157 157 158 158 157 157 156 154 153 151 151 151 151 151 150 150 149 149 150 150 151 151 151 151 152 151 151 151 151 150 149 148 146 144 142 140 138 136 135 133 131 129 128 126 124 122 121 119 118 117 115 114 111 109 107 104 102 101 99 97 95 92 88 84 79 75 70 66 62 58 56
83 86 89 93 97 100 104 108 110 112 114 115 115 116 116 117 117 119 121 123 126 128 130 131 133 134 136 137 138 139 141 142 144 145 146 148 149 151 152 153 154 155 155 154 153 152 152 153 153 154 154 154 154 154 153 152 151 149 148 148 148 148 149 148 148 148 148 148 149 149 149 150 150 150 150 149 149 149 148 147 146 144 141 139 137 136 134 133 131 129 127 125 124 122 120 119 118 117 115 114 113 111 109 106 104 102 100 99 97 94 91 87 83 79 74 70 65 62 59 56
83 85 88 92 95 99 103 106 109 111 112 113 113 114 114 115 115 117 119 121 123 125 127 129 130 131 132 134 135 137 138 140 141 142 143 144 146 147 149 150 151 151 151 150 149 149 149 150 150 150 151 151 150 150 150 149 147 146 145 145 146 146 146 146 146 146 146 146 147 147 148 148 148 148 148 147 147 147 146 145 143 141 139 137 135 133 132 131 129 127 125 123 121 120 118 117 116 115 114 113 111 110 108 105 103 101 100 98 96 93 90 86 82 77 73 69 65 61 59 56
82 85 87 91 94 98 102 105 107 109 110 111 111 112 112 113 113 115 116 118 120 122 124 126 127 128 129 130 132 134 135 136 137 138 139 140 141 143 145 145 146 147 147 146 146 145 145 146 146 146 147 147 146 146 146 145 144 143 143 143 143 143 143 143 144 144 143 144 144 145 146 146 146 146 145 145 145 144 143 141 140 138 136 134 133 131 129 128 126 124 122 121 119 117 116 115 114 113 112 111 110 109 107 105 103 101 99 97 95 92 89 85 81 77 72 68 65 62 59 57
82 84 87 90 94 97 100 103 106 107 109 110 110 111 111 111 112 113 114 116 118 120 122 123 124 124 125 127 128 130 132 133 134 134 135 136 137 138 140 141 142 142 142 142 142 141 141 142 142 142 142 142 142 142 142 142 141 140 140 139 140 140 140 140 140 141 141 141 142 143 143 143 143 143 142 142 142 141 139 138 136 135 134 132 130 128 126 124 123 121 120 118 116 115 114 113 112 111 111 110 109 108 106 104 102 100 98 96 94 91 88 84 80 76 71 68 64 62 59 57
82 84 86 89 93 96 99 102 104 106 107 108 108 109 109 109 110 111 113 114 116 117 119 120 121 121 121 123 125 126 128 129 130 130 131 131 132 134 135 136 137 137 138 138 137 137 138 138 138 138 138 138 137 138 138 138 138 137 136 136 136 137 137 137 137 137 138 139 139 140 141 141 140 139 139 139 138 137 136 134 134 132 131 129 127 124 123 121 119 118 117 115 113 112 111 111 110 109 109 109 108 106 104 102 100 98 96 94 92 90 86 83 79 75 71 67 64 62 59 57
81 83 86 89 92 95 98 100 102 104 104 105 106 106 107 107 108 110 111 112 114 115 116 117 118 118 118 119 121 122 124 124 125 126 126 127 128 130 131 131 132 133 133 133 133 133 134 134 134 134 133 133 133 133 134 134 134 134 133 133 133 133 133 133 133 134 134 136 137 137 138 137 137 136 136 135 134 133 132 131 131 130 129 126 124 121 119 118 116 115 113 112 110 110 109 108 108 107 107 107 106 104 103 101 99 97 95 93 91 88 85 82 78 75 71 68 65 62 60 58
81 83 85 88 91 94 96 99 100 101 101 102 102 103 104 104 105 107 109 110 111 112 114 114 115 115 115 116 117 118 119 120 121 121 122 123 124 125 126 127 128 128 128 128 128 128 129 130 130 130 129 129 129 130 130 131 131 130 130 129 129 129 130 129 130 130 131 133 134 134 134 134 133 133 132 132 131 130 129 128 128 127 125 123 120 118 116 114 113 112 110 109 107 107 106 106 105 105 104 104 103 101 100 98 96 94 92 90 89 87 84 81 77 74 71 68 65 62 60 58
81 82 85 87 89 92 94 96 96 96 96 97 97 98 99 100 101 103 105 107 108 109 110 111 111 111 111 112 112 113 114 115 116 116 117 118 119 121 122 122 123 123 123 123 123 124 125 126 126 126 125 126 126 126 127 127 127 127 126 126 126 126 126 126 126 127 128 130 131 131 131 131 130 129 129 128 127 126 126 125 125 123 122 120 117 115 113 112 110 109 107 106 104 104 103 102 102 101 100 100 99 97 96 94 93 91 89 88 86 84 82 80 77 74 71 68 65 63 60 58
80 81 83 85 87 89 91 92 91 90 88 89 89 91 92 93 95 98 100 101 102 103 105 105 106 106 106 107 107 108 109 109 110 111 112 113 114 116 117 117 117 117 118 118 118 120 121 121 122 122 122 123 123 123 123 124 123 123 124 124 123 123 123 123 123 124 125 127 128 128 128 127 126 126 125 125 124 123 122 121 121 119 118 116 114 112 111 109 107 105 104 102 100 100 99 98 97 96 95 94 93 91 90 88 87 86 85 84 83 81 80 78 75 73 70 68 65 63 61 59
78 79 80 82 83 85 86 85 83 81 79 80 80 81 83 85 87 90 92 94 94 95 97 98 98 98 99 100 101 101 102 103 104 105 106 107 109 110 112 112 112 112 112 113 113 115 116 117 118 118 119 120 120 120 120 120 120 120 121 121 121 120 120 120 120 121 122 123 124 124 124 123 123 122 122 121 120 119 118 117 116 115 113 111 110 109 107 105 104 101 99 98 96 95 93 92 90 89 87 86 85 84 82 81 80 79 79 79 78 77 77 75 73 71 69 67 65 62 60 58
75 75 75 75 76 78 77 75 73 71 69 70 70 71 73 75 77 80 82 83 84 85 87 87 88 89 90 92 93 93 94 96 97 98 100 101 103 104 105 105 106 106 107 107 108 110 111 112 114 115 116 117 117 117 116 116 116 117 118 119 119 118 117 117 118 118 119 120 121 121 121 120 119 118 118 117 115 114 113 112 111 109 108 107 106 105 103 101 99 96 94 92 90 88 86 84 82 80 78 76 76 74 73 72 72 71 71 72 72 72 72 72 70 69 67 65 63 61 59 58
69 68 67 66 66 67 66 64 61 60 59 60 60 61 63 64 66 68 70 72 72 72 75 75 77 78 79 81 82 83 84 86 89 90 92 94 95 97 98 99 100 100 101 101 103 105 106 108 110 111 112 114 114 114 113 113 114 115 116 117 117 116 115 115 115 116 117 117 118 118 117 116 115 114 113 111 109 108 107 105 104 103 102 100 99 98 96 93 92 89 86 84 81 79 77 74 71 69 68 67 65 64 63 62 63 62 63 64 65 66 66 67 66 66 65 63 61 60 59 57
61 59 57 56 55 55 54 53 51 50 50 52 51 52 53 55 56 57 58 59 59 60 62 62 64 65 67 68 69 70 72 75 78 80 83 85 86 88 90 91 92 93 94 95 97 99 101 103 105 107 109 111 111 111 110 111 112 112 113 114 114 114 113 113 113 114 114 114 115 114 113 112 110 109 107 105 102 100 99 97 96 94 93 92 90 89 87 84 82 80 77 74 71 69 66 63 60 58 57 56 55 54 53 53 54 54 54 55 56 57 59 60 61 60 60 60 59 58 57 56
53 50 48 46 45 45 45 44 43 43 43 44 44 45 46 46 47 47 47 49 48 49 50 51 52 53 54 55 56 57 59 61 66 68 71 74 75 78 81 82 84 85 87 88 90 93 96 98 101 104 106 107 108 108 108 109 109 110 111 112 112 112 112 111 111 111 112 111 111 110 109 107 105 102 99 97 93 91 89 87 85 83 82 81 79 78 75 73 71 68 65 63 60 58 55 52 49 47 46 46 45 45 45 45 46 46 46 47 47 48 50 51 53 53 54 55 55 55 55 55
47 44 42 40 38 38 38 38 38 38 39 40 40 40 40 40 40 40 40 40 40 41 41 41 42 42 43 43 44 45 46 49 52 55 58 61 64 67 70 72 74 76 78 80 83 87 90 93 96 99 102 104 105 105 106 106 107 108 109 110 110 110 110 110 109 109 109 108 107 106 104 101 99 95 91 87 83 80 78 75 73 71 69 68 66 65 63 61 59 57 53 51 49 47 44 41 39 38 38 38 38 38 39 39 40 40 40 40 40 41 42 43 45 46 48 49 50 51 53 53
43 40 38 36 35 35 35 35 35 35 36 37 37 37 37 37 36 36 35 35 35 35 35 35 35 35 34 35 35 35 37 38 41 44 46 49 52 55 59 61 63 66 68 71 75 80 84 87 91 94 97 100 102 103 104 104 105 105 107 108 109 109 109 108 107 106 105 104 102 100 98 95 92 87 83 78 73 69 66 63 60 58 57 55 54 53 52 50 49 47 44 42 40 38 35 33 32 31 31 32 33 33 34 35 35 35 35 35 35 35 36 37 39 40 42 44 45 48 50 52
42 39 36 35 34 33 33 33 34 34 35 35 36 36 36 35 34 34 33 33 32 32 31 31 31 30 30 29 29 30 31 32 33 35 37 39 41 45 48 50 52 55 58 62 66 72 76 80 85 89 93 96 98 100 101 102 103 104 105 107 107 107 107 106 104 103 101 99 97 94 92 89 85 79 73 68 62 59 55 52 49 47 45 44 43 43 42 41 40 39 37 35 33 32 30 28 28 27 28 29 29 30 31 31 32 32 32 32 32 32 32 34 35 36 37 39 42 44 47 50
42 39 37 36 35 34 34 34 34 34 35 35 35 35 35 35 34 34 33 32 31 31 30 29 29 28 28 27 27 28 28 28 29 29 30 32 34 36 39 41 43 46 49 52 57 63 68 72 78 83 87 91 94 97 99 101 102 103 104 106 106 106 105 103 102 99 96 94 91 88 85 81 77 71 65 59 54 50 46 43 41 39 37 36 35 35 35 34 33 33 31 30 29 28 27 26 26 26 27 27 28 29 29 29 30 30 30 30 30 31 31 32 33 34 35 37 39 42 45 48
44 41 39 37 37 36 35 35 35 35 36 36 36 36 36 36 36 35 35 34 33 32 31 30 30 29 29 28 28 28 29 28 28 28 28 28 30 31 33 35 37 39 41 45 49 55 60 64 71 76 81 86 90 94 97 100 101 102 104 105 105 105 103 101 99 96 92 89 86 82 78 74 69 63 58 53 48 44 40 37 35 34 32 31 30 30 30 29 29 29 28 28 28 27 26 26 26 27 27 28 28 29 29 29 29 30 30 30 31 31 32 32 32 33 34 36 38 41 44 48
47 44 42 40 39 38 38 38 38 38 38 38 38 38 38 38 38 38 37 36 35 34 34 33 32 32 32 31 31 31 31 30 29 29 28 28 28 29 30 31 32 34 36 39 43 48 52 57 63 69 75 81 86 91 95 99 101 102 103 104 105 104 102 99 96 92 89 85 80 76 71 66 62 56 51 47 43 40 37 34 32 31 30 29 28 27 27 27 28 28 28 28 28 28 28 28 29 29 30 30 30 31 31 31 31 31 31 32 33 33 34 34 34 34 35 36 38 41 44 47
51 48 45 44 42 41 41 41 40 41 41 41 41 41 41 41 41 40 40 39 38 37 37 36 36 35 35 34 34 33 33 32 31 30 29 28 28 28 29 29 30 31 33 35 38 42 46 51 57 63 69 76 82 88 93 97 100 102 103 104 104 103 100 97 94 89 85 80 75 70 65 60 55 50 46 43 39 37 35 33 31 30 29 28 27 27 27 27 28 28 29 29 30 30 30 31 31 32 32 33 33 33 33 33 33 34 34 35 35 36 36 36 36 36 36 37 39 41 44 47
55 51 49 47 45 44 43 43 43 43 43 43 44 44 44 45 44 44 43 41 41 40 39 39 39 38 37 36 35 34 33 32 31 30 30 29 29 29 29 29 30 30 31 33 35 38 42 46 52 58 65 72 79 86 91 96 99 102 103 104 104 102 99 96 92 87 81 76 71 65 59 54 49 45 42 39 37 35 34 32 31 30 28 27 26 26 26 26 27 27 28 29 29 30 31 32 33 33 34 35 35 36 36 36 36 36 37 37 38 38 38 38 38 38 38 39 40 42 44 47
59 55 52 50 48 47 46 45 45 45 45 45 46 47 47 47 47 46 45 44 43 43 43 43 42 42 39 37 35 33 32 31 30 29 29 29 29 29 29 30 30 30 31 32 33 35 38 43 48 54 60 69 76 83 89 94 98 101 103 104 104 102 99 95 91 85 79 73 67 60 54 49 45 41 39 37 35 34 33 31 30 28 27 26 25 25 25 25 25 25 26 27 28 29 30 31 32 33 34 35 36 37 37 38 38 38 38 39 39 40 40 40 40 40 40 41 42 43 45 47
63 59 56 53 51 49 47 46 46 45 45 46 47 47 48 48 48 47 47 47 47 47 48 49 49 48 43 40 37 34 32 31 29 28 28 27 28 28 29 29 30 30 31 31 32 34 36 40 44 50 57 65 73 81 88 94 98 102 104 105 105 103 100 96 91 85 78 71 64 57 51 46 42 39 37 35 34 33 32 30 28 26 25 24 24 24 24 24 24 24 25 26 27 28 29 30 31 32 34 35 36 37 37 38 39 39 39 40 40 41 41 41 41 42 42 43 44 45 46 49
68 64 60 56 53 50 48 46 45 44 44 45 46 47 48 49 49 49 50 51 52 53 55 56 56 54 50 46 41 38 35 32 30 29 28 27 27 27 27 28 29 29 30 30 31 33 34 37 42 47 54 63 72 80 88 94 99 103 106 107 107 104 101 97 91 84 77 69 61 54 48 43 40 37 35 34 32 31 30 28 27 25 25 24 24 24 24 24 24 25 26 27 28 29 30 31 32 33 34 34 35 36 37 38 38 39 39 40 40 41 42 42 42 43 44 44 45 46 48 50
73 68 64 59 55 51 48 46 44 42 43 44 45 47 49 50 51 53 54 54 55 56 58 58 57 55 53 48 44 40 37 34 32 31 29 28 28 27 27 27 28 28 29 30 30 32 33 36 40 45 52 61 71 81 89 95 100 105 108 110 109 107 103 98 92 84 76 67 59 51 46 41 38 35 33 32 31 29 28 27 26 25 25 25 25 25 25 25 26 26 27 27 28 30 30 31 32 33 34 35 36 36 37 37 37 38 39 39 40 40 41 42 43 44 45 45 47 48 49 51
79 74 68 63 58 53 49 46 43 42 43 45 47 49 50 52 53 54 54 54 53 53 53 52 51 49 47 44 41 38 36 35 33 32 31 30 30 29 28 28 27 28 28 28 29 30 32 34 38 44 52 61 72 82 91 98 104 109 112 113 112 109 105 100 94 85 76 66 57 50 44 39 36 34 32 30 29 28 27 26 26 26 26 26 26 26 26 26 26 26 26 26 27 28 29 30 31 32 34 35 36 37 37 37 37 37 37 38 38 39 41 42 43 44 45 46 48 49 50 52
84 79 74 68 62 57 52 48 46 45 45 47 48 49 50 50 50 50 49 47 45 44 42 41 40 37 37 35 34 33 33 33 33 33 33 33 32 31 30 29 28 28 28 28 28 29 30 33 37 43 52 62 74 85 94 102 108 113 116 116 115 113 109 103 96 86 76 65 56 48 42 38 34 32 30 29 27 27 26 26 27 27 27 27 27 27 26 25 25 24 24 23 24 25 25 27 28 30 32 34 36 37 37 37 37 37 37 37 37 38 40 41 43 44 46 47 48 50 51 54
90 86 80 74 69 63 58 54 50 49 48 47 47 46 46 45 44 44 42 40 38 35 33 31 30 28 27 27 28 29 29 31 33 34 34 34 33 32 31 31 30 29 29 28 28 29 30 32 36 42 52 63 76 87 98 106 113 117 120 121 119 116 112 106 98 88 76 65 55 47 41 36 33 31 29 28 27 27 27 27 27 28 28 28 28 28 27 25 24 23 22 21 21 22 23 24 26 28 30 33 35 36 37 37 37 36 36 36 37 38 39 41 43 44 46 48 49 51 53 55
96 92 88 82 77 71 66 61 56 53 50 47 45 43 42 41 40 40 39 37 34 31 29 27 25 23 23 23 25 27 28 31 34 36 36 35 34 33 32 32 32 31 31 31 30 30 30 32 36 43 53 65 79 91 102 111 118 123 125 125 123 120 115 109 100 89 77 65 55 47 41 36 33 30 29 28 28 28 28 28 28 27 28 28 29 30 28 26 25 23 22 20 20 21 22 24 25 27 30 32 34 35 36 35 35 35 36 36 37 38 40 41 43 45 47 48 50 52 54 56
102 99 96 91 86 80 74 68 63 58 52 48 44 41 40 39 40 41 41 38 35 32 29 27 25 23 22 23 26 28 30 33 37 40 40 38 35 33 33 32 33 34 34 35 34 34 34 35 38 45 55 68 82 94 106 115 123 128 130 130 128 124 119 112 102 90 78 65 55 47 41 36 34 32 31 31 30 29 28 27 27 27 28 30 32 32 31 29 27 25 23 21 21 22 23 25 27 29 32 34 36 36 35 35 35 35 36 37 38 39 41 42 44 46 48 50 52 54 56 58
107 105 103 99 94 89 83 77 70 63 56 51 46 43 42 42 43 44 44 41 38 34 32 29 27 25 25 26 29 31 34 38 42 45 44 41 38 35 34 34 36 37 38 40 41 41 41 40 42 48 58 71 85 97 109 119 127 132 136 135 133 128 122 114 104 91 78 65 55 47 42 39 36 35 34 34 32 30 28 27 27 27 29 32 35 36 34 32 30 28 25 24 23 24 26 28 30 32 35 38 39 38 37 36 36 36 37 38 39 41 42 44 46 48 50 52 55 56 58 60
111 110 109 105 101 96 91 85 78 71 63 56 51 48 47 47 48 49 48 46 42 38 35 32 30 29 29 31 33 35 37 42 47 49 49 46 43 40 39 40 41 43 44 47 50 51 51 50 50 55 63 76 89 101 112 122 130 137 142 141 138 133 126 116 105 92 78 65 55 48 44 42 41 40 39 37 34 32 30 29 29 30 32 35 38 39 38 35 33 32 29 28 27 28 30 32 33 36 40 42 43 41 40 39 38 39 39 41 42 44 45 47 49 51 53 56 58 60 62 64
113 113 112 110 107 102 97 91 84 77 69 62 57 54 53 53 54 54 52 51 47 42 39 36 35 35 35 36 37 39 42 48 52 55 55 54 52 50 50 51 53 55 58 60 62 64 64 62 61 64 69 80 92 103 114 124 134 142 148 147 144 137 129 118 106 92 79 66 57 50 47 46 46 45 43 41 38 36 35 35 35 36 38 40 43 45 43 41 38 37 35 33 32 33 35 36 38 42 45 47 48 46 45 43 42 42 43 44 46 48 50 52 53 56 58 61 64 65 67 68
114 115 115 113 111 107 103 97 90 83 75 69 63 60 59 59 59 58 58 56 54 49 46 43 42 42 42 43 45 48 53 57 61 64 64 64 64 64 67 70 73 76 79 79 79 78 76 73 71 73 77 85 95 105 116 126 136 146 153 153 149 141 132 121 108 95 81 69 60 54 50 50 50 50 48 47 46 45 45 45 46 47 48 50 52 53 53 50 48 46 43 41 40 40 42 43 46 49 52 53 52 50 49 47 46 46 47 49 51 54 56 58 60 62 64 68 70 72 74 74
115 115 115 115 113 110 107 102 96 89 81 74 69 65 64 63 64 63 63 62 61 58 56 54 53 53 54 55 57 60 64 66 69 71 72 73 75 77 81 86 90 93 95 94 92 89 87 83 81 82 84 90 99 109 119 129 140 150 156 155 150 142 132 121 108 94 81 70 62 57 54 54 53 54 54 55 55 55 56 57 58 59 61 61 63 64 64 64 61 59 55 53 50 50 51 53 55 57 58 58 57 55 52 51 50 50 51 54 57 60 63 65 67 70 72 75 77 79 80 79
114 115 115 115 114 112 110 106 100 94 86 79 74 70 68 68 68 67 67 66 66 64 64 63 63 64 64 65 67 69 71 72 74 76 77 79 81 84 88 93 96 98 100 100 99 97 95 92 89 89 89 94 101 110 120 130 141 152 158 157 151 143 133 121 109 96 83 73 66 61 59 58 58 59 60 61 63 64 66 66 68 69 70 71 72 73 74 74 72 70 66 64 61 61 61 62 62 63 63 62 60 57 55 53 53 54 56 59 63 67 70 73 76 78 80 84 85 86 86 85
113 114 115 115 115 114 112 109 104 98 90 84 78 74 72 71 71 71 70 69 68 68 68 68 68 69 69 70 71 72 74 75 76 78 80 82 84 86 89 93 96 98 100 102 102 101 100 98 96 94 94 97 104 111 120 130 141 152 158 157 152 143 134 122 110 98 87 77 71 67 65 64 65 65 65 67 68 70 71 72 74 75 76 77 77 77 78 77 76 74 72 70 69 67 67 67 67 66 65 64 62 60 57 56 56 57 60 64 69 74 78 82 85 88 89 92 93 93 92 89
112 114 115 115 116 115 114 111 106 101 94 88 82 78 75 74 73 73 72 71 70 70 70 70 70 70 71 72 73 74 75 77 78 80 82 84 85 87 90 94 97 100 103 105 107 107 106 103 101 99 98 100 106 112 120 130 141 152 158 157 152 143 133 122 111 99 89 81 75 72 70 71 72 72 72 73 74 75 77 77 78 79 80 80 80 79 79 78 77 75 73 72 71 70 69 69 68 67 66 65 63 61 59 58 59 60 64 68 74 80 84 89 92 95 96 98 98 97 95 92
111 113 114 116 117 117 115 112 109 104 97 92 86 82 79 77 76 75 74 73 72 72 72 72 72 72 72 74 75 76 77 78 80 82 84 86 88 90 94 99 103 106 109 112 113 113 111 108 105 103 101 103 107 113 121 130 141 151 157 156 151 143 133 122 111 100 91 83 78 76 75 76 78 79 80 81 82 83 85 84 84 84 84 84 82 81 80 78 77 75 74 73 72 71 70 69 68 67 66 64 63 62 61 61 62 64 68 72 78 84 89 94 97 100 101 102 102 100 98 94
109 111 114 116 118 118 116 114 111 106 101 96 91 87 84 81 80 78 77 76 75 74 75 75 75 75 75 75 76 77 78 79 82 84 87 90 93 96 101 106 110 114 117 119 120 118 116 112 108 105 103 105 108 113 121 130 141 150 156 155 150 141 131 121 111 101 92 85 81 79 78 80 83 86 88 90 92 93 94 93 93 91 90 89 86 84 82 80 78 76 75 73 72 71 70 69 68 67 66 65 64 64 64 64 66 69 72 77 82 88 93 97 100 103 104 104 103 102 99 95
108 110 114 117 119 119 117 115 112 109 105 102 97 93 89 86 84 82 80 79 78 77 77 77 77 77 77 77 77 78 80 83 86 90 93 97 101 104 109 114 118 122 125 126 125 122 119 115 110 107 105 106 108 113 120 129 139 149 155 154 149 140 130 119 109 100 92 86 83 81 81 83 86 90 94 97 99 101 103 102 101 99 97 95 92 88 86 83 81 79 76 74 73 72 71 70 69 68 67 67 67 67 69 70 72 74 77 81 86 91 95 99 102 104 105 105 104 102 99 95
107 110 114 117 120 120 119 116 114 111 109 107 103 99 95 91 88 86 84 83 82 81 80 80 79 79 79 79 81 83 86 90 94 99 102 107 111 114 118 122 126 129 130 130 127 124 120 116 112 108 106 106 108 113 119 128 138 148 154 154 148 139 128 118 108 100 92 87 84 83 83 84 88 92 97 101 104 107 109 110 109 107 105 102 99 95 91 88 86 83 81 79 77 76 74 74 73 73 72 72 73 74 76 77 79 81 83 86 91 95 99 102 105 106 106 106 104 102 98 94
107 110 114 118 121 122 121 119 116 114 112 111 108 105 102 98 96 93 90 89 87 85 85 84 84 84 84 85 88 92 96 100 105 110 113 118 121 124 127 131 133 134 133 131 128 125 121 116 112 109 107 107 109 113 119 127 137 147 153 154 148 139 128 117 107 99 92 87 84 84 84 85 88 93 98 103 107 111 114 115 115 113 111 109 105 102 98 95 92 90 87 85 83 82 81 80 80 79 79 79 80 81 83 84 85 87 89 92 95 99 102 104 106 107 107 106 104 101 97 93
108 112 116 119 122 124 124 122 120 117 115 114 112 110 108 105 103 101 99 97 95 93 93 92 93 92 93 95 98 103 107 111 116 120 123 126 129 132 135 136 137 136 133 130 127 123 119 115 112 109 107 107 109 112 118 126 136 146 152 153 148 138 128 117 107 99 92 88 85 85 85 85 88 92 98 103 108 113 116 118 118 118 116 114 111 108 106 103 100 98 95 93 91 89 88 87 87 86 85 86 86 87 89 90 92 93 95 97 99 102 104 106 107 108 107 106 103 100 96 91
110 113 117 120 123 125 126 125 124 121 118 117 116 114 112 111 110 109 107 106 104 103 103 103 103 103 104 106 110 114 118 121 124 127 129 132 135 137 139 139 138 135 132 129 125 122 118 114 112 109 108 107 108 112 118 126 136 145 152 152 147 138 127 116 107 99 92 88 86 86 86 85 87 91 97 102 108 113 117 119 120 120 120 119 117 115 113 110 107 105 102 99 97 96 95 94 93 93 92 92 92 94 95 96 98 99 100 102 103 105 107 108 108 108 107 105 102 99 95 90
111 115 118 121 124 126 128 128 127 125 123 121 119 118 116 115 115 115 114 114 112 112 112 112 113 113 114 116 119 122 125 128 130 132 134 136 138 140 141 140 137 134 131 127 124 120 116 113 111 109 108 107 108 112 118 126 135 144 150 151 146 137 127 117 108 100 93 89 87 86 86 85 87 90 96 101 107 112 116 119 121 122 123 123 122 120 118 116 114 111 108 106 104 102 101 100 99 98 98 98 98 99 101 102 103 104 105 106 107 108 108 109 109 108 107 104 102 98 94 89
111 115 119 122 125 127 129 129 129 128 126 125 123 121 119 118 118 118 118 119 118 118 119 119 120 121 122 124 126 128 130 132 134 136 138 140 141 142 141 139 136 133 130 126 123 119 116 113 111 109 108 107 108 112 117 125 134 142 148 149 145 137 128 118 109 101 94 89 87 86 86 86 87 90 95 100 105 110 114 118 121 123 125 125 125 125 123 122 120 117 114 112 109 108 106 105 104 103 103 103 103 105 106 107 108 109 109 110 110 110 110 109 108 107 106 103 100 96 92 87
111 115 120 123 126 128 130 130 131 130 129 128 126 124 122 121 120 121 121 121 122 122 123 123 124 126 128 129 131 132 135 137 138 140 141 143 143 142 140 137 134 131 128 125 121 117 115 113 111 110 108 108 109 112 117 124 132 140 146 147 144 137 128 119 110 102 95 90 87 86 87 86 87 90 94 99 104 108 112 117 120 123 125 127 127 127 127 126 125 122 119 117 114 113 111 109 108 107 106 107 107 109 110 111 112 112 112 112 112 112 110 109 108 107 105 102 99 95 90 86
111 116 120 124 126 128 130 131 131 131 131 130 129 127 125 124 122 122 122 123 124 125 126 127 128 130 132 134 135 137 139 141 142 143 143 144 143 142 140 137 133 130 127 124 120 117 114 113 111 110 108 108 109 112 117 123 131 138 143 144 141 135 127 119 110 102 95 90 87 87 87 87 88 90 94 98 103 107 112 116 119 123 125 127 128 129 129 129 127 125 123 121 118 116 115 113 111 110 110 110 110 112 113 113 114 114 113 113 113 112 111 109 108 106 104 101 98 94 89 84
112 116 120 123 126 128 130 131 131 132 131 131 130 129 128 127 125 124 124 125 126 128 129 130 132 133 135 137 139 141 143 144 145 145 145 144 143 142 139 136 133 129 126 123 119 116 114 113 111 110 109 108 109 112 116 122 129 135 140 141 139 134 127 119 111 103 96 91 88 87 87 88 89 90 93 97 102 106 111 115 119 122 125 127 129 130 130 130 129 127 125 123 121 119 117 116 114 114 113 113 113 114 115 115 115 114 114 113 113 111 110 108 106 105 103 100 97 93 88 84
112 116 120 123 126 127 129 130 131 131 132 131 131 131 130 129 128 127 127 128 129 131 132 133 135 136 138 140 142 144 145 145 146 146 145 145 143 141 139 135 132 129 126 123 120 117 115 113 111 110 109 109 110 112 116 121 127 133 138 139 137 133 127 119 111 103 97 91 88 87 88 89 89 90 93 96 101 105 110 114 118 122 125 127 129 130 131 130 130 128 127 126 124 122 120 119 118 117 116 116 115 116 116 116 115 115 114 113 112 110 108 107 105 103 101 99 95 91 87 82
113 117 120 123 125 127 128 129 130 131 131 132 132 132 131 131 131 131 130 131 132 133 134 135 137 139 140 142 143 144 145 145 145 145 145 144 143 141 138 135 132 129 126 124 121 118 116 113 111 110 109 109 110 113 116 121 126 131 136 137 136 133 127 120 112 104 97 92 89 87 87 88 89 91 93 95 99 103 108 113 118 122 124 127 128 130 130 130 130 129 128 127 125 124 122 121 120 119 118 117 117 117 116 116 116 115 114 113 111 108 106 105 103 102 100 97 94 90 86 81
112 116 119 122 124 126 127 128 130 131 131 132 132 132 132 133 133 133 133 134 134 135 136 137 139 140 142 142 143 144 144 144 145 145 144 143 142 140 138 135 132 129 126 123 121 118 116 113 111 110 109 110 111 113 117 121 127 132 136 138 137 133 128 121 113 105 98 92 89 87 87 88 89 90 92 94 98 102 106 112 116 121 124 126 128 129 130 130 130 129 129 128 126 125 124 123 121 120 119 118 118 117 117 116 116 115 114 112 110 107 105 103 102 100 98 96 93 89 85 80
112 115 118 121 123 124 125 127 128 130 131 132 132 133 133 134 135 135 135 136 136 137 137 138 140 141 142 143 144 144 144 144 144 144 143 142 141 139 137 134 130 127 124 122 120 117 114 112 111 110 109 110 111 114 118 123 129 134 137 138 137 134 129 123 115 106 99 93 88 86 86 86 88 89 91 93 96 100 105 110 115 119 123 125 127 128 129 130 129 129 129 128 127 126 125 123 122 120 119 119 118 118 117 117 116 115 113 112 109 107 104 102 100 99 97 95 91 88 83 79
111 115 118 120 122 123 124 126 127 129 130 132 133 133 134 135 136 136 136 137 138 138 138 139 140 142 143 144 144 144 144 144 144 144 143 142 140 138 136 132 128 125 122 120 117 114 112 111 110 109 109 110 111 114 119 124 129 134 137 137 137 134 129 123 115 107 99 93 88 86 85 85 86 87 89 91 94 98 102 108 113 117 121 124 126 128 129 129 129 129 128 128 127 126 125 123 122 120 119 119 119 118 117 116 115 114 113 111 108 106 103 101 100 98 96 93 90 86 82 77
110 114 117 119 121 122 123 125 127 129 130 131 132 133 134 135 136 136 137 138 138 139 139 140 141 142 143 144 144 144 144 144 145 144 143 142 140 137 134 130 126 122 118 115 113 111 109 109 109 109 109 110 112 116 120 125 130 134 136 136 136 134 130 124 117 109 101 94 89 85 84 84 84 84 85 87 91 95 100 105 110 115 119 123 125 127 128 129 129 129 129 128 127 126 125 123 122 120 119 119 119 118 117 116 115 114 112 110 108 105 103 101 99 97 95 92 89 85 80 76
109 113 116 118 120 121 123 124 126 128 130 131 132 133 134 135 136 136 137 137 138 139 140 141 142 143 143 144 144 144 144 144 145 144 143 141 139 135 132 127 122 118 113 110 108 107 107 108 108 109 110 111 114 117 121 125 130 133 135 135 134 133 129 124 118 110 102 95 89 85 83 82 82 82 82 83 87 91 96 102 108 113 117 121 124 126 128 129 129 129 129 128 127 126 125 123 121 120 120 119 119 118 117 116 115 113 111 109 107 104 102 100 98 96 94 91 87 83 79 74
108 112 114 117 119 121 122 124 126 128 130 131 132 133 134 134 135 135 136 137 138 139 140 141 142 142 143 143 143 143 143 144 145 144 142 140 137 133 128 123 117 112 107 104 103 104 105 107 109 110 111 113 115 118 122 126 130 132 133 134 133 131 129 124 118 110 102 96 90 85 83 81 81 80 79 80 83 87 93 99 105 110 115 119 123 125 127 128 129 129 128 128 126 125 124 122 121 121 120 119 119 118 117 116 115 113 111 109 106 104 101 100 98 96 93 89 86 82 77 73
107 110 113 116 118 120 122 124 126 127 129 130 132 132 133 133 134 134 135 136 137 138 140 141 142 142 143 143 143 142 142 143 143 143 141 138 134 130 124 118 111 105 102 100 101 103 105 108 110 111 113 114 116 119 123 127 130 132 134 134 133 131 128 123 117 110 103 96 90 86 83 81 80 79 77 77 79 84 90 96 103 109 113 118 121 124 126 127 128 128 127 127 126 124 123 122 121 121 120 119 119 118 116 115 114 112 110 108 105 103 101 99 97 94 91 88 84 80 76 72
106 110 112 115 117 120 121 123 125 127 128 130 131 132 132 132 133 134 135 136 137 138 139 141 142 142 143 143 142 141 141 142 141 141 138 135 131 126 120 112 105 100 98 99 100 103 106 108 110 112 113 115 117 120 123 127 131 134 135 135 134 132 128 123 116 109 103 96 91 86 83 81 80 78 76 75 76 80 86 93 100 106 111 116 119 122 124 126 126 126 126 126 125 124 123 122 121 121 120 119 118 117 115 114 113 111 109 106 104 102 100 98 96 93 90 86 83 78 75 71
105 108 111 114 116 118 120 122 123 125 127 129 130 131 131 132 133 134 135 136 138 138 139 140 142 142 142 142 141 140 140 140 139 137 134 131 127 120 113 106 100 97 96 98 101 104 107 109 111 112 113 115 117 120 125 129 133 136 138 138 137 134 130 124 117 110 103 97 92 87 84 82 80 79 77 75 75 77 82 89 96 103 109 113 117 120 123 124 125 126 125 125 124 123 123 122 121 120 119 118 117 115 114 113 112 110 108 105 103 101 99 97 94 91 88 85 81 77 73 70
104 107 110 112 115 117 118 120 122 124 126 128 129 130 131 131 132 133 135 136 137 138 139 140 140 141 141 140 140 139 139 138 136 134 130 126 121 114 107 100 96 95 96 99 102 105 107 109 111 112 114 115 118 122 128 133 138 141 142 143 141 137 132 125 118 110 103 97 92 88 85 83 82 80 79 76 75 75 79 85 93 100 106 111 115 119 121 123 124 125 125 124 124 123 123 122 121 119 118 117 116 114 113 112 110 108 106 104 102 99 97 95 93 90 87 83 80 76 72 69
102 106 108 111 113 115 117 119 120 122 124 127 129 130 130 130 131 132 134 135 137 137 138 139 139 139 139 139 138 138 137 135 133 130 127 122 116 109 102 96 94 94 96 99 102 105 107 109 110 111 113 115 118 124 130 137 143 145 148 149 146 141 134 126 118 110 104 98 92 89 86 84 83 82 80 78 75 75 77 82 90 98 105 110 115 118 120 122 123 124 124 124 124 123 122 121 120 118 117 116 115 114 112 111 109 107 105 102 100 98 96 94 91 89 86 82 79 75 71 68
101 104 107 110 112 114 115 117 118 121 123 125 127 129 130 130 131 131 133 134 136 136 137 138 138 138 138 137 137 136 135 133 130 127 123 118 112 105 98 94 92 93 95 98 101 103 105 107 108 110 112 115 119 125 133 140 146 149 150 151 148 142 134 126 118 110 104 98 93 89 87 85 84 83 82 79 77 75 75 79 87 95 103 109 113 117 119 121 122 123 123 124 123 123 121 120 118 117 116 115 114 113 112 110 108 106 103 101 99 96 94 92 90 87 84 81 77 73 70 67
99 103 105 108 110 112 114 116 117 120 122 124 126 128 129 130 131 131 132 133 135 135 136 137 137 137 136 136 135 134 133 130 127 124 119 115 109 102 96 92 91 92 94 97 99 100 102 103 104 106 108 112 117 124 130 135 140 144 146 145 143 138 132 124 116 109 103 98 93 89 87 85 84 83 82 80 77 75 74 78 84 93 101 107 112 115 117 119 120 122 122 123 122 122 120 119 117 116 115 114 113 112 111 109 107 105 102 100 98 95 93 91 89 86 83 80 76 72 69 66
98 101 104 107 109 111 113 115 117 119 121 124 126 127 129 129 130 131 132 133 134 135 135 136 136 135 135 133 132 131 129 126 122 119 115 111 105 99 93 90 89 90 92 93 94 94 95 97 98 100 102 106 112 117 122 125 128 132 134 135 134 129 125 119 113 107 101 96 91 87 85 83 83 82 81 79 77 74 73 76 82 90 98 105 110 113 116 118 119 120 121 121 121 120 119 117 116 115 114 113 112 111 110 108 106 104 101 99 97 94 92 89 87 85 82 78 75 71 68 66
96 100 102 105 107 110 112 114 116 118 121 123 125 126 128 129 130 131 132 132 133 134 134 135 134 134 133 131 130 127 125 121 117 114 111 107 102 96 90 88 87 88 89 89 88 87 87 88 88 91 94 98 103 108 111 114 116 119 121 122 122 119 117 113 108 103 97 92 87 83 81 80 79 79 78 77 75 72 71 73 79 87 96 103 108 112 114 116 118 119 120 120 120 119 118 117 115 114 113 112 111 110 109 107 105 103 100 98 95 93 90 88 85 83 80 77 73 70 67 65
95 98 101 103 106 108 111 113 115 118 120 122 124 125 127 128 129 130 131 131 132 132 133 133 132 132 131 129 127 124 120 117 113 110 107 104 99 93 89 86 85 85 84 83 81 78 77 77 78 81 83 88 92 96 99 101 103 106 107 109 109 108 108 104 100 95 90 85 80 76 74 73 73 74 74 73 72 69 69 71 78 86 95 102 107 111 113 115 117 118 118 119 119 118 117 116 114 113 112 111 110 109 108 106 104 102 99 96 94 91 89 86 84 81 78 75 72 69 66 64
94 97 99 102 104 107 110 112 115 117 119 121 123 124 125 127 128 129 129 130 131 131 131 130 130 129 127 126 123 120 116 113 110 107 104 102 98 93 88 85 83 81 79 76 72 69 67 66 66 68 71 76 80 84 86 89 90 93 94 96 97 96 97 94 90 86 80 75 71 67 66 66 66 68 68 68 68 66 65 68 75 84 93 101 106 110 112 114 115 116 117 117 117 116 115 114 113 112 110 109 108 107 106 104 102 100 97 95 92 90 87 85 82 80 77 74 71 68 65 63
92 95 98 100 103 105 108 111 114 116 118 120 121 123 124 125 126 127 127 128 128 129 128 128 127 126 124 122 119 116 113 110 107 105 103 101 98 94 90 85 81 77 73 68 63 58 55 53 53 56 58 62 67 71 73 76 77 81 82 84 84 84 85 82 79 75 70 65 61 58 57 58 58 60 61 62 62 61 62 65 73 83 93 100 106 109 112 114 115 115 116 116 115 115 113 112 111 110 109 108 107 106 105 103 101 98 96 93 91 88 86 83 81 78 75 72 69 67 64 63
91 94 96 99 101 104 107 110 112 115 117 119 120 121 123 124 124 125 125 126 126 126 126 125 124 122 121 118 116 113 110 107 104 103 102 101 100 97 93 87 81 74 68 61 55 48 44 42 41 43 45 49 54 58 61 64 65 69 70 72 72 72 73 70 67 63 59 55 51 48 47 48 48 51 53 55 57 57 58 62 71 81 92 100 106 110 112 113 114 115 115 114 114 113 112 110 109 108 107 106 106 105 103 101 99 97 94 92 89 87 84 82 80 77 74 71 69 66 64 62
90 93 95 97 100 102 105 108 111 114 116 117 119 120 121 122 122 122 123 123 123 123 123 122 120 119 117 115 112 109 106 104 102 102 102 102 102 100 97 91 83 74 65 57 50 43 38 35 34 34 35 39 42 46 50 54 56 59 60 62 62 62 62 60 56 53 48 44 41 38 37 38 39 42 45 49 51 53 55 59 68 79 91 100 106 110 112 113 114 114 114 113 112 111 110 109 107 106 105 105 104 103 102 100 98 96 93 90 88 85 83 81 78 76 73 70 67 65 63 62
89 91 94 96 98 101 103 106 109 112 114 115 117 118 119 119 119 119 119 120 120 119 119 118 117 115 113 111 108 105 103 101 101 101 102 104 104 104 101 96 87 76 65 56 48 42 37 33 32 31 32 33 36 39 43 47 49 52 53 54 55 55 54 51 47 43 40 36 33 31 30 31 33 37 40 44 47 49 52 57 66 78 90 99 106 110 113 113 113 113 113 112 111 110 109 107 106 105 104 104 103 102 100 99 97 94 92 89 87 84 82 80 78 75 72 69 67 64 63 62
88 90 93 95 97 99 102 104 107 110 112 114 115 116 117 116 115 114 114 114 114 114 114 113 112 111 109 107 105 103 101 100 100 101 103 105 106 107 105 100 92 81 68 58 50 44 39 35 34 33 33 34 35 37 40 43 46 48 49 50 50 49 47 44 41 38 35 33 30 29 29 29 32 35 38 42 45 47 50 55 64 76 88 99 106 110 113 114 113 113 112 111 110 109 107 106 105 104 103 103 102 101 99 97 95 93 91 88 86 83 81 79 77 74 71 69 66 64 62 61
87 89 91 93 95 97 100 103 106 108 110 111 113 114 113 112 110 107 106 106 107 107 108 108 107 106 105 103 101 100 100 100 100 102 104 106 108 109 107 104 97 86 73 62 53 47 43 42 41 40 40 39 38 39 40 43 44 46 47 47 47 46 44 41 39 37 35 34 33 32 31 32 33 35 38 41 43 46 49 54 63 74 87 98 105 110 113 113 113 112 111 110 108 107 106 105 104 103 103 102 101 99 98 96 94 92 89 87 85 83 81 79 76 74 71 68 65 63 61 61
86 88 90 92 94 96 98 101 104 106 108 110 111 111 111 108 104 100 97 97 97 99 101 102 103 102 101 100 99 99 99 99 100 102 105 107 109 110 109 107 100 91 80 69 60 55 52 53 52 51 49 47 45 43 43 44 45 46 46 47 46 45 43 41 40 39 38 38 37 37 36 36 36 37 39 41 44 47 50 55 63 74 86 97 105 110 112 113 112 111 110 108 107 106 105 104 103 102 101 101 99 98 97 95 93 90 88 86 84 82 80 78 76 73 70 67 65 63 62 61
85 87 89 91 93 94 96 99 102 104 106 108 109 109 108 105 100 94 89 88 88 91 94 96 98 98 98 97 97 97 98 99 101 103 105 107 109 110 110 108 104 97 88 79 72 68 64 65 64 62 60 57 53 50 48 47 47 47 47 47 46 45 44 43 43 42 42 42 41 41 40 40 40 40 41 43 46 48 51 56 64 75 87 98 105 110 112 112 112 110 109 107 106 105 104 103 102 101 100 99 98 97 95 94 92 89 87 85 83 81 79 77 74 71 68 66 64 62 61 62
84 86 88 90 91 93 95 97 99 102 104 106 107 107 106 103 98 91 84 82 82 85 89 92 95 96 96 96 96 96 98 99 101 103 105 108 109 109 109 108 105 100 95 88 83 79 76 76 75 73 71 67 62 58 55 52 50 49 48 47 47 46 46 45 45 44 44 44 44 43 43 43 43 43 44 45 47 49 52 57 64 75 87 97 105 109 112 112 111 110 108 107 105 104 103 102 100 99 98 98 96 95 94 92 90 88 86 84 83 81 79 76 73 70 67 65 63 62 61 62
83 86 88 89 90 92 93 95 97 100 102 104 105 105 104 101 96 90 83 80 80 83 87 90 93 94 95 95 95 96 97 99 101 103 105 107 108 108 108 106 104 101 97 93 89 86 83 83 83 81 79 75 71 66 62 59 55 52 50 49 48 48 47 47 46 46 45 45 45 45 44 45 45 45 46 47 49 51 54 60 68 78 89 98 105 109 111 111 110 109 108 106 104 103 101 100 99 98 97 96 95 94 93 91 89 87 86 84 82 80 78 76 72 70 67 64 63 62 61 62
83 85 87 88 90 91 92 94 96 98 100 102 103 103 103 100 96 90 85 81 81 84 87 90 92 93 94 94 95 96 98 100 102 104 106 107 107 107 106 104 102 100 97 95 92 90 88 88 88 87 85 82 78 74 69 65 61 57 54 52 51 50 49 49 48 48 47 46 46 45 45 46 46 47 48 49 51 54 57 63 71 81 90 99 104 108 109 110 109 108 107 105 103 102 100 99 97 96 95 94 94 93 92 90 89 87 85 83 82 80 77 75 72 69 66 64 62 61 62 64
82 84 86 88 89 90 91 93 95 97 99 101 102 102 102 100 97 93 89 85 85 87 89 91 92 93 93 94 95 96 98 100 103 105 106 106 106 105 103 102 100 98 97 95 93 92 92 92 92 90 89 86 83 80 76 71 68 63 60 57 56 54 53 52 51 50 49 48 47 47 47 47 47 48 49 51 54 58 62 68 76 84 92 99 103 106 107 108 108 107 106 104 102 100 98 97 96 95 94 93 92 91 91 89 88 86 85 83 81 79 77 74 71 68 66 63 62 61 62 66
81 83 85 87 88 89 91 92 94 96 98 100 101 101 101 100 98 96 93 90 90 90 91 92 93 93 94 95 96 98 99 101 103 104 105 105 104 103 102 100 99 97 96 95 94 94 94 94 94 93 92 90 88 85 82 78 74 70 67 64 62 60 58 57 56 54 52 50 49 49 48 48 49 50 52 55 59 63 68 74 81 88 94 99 102 104 105 106 106 105 104 102 100 98 96 95 94 93 93 92 91 91 90 88 87 86 85 83 81 79 76 73 70 68 65 63 62 62 63 68
81 83 85 86 88 89 90 92 94 96 97 99 101 101 101 101 99 98 96 94 94 94 93 93 93 94 95 96 98 100 101 102 103 104 104 103 103 101 100 99 97 96 95 94 94 95 96 96 96 95 94 93 92 90 87 84 80 76 74 71 69 67 65 64 62 60 57 55 53 52 51 51 52 53 56 59 64 69 73 78 84 89 94 98 100 102 103 104 104 103 102 100 98 96 95 94 93 93 92 92 91 90 89 88 87 86 84 82 80 77 75 72 69 67 65 63 62 62 64 71
80 82 84 86 87 88 90 92 93 95 97 99 100 101 102 101 101 100 99 97 96 96 95 95 95 95 97 98 99 101 103 103 104 104 103 103 102 100 99 98 97 96 95 95 95 97 98 99 98 98 97 97 96 94 92 88 85 82 80 78 77 75 73 73 70 68 65 62 59 58 56 56 57 59 62 65 69 74 77 81 85 89 93 96 98 99 101 101 102 101 100 98 97 95 94 93 93 92 92 91 91 90 89 88 87 85 84 82 79 77 74 71 69 66 64 63 62 62 65 74
79 81 83 85 87 88 90 92 94 95 97 99 100 102 102 102 102 101 101 100 99 98 97 96 96 97 99 100 101 103 104 105 104 104 103 102 101 100 99 98 97 97 96 97 98 99 101 102 102 102 102 101 101 99 96 93 91 88 86 84 84 83 82 81 79 77 74 70 67 65 63 63 64 66 69 71 74 77 80 83 86 89 92 94 96 97 98 99 99 99 98 97 96 95 94 93 93 92 92 91 91 90 89 88 87 85 84 81 79 76 73 71 68 66 64 63 62 62 66 76
79 81 83 84 86 88 90 92 94 96 97 99 101 102 103 104 104 103 103 102 101 100 99 98 99 100 101 102 103 104 105 105 105 104 104 103 102 101 100 99 99 99 99 100 101 103 104 106 107 107 108 107 106 104 101 98 96 93 92 91 90 90 89 90 88 86 83 80 76 74 72 72 72 73 75 76 78 80 82 84 86 89 91 92 94 95 96 96 97 97 97 97 96 95 94 94 93 93 92 92 91 91 90 89 87 85 83 81 78 75 72 70 68 66 64 63 62 64 68 80
78 80 82 84 86 87 89 91 94 96 98 100 101 103 104 105 105 105 105 104 103 102 101 101 101 102 103 103 104 105 105 105 105 104 104 103 103 102 102 101 101 101 102 103 105 107 108 110 112 113 114 114 112 110 107 104 102 99 98 97 97 97 97 98 96 95 92 88 85 83 81 80 79 80 80 81 82 83 84 85 86 88 90 91 92 93 94 94 95 96 96 96 96 95 95 94 94 93 93 92 92 91 91 90 88 86 83 80 77 74 72 69 67 65 64 63 63 65 72 87
77 79 81 83 85 87 89 92 94 96 98 100 102 103 105 106 107 107 107 106 105 104 103 103 104 105 105 105 105 105 105 104 104 103 103 103 103 103 103 103 104 104 105 106 108 110 111 114 116 118 120 120 119 117 115 112 110 107 106 104 104 104 105 105 104 102 99 96 93 90 88 86 85 84 84 84 84 85 85 86 87 88 89 90 91 91 92 92 93 94 94 95 95 95 95 95 94 93 93 93 92 92 91 90 88 85 82 79 76 74 71 69 67 65 64 63 63 65 75 92
77 79 81 83 85 87 89 91 93 96 98 100 102 103 105 107 108 109 110 109 108 106 106 106 106 107 107 106 105 104 103 102 102 101 101 102 102 103 103 104 105 106 107 108 110 112 113 115 118 121 124 124 124 123 121 120 117 114 113 112 112 112 112 112 110 108 105 102 98 95 92 90 88 87 87 87 86 86 86 86 87 87 88 89 89 89 90 90 91 92 93 94 95 96 95 95 95 94 94 93 93 92 91 90 87 84 82 79 76 73 71 69 67 65 64 63 63 67 79 97
76 78 80 82 84 87 89 91 93 96 98 100 102 104 106 108 110 111 112 111 110 109 108 108 108 107 107 106 104 102 101 99 99 98 98 99 100 101 102 104 104 105 107 108 110 111 112 113 116 120 123 125 125 126 125 124 122 120 120 118 118 118 118 117 115 112 109 105 101 98 95 92 90 89 88 88 87 87 86 86 86 86 86 86 87 87 88 88 89 91 92 94 95 96 96 96 95 95 94 94 94 93 91 89 87 84 81 78 75 73 71 69 67 65 63 63 64 69 83 103
74 77 79 82 84 86 88 91 93 96 98 101 103 105 108 109 111 113 114 113 113 111 110 109 108 107 106 105 102 100 98 96 95 94 94 95 97 98 99 101 101 102 104 104 105 106 106 107 109 113 116 119 121 122 123 123 123 122 122 121 120 121 120 118 115 111 107 104 100 96 94 92 90 88 87 87 86 86 85 84 84 84 83 83 84 84 85 86 88 90 92 94 95 96 97 96 96 95 95 94 94 92 91 88 85 82 80 77 74 72 70 68 67 65 63 63 65 73 89 111
73 76 78 81 83 86 88 90 92 95 98 100 103 106 108 110 112 114 115 115 114 113 111 109 107 106 104 102 100 97 95 92 91 90 90 91 92 93 94 94 95 96 96 96 96 96 96 95 97 100 102 107 110 113 115 116 118 118 118 118 118 117 115 112 108 104 100 97 93 91 89 87 86 85 84 84 84 83 82 81 81 80 80 80 80 81 82 84 86 89 92 94 96 97 97 97 96 95 95 94 93 92 90 87 84 81 79 76 74 72 70 68 66 64 63 63 68 78 95 118
72 74 78 81 83 85 87 89 92 94 97 100 103 106 108 111 113 115 116 117 116 114 112 109 107 104 102 100 97 94 90 87 85 84 84 85 86 86 86 86 85 85 84 84 82 82 82 81 82 85 87 92 96 98 100 103 107 109 110 110 109 107 104 99 96 92 88 85 82 81 81 79 79 79 78 79 79 79 78 77 76 75 74 75 75 77 79 82 85 89 92 95 97 98 98 97 96 96 95 94 93 91 89 86 83 81 78 76 74 72 70 68 66 64 63 64 70 82 101 125
70 74 78 81 83 85 87 89 91 94 97 100 103 106 109 111 114 116 118 118 117 115 113 110 106 103 100 97 94 90 86 82 79 77 77 77 77 77 76 75 73 72 71 70 68 68 69 68 69 71 72 76 80 82 84 87 92 95 97 96 95 92 88 85 81 77 74 72 70 69 70 69 70 70 70 71 71 71 70 70 69 68 68 69 70 73 76 80 85 89 94 96 98 98 98 97 96 96 95 93 92 89 87 85 82 79 77 75 73 71 69 67 65 63 63 66 75 89 108 132
70 74 78 82 83 85 87 89 90 93 96 99 102 105 108 111 114 116 118 119 119 117 114 111 107 103 100 96 93 89 84 80 75 72 70 69 68 67 66 64 62 60 59 58 57 58 59 59 60 62 63 65 68 70 71 73 78 80 82 82 80 77 73 70 67 65 62 60 58 58 58 58 59 59 60 62 62 62 62 61 61 60 61 63 66 70 74 80 85 90 95 97 99 99 98 97 96 95 94 93 91 88 86 84 81 79 77 74 73 71 69 66 65 63 63 68 79 96 117 141
69 73 77 80 82 84 86 88 90 92 94 97 101 104 107 110 113 116 118 120 120 118 115 112 108 104 101 97 94 90 85 81 76 71 67 64 61 60 58 56 54 53 52 51 51 52 54 55 56 57 58 60 61 62 63 64 67 69 70 70 67 65 63 60 58 56 53 52 50 49 49 49 50 50 51 52 53 53 53 53 53 54 56 59 63 69 76 82 88 93 96 99 99 99 98 97 96 95 93 91 89 87 85 82 80 78 76 74 72 70 68 65 64 63 64 71 83 100 123 147
67 72 76 79 81 83 85 87 89 91 93 96 99 103 106 109 113 116 118 120 120 119 117 114 111 107 103 100 97 94 90 86 80 75 69 64 60 58 56 54 52 51 50 50 50 51 53 54 55 56 57 58 59 60 60 61 62 62 63 62 60 59 57 55 53 51 49 48 47 47 46 46 46 46 45 46 47 47 48 49 49 52 55 59 65 72 79 86 91 96 99 100 100 99 98 97 96 94 92 90 88 85 83 81 79 77 75 73 71 69 67 64 63 62 65 74 88 107 130 153
64 70 74 79 82 84 85 87 88 90 92 95 98 101 104 108 111 115 117 119 120 120 119 117 114 110 107 105 103 100 97 94 89 84 77 70 65 62 59 56 54 54 53 53 54 54 56 57 58 59 60 61 61 61 61 61 61 60 60 60 59 56 55 54 52 51 50 50 49 49 47 48 47 47 46 46 46 46 47 48 50 54 58 64 71 78 85 91 95 99 101 101 101 100 99 97 95 93 91 89 86 84 82 80 78 76 74 72 70 68 66 64 62 62 66 78 94 114 137 159
62 68 73 78 81 83 85 86 88 89 91 93 96 99 102 106 109 113 116 118 120 120 120 119 117 114 112 110 109 107 105 103 98 93 86 79 73 68 64 61 60 59 59 59 60 60 62 63 64 65 67 67 67 67 67 66 64 63 63 63 62 59 58 57 57 56 56 55 55 54 54 54 52 52 50 50 49 49 50 52 55 60 66 72 79 85 91 96 100 102 103 103 102 100 99 97 95 92 89 87 84 82 80 78 76 74 73 71 69 67 65 63 61 62 68 81 99 120 142 162
60 66 71 76 79 82 83 85 87 88 90 92 94 97 100 103 107 110 114 117 118 119 120 120 119 117 116 115 114 113 112 111 106 102 95 88 82 76 72 68 66 65 64 65 66 67 69 71 73 76 77 78 78 78 77 76 73 72 71 70 69 67 66 65 65 64 64 64 63 62 61 60 59 58 56 55 55 55 56 59 63 69 75 81 87 92 97 101 104 105 105 104 102 100 98 96 93 90 88 85 82 80 78 76 75 73 71 69 68 66 64 62 61 63 71 86 105 127 148 166
59 65 70 74 77 80 83 85 86 88 89 91 93 96 98 101 105 108 112 114 116 118 119 119 119 119 119 119 119 118 118 117 113 109 103 97 90 84 79 74 71 69 69 69 70 72 74 77 81 85 88 91 91 92 91 89 86 84 83 82 81 79 77 75 74 74 73 72 71 69 67 66 64 62 61 61 61 62 63 66 71 76 82 87 92 97 102 105 106 107 106 105 102 100 97 95 92 89 86 83 80 78 76 75 73 72 70 68 66 64 62 61 61 64 73 89 111 133 153 169
57 62 68 72 76 80 82 84 86 87 88 90 92 94 96 99 102 105 109 112 114 116 117 118 119 119 120 121 122 122 123 121 118 114 108 102 96 89 84 79 75 73 72 72 73 75 77 81 86 92 97 101 103 104 104 102 99 98 95 94 92 90 88 85 83 82 80 78 76 73 71 69 67 65 64 65 65 67 69 72 76 81 87 92 97 101 105 107 108 108 106 104 102 99 96 93 90 87 83 80 78 76 74 73 71 70 68 66 65 63 61 60 60 65 75 92 114 136 155 171
56 61 67 71 75 79 82 84 85 86 88 89 90 92 94 96 99 102 106 109 111 113 115 116 117 118 120 122 124 125 126 125 122 118 113 107 101 94 88 83 79 76 74 74 75 77 80 83 88 95 101 106 108 110 110 109 106 105 103 101 99 97 94 91 89 86 84 81 79 76 73 71 69 67 67 67 68 70 72 76 80 84 90 95 100 104 107 109 109 108 106 104 101 98 94 91 88 84 81 78 75 74 72 71 69 68 67 65 63 61 60 59 60 66 77 94 116 139 156 171
60 64 68 72 75 78 81 84 85 86 87 88 89 90 92 94 96 99 102 105 108 110 112 113 115 117 119 121 124 126 127 127 124 121 117 111 105 99 93 87 82 79 77 76 76 78 80 84 88 94 100 104 107 109 109 108 108 107 105 103 101 99 96 93 90 88 85 82 79 76 74 71 69 68 68 69 71 73 76 79 83 88 93 98 102 106 109 109 109 107 105 102 99 95 92 88 85 82 78 75 73 71 70 69 68 67 65 63 62 60 59 58 60 66 78 96 118 139 156 170
65 67 71 72 74 77 80 83 84 85 86 87 88 89 90 91 94 96 99 102 104 107 109 110 112 114 116 119 123 126 127 127 126 123 119 114 108 102 96 91 86 82 79 78 78 79 81 84 87 91 96 100 102 104 105 105 105 104 104 102 100 98 95 93 90 87 84 82 79 76 74 72 70 70 70 71 73 75 78 82 86 91 95 100 104 107 109 109 108 106 103 99 96 92 89 85 82 79 76 73 71 69 68 67 66 65 63 62 60 59 58 58 61 68 80 99 120 139 154 168
73 76 79 77 77 77 79 81 83 84 85 86 87 87 88 89 91 93 96 98 101 103 105 107 108 111 114 117 121 124 127 127 126 124 120 116 111 105 100 94 89 85 82 80 80 80 82 84 86 89 93 96 98 99 99 99 100 100 100 99 97 95 93 90 88 85 83 81 78 76 74 72 71 71 72 73 75 77 81 84 88 93 97 101 105 107 109 108 107 104 101 97 93 90 86 83 79 76 73 71 68 67 66 65 64 63 62 60 59 58 57 58 62 71 85 103 122 139 152 164
84 88 90 85 83 82 81 81 82 83 84 85 86 86 87 88 89 90 93 95 97 100 102 104 105 108 111 115 119 123 125 126 126 124 121 117 113 108 103 98 93 89 85 83 82 82 83 85 86 88 90 92 93 94 94 95 95 95 95 94 92 91 89 87 85 84 82 80 78 76 74 73 73 73 74 75 77 80 83 87 91 95 99 103 106 107 108 107 105 102 98 94 91 87 84 80 77 74 71 68 67 65 64 63 62 61 60 59 58 57 57 58 62 71 85 102 120 135 148 159
95 100 101 96 91 87 83 81 81 82 83 84 85 85 86 86 87 88 90 92 94 96 98 100 102 105 108 112 116 120 123 125 125 124 122 118 114 110 105 100 96 92 88 86 85 84 85 85 86 87 88 88 89 89 90 90 90 89 89 88 87 86 84 83 82 81 80 78 77 76 75 74 74 75 76 78 80 82 85 89 93 97 100 103 106 107 107 105 103 99 95 92 88 85 81 78 75 71 69 67 65 64 63 62 61 60 59 58 57 56 56 57 62 71 85 101 117 131 143 154
107 111 111 106 99 91 84 81 79 80 81 82 83 84 84 85 86 87 88 90 91 93 95 97 99 101 104 108 112 117 120 123 124 123 121 119 116 112 107 103 98 95 91 89 87 86 86 86 86 86 86 85 85 85 85 85 85 83 83 82 81 80 80 79 79 79 78 77 76 76 75 75 76 77 78 80 82 85 88 92 95 98 101 104 105 106 105 103 100 97 93 89 86 82 79 76 72 69 67 65 63 62 61 60 60 59 57 56 55 54 54 57 62 71 83 99 114 128 138 147
116 119 118 112 103 93 84 79 77 78 79 80 81 82 83 84 85 85 86 87 89 90 92 94 96 98 101 105 109 114 117 120 121 121 121 119 117 114 110 106 101 97 94 91 89 88 87 86 86 85 84 83 82 81 80 80 79 78 78 77 76 76 75 75 76 76 76 75 75 75 76 76 77 79 80 83 85 88 91 94 97 99 102 103 104 104 103 100 98 94 90 87 83 80 77 73 70 67 65 63 62 61 60 59 58 57 56 55 54 53 54 57 61 69 81 94 109 122 132 140
126 127 125 117 105 92 82 76 75 75 77 78 80 81 82 83 84 84 85 85 86 88 89 91 93 95 98 101 105 110 114 117 119 120 120 120 118 116 113 109 105 101 97 93 91 89 87 86 85 83 82 81 79 78 77 76 75 74 74 73 72 72 72 73 73 74 74 74 75 75 76 77 79 81 83 85 88 91 93 96 98 100 101 102 102 102 100 97 95 91 88 84 81 78 74 71 68 66 64 62 61 60 59 58 57 56 55 53 52 52 53 57 62 69 78 89 102 115 126 134
134 132 128 118 105 92 81 74 72 73 75 76 78 79 80 82 83 83 83 84 85 85 87 89 91 93 96 99 103 107 111 114 117 118 119 120 119 117 115 112 109 105 101 96 93 90 88 86 84 82 80 79 77 75 74 73 72 72 71 71 71 70 71 71 72 72 73 74 74 76 77 79 81 83 86 88 91 93 96 98 99 100 101 101 101 99 97 95 92 89 86 82 79 76 72 69 66 64 62 61 59 58 58 57 56 54 53 52 51 52 53 55 59 65 73 84 95 107 118 126
137 132 124 115 103 90 80 74 71 71 72 74 76 77 78 80 81 82 82 82 83 84 85 87 88 91 94 97 101 105 108 112 114 115 118 119 120 119 118 115 112 109 105 100 96 93 90 87 84 82 80 78 75 74 73 72 72 71 71 70 71 71 71 72 73 73 74 75 76 78 80 82 84 87 89 92 94 96 97 99 100 100 100 100 99 98 95 92 90 87 84 81 77 74 71 67 65 62 61 59 58 57 56 55 54 53 52 51 50 51 52 54 58 63 70 78 87 98 108 116
136 129 120 110 100 89 80 73 70 69 70 72 73 74 76 78 80 80 80 81 81 82 83 85 87 89 92 95 99 103 106 109 111 113 116 118 120 120 120 118 116 113 109 105 101 97 94 90 87 84 81 79 77 75 75 74 73 73 73 72 73 73 74 75 76 76 77 78 80 81 84 86 88 91 93 95 97 98 99 99 100 100 99 98 97 95 93 90 88 85 82 79 76 72 69 66 63 61 59 58 57 56 55 54 52 51 50 50 50 51 52 54 57 60 64 70 79 87 96 105
131 123 115 105 96 87 79 73 69 68 69 70 71 72 73 76 77 78 79 79 80 81 82 83 85 87 90 94 97 101 104 107 109 111 114 117 119 120 121 120 119 118 115 111 107 103 100 96 92 89 86 83 81 79 78 78 77 77 77 77 77 78 79 80 81 82 83 84 86 87 89 92 94 96 97 98 99 100 99 99 99 99 98 97 95 93 91 89 86 83 80 77 74 70 67 64 62 59 58 57 55 54 53 52 51 50 49 49 50 51 52 53 55 57 60 65 72 79 88 96
127 117 108 98 91 85 79 74 70 69 68 68 69 69 71 73 75 76 77 78 79 80 81 82 84 86 89 92 96 100 102 105 107 110 113 115 118 120 121 122 122 121 119 116 113 109 106 103 99 96 92 89 87 86 85 84 83 84 83 83 84 84 86 87 88 89 90 91 93 94 96 97 99 100 101 101 101 101 100 99 98 97 97 96 94 92 89 87 85 82 79 75 72 68 65 62 60 58 57 55 54 53 52 51 50 49 48 49 50 51 52 53 54 55 58 61 65 72 79 86
120 110 101 91 86 82 79 76 73 70 68 67 67 67 68 70 72 73 75 76 77 79 80 81 83 85 87 91 94 98 101 104 106 108 111 114 117 119 121 122 123 123 122 121 119 116 113 110 107 104 100 97 95 94 93 92 91 92 92 92 92 92 93 95 97 98 99 100 101 102 103 103 104 105 104 103 102 101 100 98 97 96 95 94 92 90 88 85 83 80 77 74 70 67 64 61 59 57 55 54 53 51 50 49 48 48 48 49 50 51 52 52 53 53 54 56 60 66 72 78
114 103 94 85 81 80 78 78 76 73 69 67 66 66 66 68 70 71 73 74 76 77 79 80 82 84 86 89 93 96 100 103 105 107 110 112 115 118 120 122 124 125 126 125 124 122 120 117 115 113 109 106 105 103 102 100 100 100 100 100 101 101 101 103 105 106 107 108 108 109 109 109 109 108 107 105 103 102 100 98 96 94 93 92 90 88 86 83 81 78 75 71 68 65 62 59 57 55 54 53 51 50 49 48 47 47 48 49 50 52 52 52 51 50 50 52 56 60 64 69
107 96 86 78 76 76 77 79 79 76 72 69 67 65 64 66 68 70 71 73 74 76 78 79 80 82 85 88 91 95 98 101 104 106 108 111 113 116 119 121 124 126 127 128 127 126 125 123 121 120 117 115 114 112 111 109 108 109 109 109 109 109 109 110 111 112 113 114 114 114 114 113 112 110 109 107 104 102 99 97 95 93 91 90 88 86 84 81 79 76 73 69 66 63 60 58 56 54 53 51 50 49 47 47 46 47 48 49 51 52 52 51 49 47 45 46 50 54 58 62
98 86 79 74 73 74 77 80 81 79 75 70 67 65 63 63 65 67 70 71 73 75 76 78 79 81 83 86 89 93 96 100 102 105 107 109 112 115 117 120 123 126 128 129 129 128 128 127 126 125 124 122 122 120 119 117 116 116 116 116 116 116 116 116 117 118 118 119 118 117 116 115 114 112 110 107 105 102 99 97 95 92 90 88 86 84 82 79 76 73 70 67 64 61 58 56 54 53 51 50 48 47 47 46 46 47 48 50 51 52 52 50 48 45 42 42 43 47 51 54
91 81 75 71 71 73 78 82 83 82 78 72 68 65 63 63 64 66 69 70 72 73 75 76 78 80 82 85 88 92 95 98 101 103 106 108 110 113 116 119 122 125 127 129 130 130 129 129 128 128 128 127 127 126 124 123 122 121 121 122 122 121 120 120 121 121 121 121 120 119 118 116 114 112 110 107 104 102 99 96 94 91 89 87 85 82 80 77 74 71 68 64 61 59 57 55 53 51 50 48 47 46 46 46 46 47 49 50 51 52 51 49 47 43 40 38 39 42 45 48
85 78 72 69 69 72 76 82 84 84 82 76 71 67 64 62 63 65 66 68 70 71 73 74 76 78 80 83 87 90 93 97 100 102 105 107 109 112 115 118 121 123 126 128 129 130 130 129 129 130 130 130 130 129 128 127 126 126 126 126 126 125 124 123 123 123 122 121 120 119 117 115 113 111 109 106 104 101 98 95 93 90 88 85 83 81 78 74 71 68 65 62 59 57 55 53 51 50 48 47 46 45 45 46 47 48 49 51 51 52 51 48 45 41 38 36 36 37 39 42
82 75 70 68 69 72 77 82 85 86 84 80 74 69 65 63 62 63 65 66 68 69 71 72 74 76 78 81 84 88 91 95 98 101 103 106 108 110 113 115 118 121 124 126 128 129 129 129 129 130 131 132 132 132 131 130 130 130 130 130 129 128 126 125 124 123 122 121 119 118 115 114 112 110 107 105 102 99 96 93 91 89 86 84 81 79 75 72 69 65 62 59 56 54 53 51 49 48 47 45 45 45 45 46 47 48 49 51 51 51 50 47 44 40 36 34 33 34 35 38
79 73 69 68 70 73 77 82 85 87 86 82 76 71 66 63 62 62 63 64 65 67 69 70 72 74 76 79 82 86 89 93 96 99 101 104 106 108 111 114 117 119 122 124 126 128 128 129 129 130 131 132 133 133 133 133 133 133 133 133 132 130 128 127 125 123 122 120 118 116 113 112 110 107 105 102 100 97 94 92 89 87 84 82 79 76 73 70 66 62 59 56 53 52 50 49 47 46 45 44 44 44 45 46 47 49 50 51 51 50 49 46 42 38 35 32 31 32 33 35
77 72 68 68 70 73 77 80 84 87 88 84 79 73 68 63 61 61 62 62 63 64 66 68 70 72 74 77 80 83 87 91 94 96 99 102 104 107 109 112 114 117 120 122 124 126 127 128 128 130 131 132 133 134 134 134 135 135 135 135 134 132 130 127 125 123 121 118 116 113 111 109 107 105 102 99 97 94 91 89 86 84 82 79 77 74 71 67 63 59 56 53 51 49 48 46 45 44 44 43 44 44 45 46 47 49 50 50 50 50 47 44 40 36 33 30 29 29 31 32
75 71 70 70 71 73 77 80 83 86 88 86 82 77 71 64 61 60 59 59 60 62 63 65 67 69 72 74 77 80 84 88 91 94 97 99 102 104 106 109 111 114 117 120 122 124 125 127 128 129 130 132 133 135 135 135 136 136 136 135 134 132 130 127 124 122 120 117 114 111 108 106 104 102 99 97 94 91 89 86 84 81 79 77 74 72 68 64 60 56 53 50 48 47 45 44 43 43 42 43 43 44 45 46 48 49 50 50 50 48 46 43 39 35 31 29 28 27 28 31
74 72 71 71 72 74 78 80 82 85 87 87 85 81 75 67 62 60 59 58 58 59 60 62 64 67 69 71 74 78 81 85 88 91 94 96 99 101 103 106 108 111 114 117 120 122 124 125 127 128 129 131 132 134 135 136 136 136 136 135 133 131 128 126 123 120 118 115 112 109 106 103 101 98 96 93 90 88 86 83 81 78 76 73 71 68 64 61 57 54 50 48 46 44 43 42 42 41 42 42 43 44 45 47 48 49 49 49 49 47 45 41 37 33 30 28 27 26 27 29
74 73 73 73 73 75 78 80 81 83 86 87 86 84 79 71 65 61 58 56 56 56 57 59 61 63 66 68 71 75 78 82 85 88 91 93 96 98 100 103 105 107 110 113 116 119 121 123 125 126 127 128 130 132 133 135 135 135 135 133 131 129 126 123 121 118 116 113 110 106 103 100 97 95 92 89 87 85 83 80 78 76 73 70 67 64 61 57 54 51 48 45 43 42 41 41 40 41 42 43 44 44 46 47 48 48 49 48 47 45 42 39 36 32 29 27 26 25 26 28
75 74 74 73 73 74 76 79 81 82 85 86 86 85 82 75 68 62 58 56 54 54 54 56 58 60 62 65 68 72 75 78 81 84 87 90 92 94 96 99 101 104 107 109 113 116 118 120 122 123 124 126 127 128 130 132 132 132 132 130 128 126 123 120 118 116 113 110 107 104 101 98 95 92 89 86 84 82 80 78 76 73 70 67 64 61 57 54 51 48 45 43 41 40 40 40 40 40 42 43 44 45 46 47 48 48 48 47 46 43 41 38 34 31 28 26 25 25 26 28
76 76 75 74 73 74 76 79 80 81 84 85 86 86 84 79 73 65 59 56 54 52 52 53 54 56 59 61 64 68 71 75 78 81 84 86 89 91 93 95 97 100 103 106 109 112 114 117 118 120 121 123 124 125 126 128 128 128 127 126 124 122 120 117 115 112 110 108 105 101 98 95 92 89 86 83 81 79 77 75 73 70 67 64 61 57 54 51 48 46 43 41 40 39 39 39 39 40 42 43 44 45 46 47 47 47 47 46 44 42 39 36 33 30 27 26 25 25 26 28
78 79 78 76 74 74 77 78 78 79 81 84 85 86 85 82 77 69 62 57 54 52 51 51 51 53 55 57 60 64 67 71 74 78 80 83 85 87 90 92 94 96 99 101 105 107 110 112 115 117 118 119 120 121 122 124 124 124 123 121 120 118 116 114 112 109 107 105 102 98 95 92 89 85 82 80 78 76 74 72 70 67 64 60 57 54 51 48 46 43 41 40 39 38 38 38 39 40 42 43 44 45 46 46 47 46 46 44 43 40 37 35 32 29 27 26 26 26 27 29
80 81 80 78 75 74 76 75 76 77 79 82 84 85 86 84 81 74 66 60 55 52 50 49 49 50 51 53 56 59 63 67 70 74 77 79 82 84 86 88 90 92 94 97 100 103 105 108 110 113 114 115 116 117 118 119 118 118 118 117 115 113 112 110 108 106 104 101 98 95 91 88 85 83 80 77 75 73 71 69 67 64 61 57 54 51 48 46 43 41 40 39 38 38 38 39 40 41 42 43 44 45 46 46 46 45 44 43 41 38 36 33 30 28 26 26 26 27 28 30
82 83 82 80 77 75 74 74 74 75 77 80 82 83 85 85 83 78 71 65 58 53 50 48 47 47 48 50 52 55 58 62 65 69 72 75 78 80 82 84 86 88 90 93 96 98 100 103 105 108 110 111 112 112 113 114 113 113 112 111 110 108 107 106 104 102 100 98 94 91 87 84 82 79 76 74 72 70 68 66 63 61 58 54 51 48 45 43 41 40 39 38 37 38 38 39 40 41 42 43 44 44 45 45 45 44 43 41 39 36 34 32 29 27 27 27 27 28 29 31
85 85 84 82 79 75 73 73 73 73 75 77 79 81 83 85 84 81 76 69 62 56 51 48 46 45 46 47 49 51 54 58 61 65 68 71 73 76 78 80 82 84 86 88 91 93 95 97 99 102 104 105 106 107 107 108 108 108 107 106 105 103 102 102 100 98 96 93 90 87 83 80 77 75 73 71 69 67 65 62 59 57 54 51 48 45 43 41 40 38 38 37 38 38 39 40 41 41 42 43 44 44 44 44 44 43 41 39 37 35 32 30 29 28 27 27 28 29 30 32
87 85 85 84 80 76 74 73 72 72 73 74 76 79 81 84 84 82 79 74 67 59 53 49 46 44 44 44 46 48 50 53 56 60 63 66 69 71 73 76 78 80 82 83 86 87 89 92 94 96 98 99 100 101 102 103 102 102 102 100 99 98 98 97 95 93 91 88 86 82 79 76 73 71 69 67 65 63 61 58 56 53 50 48 45 42 40 39 38 37 37 37 38 39 39 40 41 42 42 43 44 44 44 43 42 41 40 37 35 33 31 29 28 28 28 28 29 30 32 35
88 86 85 84 81 77 74 72 71 71 70 71 73 76 79 82 83 83 81 78 72 64 57 51 47 45 43 43 43 44 46 49 52 55 58 61 64 66 69 71 73 76 77 79 81 82 84 86 88 90 92 93 94 95 96 97 97 97 96 95 94 93 92 91 89 88 86 83 81 77 74 71 68 66 64 62 60 59 57 55 52 49 47 44 42 40 38 37 37 36 37 37 38 39 40 40 41 42 42 43 43 43 43 42 41 40 38 36 34 32 29 28 27 27 28 29 30 32 34 37
89 86 85 85 82 78 74 71 69 67 67 67 69 72 76 79 82 83 82 80 76 69 62 55 50 46 43 42 41 42 43 45 47 50 53 56 59 61 64 66 68 70 72 74 75 76 78 80 82 84 86 86 87 88 89 91 91 91 90 89 88 87 86 85 83 82 80 77 75 72 69 67 64 62 60 58 56 55 53 51 48 46 43 41 40 38 37 36 36 36 37 38 39 39 40 41 41 42 42 42 43 42 42 41 40 38 36 34 32 30 28 27 27 27 29 30 32 33 35 39
90 87 87 88 84 79 74 70 67 64 63 63 65 68 72 77 80 82 83 82 80 75 67 60 54 49 45 43 41 40 40 41 43 45 48 51 53 56 58 61 63 65 67 69 70 71 73 74 76 77 79 80 81 82 82 84 84 84 84 83 82 81 80 78 77 76 74 72 70 67 65 62 60 58 56 53 52 51 49 47 45 42 41 39 37 36 36 35 36 37 37 38 39 40 40 41 42 42 42 42 42 41 41 39 38 37 35 33 31 29 28 27 27 27 29 31 33 35 38 43
90 89 89 89 84 79 73 67 63 60 58 58 60 63 67 74 78 81 83 83 83 79 73 66 59 53 48 44 41 40 39 38 39 41 43 46 48 50 53 56 58 60 62 63 65 66 67 68 70 71 73 74 74 75 75 77 77 77 77 76 75 75 73 72 71 69 68 66 64 62 60 57 55 53 51 49 48 47 45 43 41 39 38 36 35 35 35 35 36 37 38 38 39 40 41 41 42 42 42 41 41 40 39 38 36 35 33 31 29 28 27 27 27 28 30 32 34 37 41 46
91 90 90 89 85 80 73 65 59 56 54 54 55 58 63 70 75 79 82 83 83 82 78 72 64 57 51 46 43 40 38 37 36 37 39 41 43 46 48 51 52 54 56 58 59 60 61 63 64 65 66 67 67 68 68 70 70 70 70 69 69 68 67 66 64 63 61 60 58 56 55 53 51 49 47 46 44 43 41 40 38 37 35 35 34 35 35 36 36 37 38 39 40 40 41 41 41 41 41 41 40 39 38 37 35 33 31 29 28 26 26 25 27 29 31 33 36 40 44 50
