61 67 75 75 75 84 93 98 103 108 108 112 117 120 123 126 129 132 134 136 139 142 143 144 145 146 149 152 155 160 163 162 162 167 173 175 176 173 171 168 164 161 166 173 173 169 162 157 158 165 167 166 166 167 170 172 172 172 171 172 171 171 169 165 164 167 168 169 167 165 167 170 171 170 168 170 175 181 183 181 174 172 175 171 167 167 167 169 167 163 159 158 158 155 152 151 150 150 148 147 145 142 140 137 134 129 122 116 107 100 91 83 74 66 59 51 41 32 26 23
63 71 73 74 81 89 94 99 104 107 110 116 122 124 125 126 129 131 134 138 140 142 143 143 144 146 148 150 155 161 165 166 167 171 176 178 177 173 172 170 165 159 161 169 171 169 166 162 162 163 163 165 167 168 170 172 173 172 170 170 169 168 167 163 165 166 166 169 166 164 165 166 168 170 168 169 175 180 181 177 172 173 176 173 170 168 169 170 168 164 160 159 159 155 152 151 150 150 149 149 146 144 141 139 137 132 127 121 116 109 100 91 79 71 64 57 47 37 30 26
65 70 73 79 86 89 93 101 107 111 116 120 125 126 126 127 129 133 135 137 139 141 142 143 145 147 150 153 159 163 166 167 168 171 176 177 176 174 174 171 165 158 157 162 165 167 165 162 165 165 163 163 165 167 169 171 173 172 169 167 166 165 165 164 165 165 164 162 162 163 161 163 165 166 166 169 175 180 179 172 169 174 177 175 172 171 171 171 168 164 161 160 158 155 152 150 150 150 150 149 146 145 143 141 137 133 129 126 123 117 108 99 87 77 68 62 52 43 34 28
66 71 75 80 87 93 101 107 111 114 117 120 123 126 128 130 131 133 134 135 137 140 141 144 145 147 151 156 160 163 167 170 171 172 174 175 176 176 175 172 169 163 161 165 168 169 166 162 165 166 163 163 164 167 170 172 173 170 165 162 163 163 165 170 169 164 162 159 157 157 157 160 162 160 161 166 175 179 176 170 170 175 178 176 173 173 172 171 168 164 161 159 156 154 152 149 149 150 150 149 147 144 142 141 138 134 132 128 124 121 115 106 94 83 71 65 56 47 39 32
70 70 76 85 94 101 105 107 109 113 117 121 125 128 130 131 132 133 134 135 137 139 141 144 147 148 152 155 159 163 168 170 173 174 174 176 179 177 174 173 172 170 167 166 167 167 161 157 160 162 163 164 163 166 171 172 172 168 161 157 161 162 167 173 171 162 160 159 156 156 157 157 156 153 155 164 173 175 172 167 170 174 178 177 175 173 172 170 167 163 160 158 155 152 151 148 148 148 148 148 147 144 141 142 142 137 132 128 125 123 121 112 101 91 77 67 59 50 42 34
68 74 85 93 98 102 105 109 112 116 120 123 126 128 130 132 133 134 135 137 138 140 143 146 149 150 153 156 160 164 168 170 173 173 173 175 174 170 169 170 171 174 173 171 170 167 164 164 162 161 166 164 160 162 165 165 167 166 161 157 159 162 164 167 168 162 159 159 157 154 156 157 153 150 153 163 172 173 169 164 169 174 178 180 177 172 170 168 165 161 159 157 153 151 149 147 146 146 146 145 145 144 141 142 143 140 134 129 126 124 123 118 108 97 84 72 63 54 46 38
73 85 91 94 99 104 110 113 116 118 121 122 123 126 129 131 132 133 136 137 137 137 140 143 147 150 153 157 162 165 169 172 174 174 173 173 171 168 168 169 171 175 177 176 173 168 168 172 172 165 162 162 159 159 159 156 158 162 162 158 157 159 158 157 158 158 157 156 158 155 157 157 155 155 157 164 173 174 167 162 165 173 178 181 176 169 165 163 160 157 156 155 153 150 148 146 145 144 143 145 145 145 144 142 142 141 137 133 129 125 124 121 115 104 94 80 68 59 50 41
84 90 94 99 104 108 112 115 117 119 120 121 123 125 129 131 130 131 133 134 133 134 138 142 147 151 154 157 162 165 167 169 171 172 172 171 170 169 169 170 171 176 179 178 175 172 172 173 173 166 160 160 157 156 154 150 150 156 159 157 155 157 156 153 151 153 155 155 156 154 157 160 162 162 162 166 174 173 166 160 160 169 179 179 172 164 159 157 155 153 153 154 154 151 148 145 143 141 141 145 146 146 146 143 141 141 140 138 135 130 125 122 119 111 103 92 78 65 54 44
90 95 100 105 107 110 112 116 119 120 120 121 123 125 128 129 128 129 129 130 131 134 138 142 146 151 154 156 160 164 166 167 168 169 169 167 168 167 166 166 167 173 178 179 176 173 173 170 167 163 160 159 155 153 151 147 147 152 155 154 154 155 155 153 151 150 152 155 154 151 155 162 166 162 162 165 169 166 163 158 157 166 174 172 167 160 153 150 149 149 150 151 152 150 147 143 141 139 138 141 145 147 147 146 144 142 143 142 140 135 129 125 122 115 109 103 90 77 65 52
94 100 104 107 109 111 114 117 119 118 118 118 121 123 125 125 125 126 127 127 131 136 139 141 144 149 156 158 160 163 165 166 166 167 165 165 166 164 161 161 162 170 175 174 172 171 171 165 158 157 156 153 151 150 150 147 144 146 149 150 151 152 151 151 149 147 148 154 151 147 148 153 155 154 158 162 164 158 154 152 155 164 167 163 160 155 148 143 142 145 147 149 149 149 147 141 138 137 136 137 141 144 146 148 147 146 147 146 142 137 132 128 124 119 113 109 102 92 81 67
101 104 106 106 108 112 114 115 115 115 116 118 120 121 121 121 121 122 124 125 129 133 135 137 141 148 155 158 160 162 164 165 167 167 165 163 162 160 159 160 163 167 170 168 167 167 164 156 150 150 149 147 146 148 148 144 139 138 141 145 147 148 147 145 145 146 148 149 145 142 142 145 145 146 151 155 155 151 145 141 146 156 161 158 154 149 142 139 139 141 142 144 143 143 143 138 134 134 134 133 135 139 143 145 147 148 149 148 145 139 133 128 125 123 117 111 108 103 94 83
106 106 105 106 109 111 112 112 113 114 117 119 120 119 118 117 118 118 119 122 125 128 129 132 137 143 147 151 155 157 160 163 165 165 163 159 157 156 157 158 158 158 157 156 156 155 152 149 144 142 142 142 143 145 145 140 135 133 135 139 143 144 143 139 140 144 146 142 138 137 137 137 136 140 146 147 147 146 141 136 136 143 148 147 146 142 136 135 137 139 139 140 139 135 134 133 130 129 129 129 130 134 137 139 142 146 148 149 146 141 135 129 126 123 120 116 114 112 106 96
105 106 107 107 107 109 111 113 115 116 117 118 118 116 114 114 115 116 116 119 122 123 124 128 133 136 139 145 149 150 153 155 156 156 157 155 153 155 154 152 152 151 147 145 148 149 150 146 139 137 137 137 139 141 141 140 137 134 135 138 139 140 140 138 139 143 144 137 132 132 131 129 128 133 139 138 136 137 139 135 132 134 137 138 139 138 132 129 130 133 134 135 135 130 123 123 122 121 121 123 124 126 129 132 136 140 144 145 144 140 135 131 127 125 122 119 117 115 113 107
105 108 108 106 107 109 112 113 113 114 115 114 113 111 109 109 111 112 113 114 116 116 118 122 127 129 132 139 143 144 146 144 143 145 148 147 145 151 151 147 148 146 140 138 141 143 143 139 135 133 133 136 138 137 137 138 137 135 135 136 137 138 138 137 139 139 136 130 127 127 124 121 122 125 129 129 128 130 132 132 131 130 132 134 132 128 124 123 122 123 123 124 126 124 116 112 111 111 111 113 116 118 121 125 129 133 138 140 140 138 134 132 131 127 123 120 119 118 115 111
108 108 107 108 109 110 111 109 110 113 113 109 106 105 104 103 104 105 105 106 107 109 112 116 120 122 124 129 133 135 135 133 132 135 139 137 138 144 144 141 140 136 133 134 134 136 136 133 129 127 129 134 135 134 136 138 138 135 134 136 137 137 137 136 138 136 132 126 124 124 119 117 119 120 122 122 124 127 127 127 127 126 124 125 120 113 111 111 109 108 108 109 112 112 107 102 100 100 98 99 103 108 111 115 123 129 131 134 136 136 134 132 130 128 124 120 121 122 120 115
110 109 109 109 109 109 108 107 110 112 108 103 101 99 97 95 95 97 98 98 100 103 105 106 107 109 112 116 120 121 123 124 125 128 130 131 134 135 134 133 131 128 128 128 128 132 132 129 125 125 129 132 132 132 134 135 135 135 135 134 134 135 136 135 134 132 127 122 121 120 115 113 115 115 117 116 116 117 117 117 116 115 113 111 105 96 92 93 93 93 93 92 94 94 93 90 87 86 86 85 85 92 99 103 109 119 124 127 131 132 131 130 128 126 125 122 122 124 124 119
110 110 110 109 107 107 106 106 107 104 100 98 94 88 83 80 82 86 87 88 89 91 91 93 94 96 98 100 104 105 107 110 112 113 115 118 121 122 123 124 124 124 123 121 122 126 128 125 121 123 128 130 131 131 132 134 134 133 135 134 133 134 135 133 131 130 125 120 119 119 114 111 111 110 109 109 106 106 108 109 106 101 97 93 87 80 78 77 74 74 75 75 75 76 76 72 70 71 74 74 72 75 82 89 96 103 112 119 124 125 126 125 126 124 123 123 122 125 125 122
109 108 107 106 105 104 102 102 99 94 92 90 82 74 70 69 69 69 70 72 72 71 71 74 76 80 80 80 83 85 89 93 95 97 99 102 106 109 111 112 116 119 118 116 116 118 120 120 118 121 125 127 128 128 129 132 133 132 134 135 134 133 131 131 131 129 124 119 117 115 112 109 107 103 100 98 95 96 97 95 92 86 79 71 65 62 60 56 51 51 54 55 55 56 59 57 57 59 62 65 65 64 66 73 83 91 97 105 112 117 119 119 120 121 120 122 124 125 125 124
108 108 104 101 99 97 98 95 87 84 83 78 70 64 62 61 60 57 56 55 52 51 52 54 54 55 56 59 62 65 68 73 78 81 81 84 89 93 95 95 99 105 106 106 106 107 109 112 114 117 121 123 125 126 125 127 130 130 132 134 132 131 128 127 128 126 121 117 114 111 107 102 97 92 90 88 87 88 86 81 75 68 60 53 48 45 43 41 38 38 39 40 40 40 42 43 44 46 49 53 56 57 58 61 68 78 87 94 98 102 107 111 113 117 120 121 124 126 125 124
106 104 99 96 93 91 90 80 73 74 74 69 63 60 59 56 53 51 48 45 43 41 41 39 38 39 41 44 45 44 44 47 50 53 55 59 64 71 75 77 82 90 95 96 96 97 101 106 110 114 118 121 125 126 126 127 128 128 129 131 131 130 126 124 125 123 118 114 111 107 102 97 92 86 83 80 79 78 74 67 59 51 44 42 39 39 40 38 34 32 32 33 33 32 32 34 35 38 40 41 45 50 55 61 62 65 73 82 88 90 93 98 103 109 116 119 122 125 124 124
103 99 94 90 84 79 74 66 67 70 69 64 58 56 57 55 52 48 44 40 37 35 32 31 30 30 31 31 30 29 29 29 30 32 34 36 40 47 56 65 69 77 88 92 90 92 96 99 105 110 115 118 121 123 126 127 128 127 127 128 128 127 123 121 124 123 118 114 109 105 101 96 89 83 79 73 70 67 62 57 51 46 40 38 40 42 40 37 34 32 32 33 32 33 33 33 35 38 40 42 44 47 52 63 66 63 63 68 77 82 82 84 90 98 107 115 120 123 124 123
98 92 89 84 75 67 65 66 71 71 66 62 59 57 56 55 51 46 41 37 34 32 31 29 29 28 28 26 25 26 27 28 29 30 30 30 32 37 43 50 54 61 73 80 81 84 90 93 98 106 114 118 121 123 125 127 128 128 128 129 126 125 121 120 122 121 116 114 109 105 103 96 86 79 76 70 65 60 56 53 48 44 40 40 42 44 44 42 39 37 36 36 36 37 39 41 42 44 46 49 50 51 54 61 65 67 66 67 71 75 78 80 82 89 100 110 117 121 124 124
92 88 84 76 66 62 64 70 72 70 66 64 63 60 56 53 49 47 46 44 41 40 39 37 36 35 33 31 30 31 32 34 35 35 34 33 35 37 39 43 48 53 62 69 72 78 86 90 95 104 113 118 122 124 126 127 128 128 128 128 127 125 124 123 122 119 115 113 110 107 104 97 84 73 71 67 62 58 56 52 46 45 44 46 48 51 51 48 45 45 44 44 44 47 49 52 53 55 58 61 62 63 63 65 67 70 74 77 79 79 79 80 81 85 95 103 113 120 124 125
90 84 76 66 63 66 71 76 77 76 75 74 71 66 61 58 56 56 57 56 54 52 49 47 46 45 44 41 39 38 38 40 41 41 41 40 40 41 42 46 51 54 59 68 71 74 82 87 95 106 115 120 123 125 127 130 130 131 129 126 125 123 124 125 121 117 115 113 110 108 105 97 81 68 65 63 58 56 56 53 51 50 49 53 58 60 57 56 55 56 55 55 54 55 58 64 69 72 78 82 83 82 83 83 83 85 90 94 96 97 95 92 91 90 90 98 109 117 123 125
86 75 67 64 71 79 82 85 86 87 89 89 87 83 78 75 73 76 76 73 70 67 64 60 59 58 57 55 52 50 49 50 51 51 51 49 48 49 48 49 53 57 61 68 73 75 81 89 98 107 115 120 123 126 128 129 132 133 131 126 122 121 123 121 116 114 114 112 109 107 102 93 78 67 64 63 59 58 59 59 57 57 57 61 65 67 66 67 67 67 67 67 69 74 78 85 89 90 92 95 96 98 101 104 110 115 119 121 120 118 116 111 108 102 94 96 106 115 122 124
77 68 67 72 80 88 92 95 97 98 100 103 106 103 98 93 91 93 95 94 92 88 86 84 81 79 77 73 68 65 63 63 64 64 63 60 58 58 56 56 59 64 68 71 74 76 84 93 102 109 115 120 122 125 126 128 132 134 131 128 125 124 123 118 114 113 114 114 110 107 101 92 78 70 68 66 64 63 65 65 64 65 67 69 71 73 74 75 77 81 85 87 92 97 99 100 100 101 103 106 108 111 113 117 123 131 137 138 136 134 132 128 123 113 103 100 106 114 122 126
72 70 75 82 88 92 99 104 105 105 103 104 108 109 108 105 103 103 103 103 104 102 101 100 97 95 94 90 86 82 79 77 75 74 72 68 67 66 64 65 69 71 72 73 74 80 88 96 105 112 117 120 122 124 126 129 132 132 132 127 123 121 121 117 113 114 115 115 113 109 101 92 81 75 73 72 71 71 71 71 70 71 73 74 76 79 80 83 87 92 97 102 108 111 109 107 106 108 111 113 115 117 120 124 130 136 141 144 142 138 134 131 126 119 111 108 110 114 122 128
76 78 83 87 89 94 99 103 104 107 108 107 107 108 108 107 107 107 107 108 108 108 109 109 107 104 103 100 96 93 90 88 84 81 78 75 74 74 73 73 75 76 74 75 78 82 88 95 103 111 115 118 120 122 124 126 129 131 131 126 120 118 120 118 115 116 117 115 114 109 102 95 85 79 78 77 76 76 75 73 72 73 75 78 81 85 88 91 95 100 103 108 112 114 113 111 111 113 116 118 120 122 123 127 133 139 143 145 144 141 136 131 125 121 117 114 113 116 124 130
80 83 86 86 88 92 97 101 101 103 106 108 108 107 106 105 106 108 110 111 113 113 114 115 114 112 111 108 104 100 97 94 91 87 83 80 80 80 79 78 78 78 77 78 82 84 88 92 99 106 111 115 118 119 120 123 126 128 129 128 122 118 117 118 118 118 117 116 113 108 102 96 89 83 81 79 79 79 78 77 77 78 80 83 86 91 94 98 102 106 109 114 116 116 114 114 115 116 119 120 121 123 126 128 131 135 139 139 139 138 134 129 126 124 120 118 116 119 126 131
86 87 89 89 90 94 98 101 101 101 103 105 106 106 106 106 107 108 110 112 114 116 117 117 117 116 115 113 110 108 104 101 97 93 88 85 84 84 83 82 81 80 80 81 84 88 91 94 98 102 109 114 116 118 120 123 125 128 131 131 126 122 120 120 120 118 117 116 115 112 106 99 90 85 82 80 79 79 79 80 80 82 84 87 91 95 98 101 106 109 112 116 118 117 116 115 115 117 118 118 120 122 126 129 131 134 135 135 134 133 131 128 126 124 122 121 120 123 130 135
92 91 92 94 95 96 97 99 100 101 103 105 107 108 108 108 108 108 110 113 117 119 119 119 119 120 119 116 113 111 107 104 101 96 93 90 88 88 86 84 82 81 81 82 85 89 92 93 96 100 106 110 114 119 123 126 127 131 133 130 128 127 125 123 121 120 120 120 120 118 112 101 91 86 82 80 79 79 80 82 84 86 89 90 93 97 100 104 109 112 114 116 118 117 117 117 117 118 118 118 120 122 125 127 131 134 135 133 132 131 129 128 125 124 124 124 124 127 135 140
97 95 95 96 97 98 98 100 101 102 102 105 108 108 108 107 106 107 109 112 116 118 117 116 118 120 119 117 115 112 108 106 103 100 96 94 92 91 89 86 83 81 81 82 84 88 91 93 97 100 104 109 114 120 126 129 131 134 134 131 131 129 125 122 121 122 121 120 120 119 112 100 90 85 81 79 78 79 81 83 86 89 90 91 94 97 100 103 106 109 111 112 114 115 116 117 116 117 116 117 118 120 122 124 128 132 133 132 131 129 127 126 126 126 126 127 128 133 140 143
100 98 96 95 96 97 99 100 101 101 101 103 105 105 105 105 105 104 102 105 111 115 115 116 117 118 117 115 113 111 109 107 105 101 98 96 95 94 92 88 83 81 80 81 83 87 90 94 99 102 106 110 115 122 128 131 133 136 136 135 134 131 126 121 121 122 120 118 116 113 107 98 90 84 80 78 78 79 81 83 85 87 89 89 91 93 96 98 99 102 104 107 109 112 114 114 112 113 112 113 116 119 121 122 126 128 129 129 128 127 125 125 125 127 128 130 133 139 144 147
101 100 97 95 94 95 96 97 98 99 99 100 101 102 101 101 101 99 95 98 106 110 112 114 113 111 110 110 109 108 106 104 102 100 97 96 95 94 91 87 83 79 78 80 82 86 91 95 100 104 109 113 118 123 129 132 134 136 136 136 136 135 130 124 123 126 125 123 118 111 106 97 89 83 79 79 80 81 82 83 84 85 85 85 85 87 89 91 92 95 96 98 101 104 106 105 103 104 104 105 109 113 117 120 123 124 123 123 124 124 124 125 126 129 132 135 140 145 149 151
103 100 98 95 92 92 93 93 94 94 95 95 95 94 92 90 90 88 88 91 96 101 102 102 102 101 100 100 100 98 97 97 96 96 95 94 93 90 88 85 81 78 78 79 81 85 91 96 101 106 111 115 120 125 130 134 134 134 135 136 137 137 132 128 130 132 131 128 123 116 108 97 88 83 79 80 82 82 83 82 82 81 80 79 79 80 81 82 84 86 88 91 95 98 99 100 102 100 98 98 100 104 107 110 114 116 118 119 120 120 121 123 127 131 135 140 146 150 154 155
105 100 97 94 90 89 89 87 87 87 87 87 85 83 82 81 82 83 86 89 92 97 99 99 98 96 93 92 92 91 89 88 87 88 90 90 89 87 85 84 81 79 78 79 81 86 93 98 104 108 112 117 122 128 134 137 137 136 137 139 140 141 138 135 137 136 133 130 125 117 107 96 87 81 79 80 82 83 82 81 78 75 73 72 73 75 77 81 84 87 91 96 102 108 112 112 113 109 106 108 110 112 112 111 110 109 110 112 114 114 117 121 126 132 138 145 152 156 158 158
106 99 95 92 87 84 83 81 80 79 79 79 79 79 79 80 82 83 85 87 88 91 95 97 95 90 87 86 86 85 83 80 78 78 80 83 85 84 83 82 82 80 80 81 83 87 94 100 106 110 114 118 123 130 137 140 141 141 142 143 143 144 143 141 142 139 135 132 125 116 106 95 86 80 79 80 82 82 81 77 74 70 67 67 69 72 75 78 80 83 86 88 92 97 103 105 104 101 103 109 115 121 124 124 119 112 107 106 106 108 111 117 124 133 142 151 158 161 159 158
107 98 92 87 82 78 77 74 72 71 71 74 75 75 74 73 73 74 74 74 72 73 75 77 74 70 68 68 68 66 66 66 67 68 70 74 78 80 80 81 82 82 83 84 85 89 95 101 106 111 114 117 122 131 138 141 143 144 145 145 145 147 147 147 147 145 142 136 127 117 106 95 86 81 81 81 82 81 79 74 69 63 60 60 60 62 62 61 61 65 66 65 66 69 75 78 78 81 86 93 100 107 111 112 112 108 102 98 97 100 105 112 123 135 146 157 163 164 160 158
109 99 90 82 76 72 68 64 62 62 62 63 63 61 59 57 57 57 56 55 51 49 47 48 45 43 41 41 41 38 40 44 48 53 56 60 67 74 77 81 84 85 85 86 88 92 97 101 105 111 114 114 122 133 140 143 146 148 150 150 150 151 151 151 153 152 148 141 130 118 107 96 87 82 83 83 83 82 78 71 60 51 48 47 45 41 37 32 28 30 31 28 29 30 35 39 45 53 58 63 72 78 81 82 83 83 82 82 84 90 99 111 125 140 153 163 167 167 163 160
113 102 91 80 71 65 59 54 51 50 47 47 46 44 42 41 40 40 38 35 29 27 23 20 18 17 16 16 17 15 17 21 28 33 37 43 52 64 74 82 86 88 88 89 91 95 100 103 107 113 115 117 125 136 143 146 149 151 153 153 154 157 156 154 155 156 151 143 133 121 109 99 90 87 88 87 88 87 79 62 45 35 32 32 26 19 14 10 9 9 9 8 9 11 14 24 39 42 36 36 39 41 43 46 49 51 55 59 68 82 99 117 133 148 160 168 171 170 167 164
119 109 97 85 75 64 55 47 42 37 32 30 29 28 27 27 28 28 29 28 22 18 13 9 8 9 8 8 8 9 10 14 21 24 25 27 34 49 67 81 89 91 92 93 95 99 103 107 112 117 121 125 131 139 145 149 152 155 156 157 159 163 162 159 159 159 155 147 138 126 114 104 96 93 93 92 94 93 75 47 31 27 27 30 25 16 12 10 9 9 9 9 9 11 15 29 46 50 42 35 26 22 22 24 28 33 39 48 63 83 106 126 141 154 164 171 173 173 171 169
125 117 105 94 84 72 59 48 40 31 25 23 22 21 21 23 27 31 35 39 30 21 14 10 10 10 9 9 9 11 14 20 29 32 27 24 26 34 53 80 94 95 96 98 100 103 107 112 117 123 128 132 137 142 147 152 158 161 162 163 168 170 168 165 164 164 160 153 144 132 121 112 105 102 100 98 102 97 70 40 32 33 38 42 35 23 17 14 12 12 11 10 11 12 15 30 55 64 53 40 32 26 24 24 25 29 36 49 67 89 113 132 146 157 165 171 174 175 175 173
131 123 113 103 94 81 67 55 43 34 27 24 24 25 27 30 33 39 45 50 45 30 19 14 13 12 12 12 14 17 21 29 40 42 37 31 32 33 44 77 100 101 101 104 106 109 112 116 122 127 133 137 141 144 148 156 163 167 167 168 172 174 171 169 169 168 165 158 150 138 129 120 113 109 107 104 105 99 75 54 50 50 50 50 45 36 28 22 18 16 14 15 16 18 20 32 52 59 53 45 40 38 37 36 36 39 45 58 75 96 117 135 147 157 164 169 173 175 176 175
134 127 119 110 100 87 75 62 49 39 34 33 33 34 36 39 40 44 51 58 58 45 33 26 22 19 19 21 23 27 32 40 49 51 48 45 47 47 48 74 101 106 106 111 114 116 118 121 126 130 135 141 145 148 151 158 167 173 172 171 176 178 174 172 173 173 170 163 155 146 137 129 121 117 113 108 104 102 93 78 72 70 66 63 62 59 52 43 36 30 27 29 33 35 37 41 49 55 56 54 54 57 60 60 61 64 66 72 84 100 119 135 147 157 163 167 171 173 175 175
135 130 123 114 105 95 84 70 59 52 48 47 47 48 51 52 50 51 56 62 65 60 51 43 39 35 33 34 36 43 49 56 61 61 61 62 63 65 67 82 100 106 110 116 120 122 123 126 130 134 138 143 149 153 156 160 170 178 175 172 178 183 178 174 175 176 173 166 159 153 145 135 128 123 119 113 107 102 99 93 88 83 79 78 78 78 74 66 59 53 48 51 55 55 55 55 60 65 67 69 76 81 87 92 96 100 103 104 109 117 126 137 149 158 163 167 169 171 173 174
135 130 123 115 111 100 90 82 74 66 64 64 63 66 70 68 63 63 65 68 68 67 63 61 61 57 55 55 57 61 66 70 74 76 77 81 83 86 91 97 101 107 115 121 125 127 128 130 134 137 141 145 150 156 160 165 174 182 179 176 182 187 183 178 179 179 176 169 163 157 151 141 134 130 126 119 112 105 99 92 87 83 82 81 82 83 83 80 76 73 70 73 76 77 77 77 82 85 87 92 101 106 112 119 122 125 125 126 131 137 140 143 150 158 164 167 168 171 172 173
136 131 125 119 114 106 99 95 87 79 77 77 78 81 82 81 77 75 76 77 78 75 70 70 71 71 71 71 69 70 74 78 83 85 85 87 88 91 96 100 104 110 118 125 130 132 132 134 137 141 143 145 149 157 164 171 180 187 186 183 186 191 187 182 182 182 179 172 165 159 155 147 139 136 133 127 120 112 104 95 87 82 81 81 81 82 83 83 84 84 84 86 91 93 95 97 99 100 102 107 115 119 124 130 132 134 134 135 141 148 152 154 156 160 165 168 170 172 172 173
138 133 127 122 118 113 109 106 97 90 87 85 85 86 87 87 87 87 88 88 89 83 77 77 77 77 77 77 75 77 79 80 81 80 79 81 84 88 95 102 110 117 125 130 134 135 136 137 140 144 146 145 149 158 167 176 184 192 191 187 190 195 191 184 183 184 182 175 166 161 158 152 145 142 140 134 128 121 115 106 97 89 84 80 79 81 82 83 85 86 88 90 94 97 100 102 104 104 107 111 118 122 126 131 134 139 143 144 148 153 155 159 160 163 167 171 173 174 173 174
141 137 131 126 123 121 118 113 106 101 96 92 89 86 85 86 89 91 90 90 91 88 86 86 83 84 83 82 80 79 77 77 77 77 78 83 88 95 103 112 119 126 133 137 137 137 139 141 142 145 149 148 150 159 169 180 190 196 194 188 192 196 193 185 183 184 184 178 169 163 161 156 150 147 147 141 135 131 126 119 110 102 93 86 83 83 83 83 84 86 88 89 93 96 98 100 102 104 107 111 116 120 125 131 137 143 149 151 154 156 158 161 164 168 170 172 175 175 174 173
143 141 136 132 129 128 125 121 115 110 105 100 94 89 86 85 87 88 86 85 86 86 86 85 83 84 82 81 80 78 77 77 78 80 85 91 98 106 114 122 128 135 140 144 142 140 143 145 144 146 151 151 154 162 172 184 195 199 195 190 192 194 192 184 182 182 183 181 174 167 164 161 156 153 152 149 145 142 137 132 125 117 108 99 94 92 90 88 87 87 88 89 91 93 95 97 100 102 106 110 114 121 128 135 142 147 152 156 158 159 159 162 167 172 173 173 176 176 174 172
144 142 140 137 135 133 131 129 124 119 114 109 103 98 92 88 87 86 85 84 83 83 83 82 81 81 81 81 80 80 81 83 85 90 96 103 109 116 125 131 137 143 147 151 149 145 147 148 147 150 153 155 159 166 175 186 197 200 195 190 192 194 191 183 180 181 181 182 177 171 169 166 161 158 157 155 155 153 147 143 137 130 121 113 108 104 102 100 97 95 93 93 94 95 97 99 103 106 110 114 119 125 132 139 146 149 154 157 159 161 161 163 169 174 175 175 177 177 175 172
146 142 141 141 141 138 137 136 131 127 122 119 114 108 101 97 94 93 91 89 86 85 85 84 84 83 84 85 86 88 91 95 98 102 107 113 120 127 134 139 143 149 153 156 153 149 151 150 149 153 155 159 164 170 176 185 195 199 193 189 191 194 191 182 178 179 181 180 177 174 172 169 165 163 161 160 161 160 155 152 147 140 132 125 120 116 113 111 109 107 105 104 105 107 107 109 113 116 120 123 128 133 138 144 150 152 155 158 160 161 162 165 170 175 177 179 180 178 176 173
148 146 145 145 145 143 143 142 138 134 130 127 123 118 113 110 107 104 102 99 97 96 95 93 93 94 95 97 98 101 104 107 110 113 117 121 128 134 142 146 148 155 158 157 155 152 152 151 150 153 157 162 167 172 178 184 192 195 191 188 189 191 188 179 174 177 180 178 175 174 172 169 167 166 165 163 163 163 161 158 152 146 141 134 129 126 123 120 118 117 116 116 118 120 120 122 126 128 131 134 138 142 144 149 153 154 156 158 159 160 162 167 172 177 180 182 182 180 178 173
149 148 148 148 149 148 148 147 144 141 137 135 132 128 123 121 118 116 113 113 112 111 110 108 108 109 110 111 111 113 115 117 118 121 126 129 132 138 147 151 151 157 159 157 156 153 151 150 148 151 158 163 168 173 179 184 187 189 187 186 186 186 184 177 173 175 178 175 172 172 171 169 169 169 169 167 164 164 163 160 155 153 150 144 139 137 133 128 126 125 124 124 126 128 130 133 136 138 140 143 147 149 150 154 157 157 159 160 160 160 164 168 173 177 181 184 185 184 181 175
150 149 149 151 153 153 152 150 148 146 142 140 139 136 133 131 128 125 123 123 123 124 124 123 122 121 122 123 122 121 123 124 124 128 133 136 136 141 151 155 154 157 159 157 155 152 148 146 147 150 158 163 168 173 178 181 183 184 184 183 184 183 182 178 175 176 177 174 170 171 170 169 171 172 170 168 165 163 163 161 157 157 157 153 148 146 142 136 134 132 131 132 133 134 135 138 142 144 147 149 153 155 155 157 158 158 159 161 163 166 167 168 173 180 182 185 187 188 184 177
151 150 151 153 155 157 155 151 148 147 145 144 143 141 139 137 134 131 130 129 130 132 133 132 130 129 129 129 127 126 128 131 132 135 140 143 143 147 156 160 160 159 158 155 152 149 144 141 145 150 157 162 167 171 175 177 180 181 181 180 181 182 180 177 175 176 177 173 169 170 172 171 174 175 172 169 166 164 165 163 159 160 162 158 154 153 149 145 143 140 139 139 140 140 140 143 147 150 152 155 157 159 158 157 156 156 158 162 165 168 169 169 177 183 182 183 185 188 185 181
154 152 154 156 157 158 154 149 144 145 146 145 144 143 141 141 140 139 137 136 136 138 139 138 136 135 134 133 132 133 135 136 136 138 145 150 151 155 159 162 162 159 156 154 151 148 141 138 144 150 154 159 164 167 171 175 180 182 180 176 176 179 179 175 174 174 175 173 168 170 174 175 177 179 175 171 169 165 166 167 162 161 162 160 159 158 155 153 152 150 147 145 144 144 144 147 152 154 156 157 159 161 160 158 156 156 158 162 165 168 170 173 181 185 184 183 185 188 187 183
156 155 157 159 159 159 155 148 140 139 140 142 144 144 142 143 145 144 143 142 142 143 144 143 142 141 139 138 137 138 139 139 139 141 147 153 157 159 159 161 161 157 154 153 151 147 141 137 144 149 152 156 161 164 169 174 181 183 178 173 173 177 178 175 172 172 173 172 168 169 175 178 181 184 181 177 173 168 167 167 166 163 161 159 160 161 159 159 159 157 155 152 148 147 147 149 152 155 156 157 160 161 161 159 157 159 161 162 163 169 171 173 183 186 186 185 184 188 189 185
155 156 159 161 162 160 157 149 137 130 130 139 144 145 145 146 147 147 145 146 147 148 148 148 147 144 142 140 139 141 142 140 140 143 148 153 157 160 159 158 158 156 153 151 150 147 142 140 144 148 150 153 158 162 167 173 179 178 174 169 171 175 176 174 170 169 169 169 168 168 174 180 185 188 186 182 176 171 168 165 165 165 162 159 159 163 163 163 163 162 160 158 154 150 150 151 153 155 154 154 157 161 162 160 158 161 164 163 164 172 175 175 183 187 187 186 186 189 190 185
157 159 161 161 160 160 160 155 144 136 136 141 144 146 148 149 147 148 150 151 151 151 150 149 148 146 145 145 145 144 142 141 142 145 150 154 159 162 160 154 153 154 151 149 149 146 143 142 144 146 146 148 153 158 163 170 173 176 175 170 170 172 175 172 168 166 165 165 165 166 173 180 187 191 188 183 177 172 168 164 161 162 163 159 160 164 165 164 165 165 164 163 159 154 153 154 155 155 154 154 156 160 163 162 161 162 165 164 166 173 178 179 186 188 187 184 186 190 190 183
159 161 160 159 158 160 160 158 153 148 145 143 143 148 153 154 151 150 152 153 153 153 151 150 149 151 150 148 148 148 147 150 151 153 156 158 161 164 162 154 150 151 148 146 148 145 142 142 142 143 142 144 149 154 160 167 171 175 175 173 172 174 175 170 165 164 163 163 163 163 169 176 185 191 190 185 179 173 167 162 157 157 159 158 159 163 164 164 167 168 169 168 164 159 157 157 157 156 156 155 157 160 163 162 162 162 164 165 167 172 179 184 188 189 186 181 185 191 188 182
159 160 159 158 158 160 159 157 156 155 155 152 150 153 156 158 156 150 148 152 153 153 153 154 155 155 153 151 153 158 159 157 158 160 161 160 160 162 164 158 150 150 149 145 145 143 140 139 140 141 140 141 144 150 156 164 169 173 175 174 174 177 177 170 165 165 162 161 161 161 165 170 180 187 189 186 180 173 166 160 154 152 154 157 159 162 164 165 169 172 173 174 169 164 162 163 162 161 160 157 157 160 161 161 161 161 161 164 167 172 179 186 189 188 184 179 185 189 184 180
158 159 158 159 159 159 156 155 155 154 154 154 153 154 155 157 156 151 147 150 152 153 155 158 157 157 157 158 160 161 163 164 167 167 164 161 160 160 162 161 156 153 150 146 143 140 136 135 136 137 137 138 141 146 152 160 167 173 176 175 176 178 178 174 170 166 161 158 158 160 162 165 172 180 185 185 179 171 163 156 152 148 149 153 157 162 164 163 166 172 175 176 173 171 170 168 167 167 166 163 161 160 158 158 160 160 159 160 165 172 179 186 188 185 183 183 188 187 180 177
157 158 158 158 159 158 155 153 152 149 149 151 152 152 151 152 154 153 151 150 150 151 153 157 159 158 159 162 162 163 169 172 171 168 165 162 161 157 157 161 161 156 151 145 141 137 132 129 132 134 134 136 139 143 149 156 166 175 177 174 174 176 178 177 172 168 161 156 157 159 159 160 165 173 180 182 175 165 158 152 147 144 143 147 153 159 161 160 160 167 173 175 176 176 175 171 169 169 171 169 167 165 159 155 156 158 156 154 159 170 179 186 188 184 184 188 191 187 177 173
154 157 157 156 158 157 154 150 150 151 151 150 151 152 150 148 150 153 154 150 148 150 153 156 162 163 163 165 167 169 172 171 170 168 165 161 158 154 154 158 158 152 146 141 138 133 128 126 129 131 131 134 137 142 149 155 166 174 172 170 171 174 177 176 172 168 160 152 154 157 157 158 161 165 170 174 169 157 148 143 140 138 137 140 147 154 157 157 157 162 169 172 175 177 177 174 168 168 173 176 172 167 162 156 155 156 155 155 161 172 181 187 189 187 187 188 190 186 175 170
151 154 154 153 154 154 152 151 151 152 153 151 151 152 152 150 150 154 157 154 151 156 161 162 166 169 168 169 170 170 169 168 168 167 162 157 154 150 150 151 148 144 138 134 132 128 124 123 127 128 127 130 136 142 149 156 164 169 169 168 170 173 175 174 170 166 158 148 152 157 155 155 157 158 163 168 163 152 140 134 131 131 132 135 140 146 152 155 156 161 167 167 169 173 177 177 169 166 172 177 174 168 163 159 158 158 157 162 169 178 185 190 191 190 189 186 185 182 175 170
148 151 152 151 149 148 150 151 151 149 149 149 149 152 154 154 153 156 159 160 159 163 166 167 170 169 170 170 171 170 169 167 166 165 163 158 152 144 142 140 138 135 130 127 125 122 121 122 125 126 125 127 134 141 147 154 160 165 167 167 168 169 171 171 167 163 158 152 155 158 154 152 151 150 154 159 158 151 138 126 123 124 126 130 134 139 146 152 155 160 165 165 163 167 175 178 172 167 172 177 176 171 166 160 158 159 160 167 176 184 188 191 192 192 190 184 180 177 171 167
145 148 150 149 146 144 147 150 151 149 147 148 147 148 153 157 156 157 160 162 164 164 165 170 172 170 170 169 168 168 169 167 166 165 161 157 150 139 135 131 128 127 123 121 120 119 118 120 122 123 123 126 133 140 145 152 157 161 162 162 162 164 168 170 167 162 158 155 156 157 152 149 147 143 145 150 149 147 139 123 116 117 121 126 131 135 140 147 152 157 161 162 163 166 171 174 172 170 173 177 175 170 169 165 160 160 162 170 181 187 189 188 190 193 191 183 176 171 165 159
141 144 146 146 147 146 146 148 149 147 145 146 145 146 151 156 156 155 158 164 166 165 166 171 173 171 172 170 166 166 170 169 166 164 159 155 147 136 130 125 121 119 117 117 116 116 116 117 119 120 121 123 131 139 144 151 157 160 158 157 160 163 166 168 166 162 156 155 156 156 152 148 145 141 140 140 139 141 139 124 112 112 116 122 126 130 135 140 145 150 153 157 163 169 172 170 168 170 171 174 173 170 170 170 166 162 160 169 182 187 186 183 185 193 192 183 173 163 156 152
137 140 143 145 146 146 146 146 146 145 146 148 148 147 150 153 154 154 155 158 162 162 163 169 172 173 173 171 167 167 170 168 164 159 154 149 141 133 127 119 114 114 115 114 114 115 115 115 117 119 119 121 130 137 142 150 157 160 160 158 161 164 168 170 166 161 156 153 155 155 152 148 144 140 138 136 135 135 135 125 110 108 112 118 122 124 127 131 136 141 145 151 159 166 169 167 163 166 169 171 171 171 172 173 172 169 164 169 179 187 188 181 184 193 191 181 167 155 149 146
132 134 139 141 142 143 144 145 146 143 143 143 144 147 149 151 154 154 151 151 156 158 158 164 170 174 176 172 169 169 169 165 160 154 148 142 135 129 123 115 110 112 112 112 114 116 115 115 117 118 118 121 130 137 142 149 157 164 166 163 162 165 169 172 170 165 159 153 154 154 150 147 144 140 137 135 134 131 129 122 110 106 109 114 118 119 119 120 123 130 136 144 154 160 164 166 164 163 165 167 168 171 173 174 174 171 165 167 174 185 189 185 186 189 187 177 163 151 146 142
130 130 133 135 136 138 139 138 138 136 136 136 138 144 148 150 154 152 150 150 151 152 157 160 166 170 172 172 172 172 168 164 159 152 143 137 132 126 119 114 111 112 112 111 115 118 117 116 117 118 118 121 130 138 142 150 162 173 175 169 165 168 175 177 172 168 162 156 156 156 150 145 144 140 137 136 135 131 125 118 107 104 106 111 115 116 115 114 116 124 131 140 148 154 158 160 161 159 160 163 164 167 171 173 172 168 161 160 168 181 187 186 185 183 180 173 163 152 145 142
130 128 126 128 129 131 132 131 131 131 134 137 139 145 147 148 152 152 149 149 151 152 152 153 159 166 170 171 171 169 164 160 156 148 139 134 128 122 116 113 111 112 112 112 117 120 119 118 119 118 118 122 131 139 142 151 166 179 186 180 173 174 181 185 178 170 165 159 159 159 151 144 143 141 137 136 136 134 125 114 103 101 103 108 113 116 115 113 115 122 131 139 145 149 153 152 151 149 152 156 159 163 166 169 169 165 156 152 163 180 184 183 183 178 173 168 160 152 145 142
128 127 123 122 124 125 126 127 127 125 128 133 139 143 145 144 147 150 150 151 155 154 148 147 155 164 168 168 167 165 161 158 154 147 139 133 128 121 115 111 109 110 112 114 119 122 121 120 121 120 120 125 135 142 143 153 170 188 197 189 176 176 184 193 188 174 167 162 163 164 155 145 144 142 138 137 139 138 129 113 99 97 100 106 113 117 118 117 118 123 129 136 140 143 146 147 145 143 146 151 154 157 162 165 166 159 153 150 162 178 183 182 179 171 164 160 155 149 144 141
124 124 122 120 121 122 122 122 122 122 122 125 133 140 141 142 145 146 149 152 156 156 150 147 155 162 165 165 164 161 157 154 151 146 139 133 127 121 114 108 107 109 113 118 123 125 122 122 123 122 124 130 140 145 146 154 170 189 200 193 177 173 185 196 192 176 167 164 168 173 166 153 148 146 139 139 142 142 136 117 96 93 99 104 111 116 118 118 120 123 127 131 135 137 139 142 141 137 140 147 149 152 157 163 165 160 156 154 165 178 182 180 172 160 152 150 149 145 142 138
119 119 121 120 119 118 118 118 118 119 120 120 128 136 138 137 139 142 145 149 152 153 152 152 153 158 162 162 160 157 153 150 147 142 137 131 125 119 112 105 106 110 116 121 126 126 124 124 124 126 130 135 144 147 147 151 163 181 191 187 173 169 179 189 185 169 164 164 173 183 180 165 157 153 144 143 144 144 143 127 98 89 96 103 109 114 116 117 119 122 123 125 129 131 133 137 138 135 135 140 143 146 152 158 162 161 161 159 166 174 177 175 166 151 140 140 142 141 138 134
118 117 118 120 120 117 114 115 116 115 117 117 123 130 134 134 134 138 140 142 144 147 152 156 154 154 157 159 158 156 152 148 144 139 134 129 124 117 108 102 103 110 118 122 126 128 127 127 128 130 134 138 144 146 144 145 153 163 169 168 159 157 163 168 167 159 158 160 174 190 191 179 172 165 155 153 153 148 147 138 107 88 93 102 108 111 114 116 118 120 121 123 126 127 130 131 134 134 133 136 138 139 145 151 156 157 160 160 161 165 169 169 161 146 135 134 137 136 134 131
118 119 119 120 121 118 112 112 114 112 111 113 118 124 130 132 132 135 138 137 138 142 149 154 157 155 155 156 156 154 150 145 141 137 132 127 122 114 105 97 100 111 120 123 127 130 131 131 131 133 136 138 140 140 137 138 141 145 147 147 144 144 147 148 148 147 148 152 167 184 190 188 190 183 171 168 168 158 151 147 118 91 92 101 107 110 112 114 116 118 120 123 125 126 127 129 132 133 133 134 135 135 139 144 149 149 152 154 152 154 158 160 156 145 136 135 135 133 132 129
118 121 122 121 121 119 112 110 110 109 108 109 114 119 125 130 132 134 138 138 139 142 146 152 157 158 156 156 154 150 147 142 138 134 130 125 120 111 102 94 97 112 123 126 130 134 136 135 133 133 134 134 131 128 124 124 126 129 133 135 136 136 139 137 134 135 138 141 151 163 173 178 188 192 188 187 189 175 159 152 128 98 94 102 107 110 112 112 114 117 119 122 125 125 126 130 132 133 133 134 134 134 136 137 140 142 145 148 148 148 149 149 149 144 139 137 134 129 129 129
117 120 121 121 118 115 111 110 108 108 107 107 112 117 123 127 130 131 135 137 139 141 145 150 154 156 155 152 148 145 144 140 136 132 128 124 119 111 102 93 95 112 124 128 133 137 139 138 133 130 127 124 117 113 109 110 114 117 123 127 128 129 132 130 125 125 127 129 133 140 149 155 167 181 190 197 203 192 168 155 135 106 99 104 108 111 113 113 114 117 119 120 124 126 126 128 131 131 131 133 135 135 134 132 133 138 143 146 144 143 143 144 144 143 139 136 132 125 125 128
115 117 118 119 118 115 112 108 103 102 104 107 112 117 121 123 125 128 131 133 136 140 144 148 151 153 152 148 143 141 141 139 135 132 129 126 120 112 103 96 96 110 121 126 132 136 138 136 129 121 116 110 102 99 98 99 104 108 112 116 119 121 123 120 117 115 116 118 118 119 124 128 140 156 168 180 191 191 171 154 138 115 106 108 111 113 115 115 116 118 119 118 120 123 125 127 128 129 130 131 132 132 131 129 132 139 144 145 141 139 143 143 141 141 139 136 129 121 123 128
112 113 114 115 116 115 112 106 100 99 101 106 112 117 118 119 122 126 129 129 132 137 140 144 147 149 148 145 142 141 139 138 135 133 131 128 123 114 106 100 99 109 115 121 127 129 129 125 116 106 100 95 91 88 88 89 93 97 100 105 108 110 111 109 107 106 107 108 106 102 101 103 112 120 130 146 161 168 160 149 137 120 113 113 116 118 119 119 119 119 119 117 117 120 124 126 128 130 128 127 127 127 127 128 133 139 140 139 138 139 143 142 137 137 138 134 127 120 123 127
110 110 109 109 112 114 112 110 108 106 104 106 111 115 118 120 122 123 123 123 126 131 137 141 142 143 144 144 144 142 141 139 137 134 132 130 127 120 111 105 102 106 109 112 115 115 111 104 96 87 82 79 77 77 78 80 83 86 90 94 97 99 99 98 97 98 98 98 92 86 82 83 86 91 96 108 122 135 139 137 132 123 120 119 120 123 124 124 123 123 121 118 116 118 122 126 130 132 129 125 125 126 126 128 131 135 132 129 132 137 141 138 131 132 135 132 127 123 125 124
109 109 107 105 107 111 111 112 113 110 107 107 111 115 119 121 122 121 121 123 124 126 131 136 136 137 139 141 142 141 141 140 138 136 135 134 132 127 119 112 108 106 102 100 100 97 91 84 78 73 68 65 63 64 67 71 74 76 80 83 86 87 88 88 88 88 87 86 81 73 67 64 64 67 68 78 91 106 119 128 129 126 125 123 124 127 129 129 129 128 126 122 120 122 124 127 131 134 133 128 127 129 130 130 130 130 126 123 125 130 134 131 126 128 131 128 125 126 125 121
108 109 107 104 104 107 109 110 111 111 109 111 114 115 118 121 122 123 125 124 121 118 122 128 131 132 133 135 138 140 142 141 140 139 140 139 136 133 126 121 117 110 99 91 86 78 70 63 60 58 55 52 51 55 57 61 65 67 70 72 74 76 77 77 77 77 78 79 75 66 55 50 48 52 51 61 77 95 113 126 129 128 128 127 128 132 134 134 135 134 132 128 127 128 129 130 132 136 135 130 130 131 133 132 127 125 123 124 122 123 128 125 122 128 128 124 124 127 123 118
106 108 108 105 103 104 106 106 105 108 112 115 116 116 118 123 129 132 132 127 121 118 120 124 127 131 132 134 138 143 145 144 142 142 144 142 140 138 133 132 126 116 103 88 74 63 53 47 45 44 43 41 40 46 49 52 56 58 60 60 61 63 64 65 67 69 72 73 68 59 48 45 46 52 56 66 81 99 117 128 130 130 130 130 131 136 139 140 139 138 136 133 130 131 130 130 132 136 135 131 130 131 133 131 125 119 120 128 125 119 124 121 121 129 127 123 124 126 121 119
103 106 107 106 104 103 104 104 103 106 110 111 115 118 120 124 129 131 132 127 124 123 123 123 126 132 135 137 141 145 148 147 144 144 144 144 143 141 140 139 133 126 114 97 76 59 48 43 42 41 41 42 43 45 46 47 49 51 52 52 52 53 56 58 62 64 66 68 65 61 55 56 62 71 82 89 100 113 126 134 134 133 133 132 135 141 144 145 144 142 140 135 132 130 129 127 128 131 132 131 130 132 133 132 127 119 120 130 128 120 121 120 124 131 131 129 127 124 122 123
101 101 104 105 105 104 105 107 106 106 104 105 111 119 123 124 122 123 126 126 126 128 128 127 130 136 139 141 144 147 149 150 148 147 147 147 147 145 145 145 141 136 128 115 93 73 61 55 51 51 52 53 54 53 52 51 49 49 48 48 48 51 54 56 59 61 65 70 73 73 72 75 83 92 102 107 115 125 133 138 138 137 137 136 139 145 148 149 148 146 142 137 131 128 126 125 125 126 128 128 130 133 134 133 133 128 125 127 120 116 119 126 130 134 135 134 130 124 125 128
99 99 99 101 105 106 107 110 110 108 106 105 107 114 121 122 118 118 121 123 126 130 134 135 136 139 142 146 147 147 150 153 153 152 152 151 151 150 149 148 146 143 138 130 114 96 84 76 68 64 63 62 62 61 61 60 57 55 52 50 50 52 54 57 61 66 73 80 85 87 88 91 98 105 114 119 125 130 136 139 140 140 140 140 143 148 151 152 151 150 147 140 130 126 123 124 125 126 128 127 130 135 134 132 136 137 132 126 113 111 122 132 133 133 134 133 130 127 129 129
100 100 97 96 102 108 108 111 115 115 114 111 105 106 115 120 120 117 116 119 126 130 132 136 138 140 144 149 150 149 152 156 158 157 156 156 156 154 152 151 149 146 144 139 129 116 105 97 86 77 73 71 70 70 71 71 70 69 65 59 57 57 60 65 71 78 84 89 95 98 99 102 108 112 118 124 129 132 136 139 141 141 142 142 145 149 152 153 154 154 151 145 136 128 122 122 127 130 131 130 133 136 131 130 135 139 139 132 116 114 125 132 131 132 133 130 128 129 129 127
101 101 99 97 100 105 107 110 115 117 117 114 106 103 110 116 120 118 115 117 124 127 130 133 138 143 146 151 153 153 154 157 159 159 157 157 157 156 154 152 149 147 145 142 136 129 122 115 105 93 85 82 81 81 83 83 82 82 80 74 69 68 71 77 83 89 92 96 102 106 107 109 112 114 118 122 127 131 135 138 140 141 143 144 146 149 151 153 155 156 154 149 143 135 126 122 128 134 135 135 137 136 130 129 133 138 141 137 122 122 128 129 131 134 133 128 128 130 128 126
100 101 101 100 99 103 105 106 110 113 113 112 107 104 106 111 117 120 118 118 122 126 130 131 136 142 146 150 154 156 155 157 160 160 159 158 157 156 155 153 150 146 144 143 139 133 128 124 118 108 100 95 95 95 96 95 94 93 91 86 82 81 83 88 93 99 102 104 107 110 111 111 113 115 117 120 125 129 132 135 137 139 141 144 146 148 150 152 154 156 155 151 147 143 136 129 132 138 139 141 143 139 134 134 136 139 140 135 129 131 134 131 131 133 128 124 129 131 128 128
99 101 101 102 103 105 106 105 106 107 108 108 106 104 106 108 113 119 120 119 121 127 132 132 134 141 146 150 154 155 155 156 159 160 160 157 156 154 153 152 149 146 142 141 139 135 130 126 123 118 110 106 105 104 105 106 104 102 98 94 93 93 93 97 102 107 110 111 112 114 113 113 115 117 116 119 123 127 130 132 134 135 139 142 143 144 146 148 151 153 153 152 150 148 144 139 140 143 145 148 147 144 143 141 139 141 138 132 133 138 138 135 133 130 124 123 130 131 129 129
99 100 101 102 104 106 106 106 106 107 107 107 107 104 106 110 113 117 120 120 123 129 134 135 137 144 148 150 152 153 153 155 157 158 157 155 154 151 148 147 148 146 142 139 138 135 130 126 124 122 116 113 113 113 114 115 113 109 105 101 101 101 102 106 109 113 117 117 116 115 115 115 116 117 117 119 122 126 127 128 130 131 135 138 139 140 140 142 145 148 150 151 151 150 149 147 147 147 148 151 150 150 149 143 140 141 135 129 132 136 137 136 132 129 127 128 131 130 130 130
98 99 100 101 103 104 105 107 109 110 107 106 108 106 108 113 114 114 119 124 127 131 135 139 141 145 148 149 149 149 151 153 154 153 153 153 151 148 144 143 143 142 139 136 135 133 130 127 126 124 119 117 120 121 121 122 120 116 111 106 105 107 108 111 115 119 122 123 120 117 116 116 117 118 119 121 124 125 126 126 127 129 131 134 134 134 135 135 137 140 144 148 150 151 152 152 151 150 150 151 153 154 149 142 141 141 132 126 128 131 134 134 128 128 131 133 132 130 130 130
98 98 98 99 101 102 104 106 110 111 107 103 106 110 111 114 115 112 115 123 129 131 135 138 141 142 144 145 146 145 146 149 148 146 147 146 145 143 139 138 137 136 135 132 132 130 130 129 128 126 122 120 121 125 127 128 127 122 116 109 108 111 112 115 121 126 129 129 126 122 119 118 120 122 122 123 127 128 127 126 127 127 127 129 127 127 128 129 130 133 138 143 147 149 152 153 153 153 152 153 155 154 148 143 145 143 133 130 129 130 133 131 125 126 132 134 131 129 130 128
96 97 97 99 100 100 101 102 107 110 108 103 105 110 111 113 116 115 114 121 127 130 133 135 138 139 140 140 140 140 140 141 141 140 139 138 137 136 132 131 131 131 130 129 128 128 128 129 129 128 124 123 124 129 133 134 134 128 120 113 112 112 114 118 124 130 133 133 131 127 124 123 125 127 128 129 132 132 131 130 128 125 125 125 122 120 123 124 125 127 129 135 143 147 149 150 152 153 154 156 157 155 149 146 149 145 136 135 131 132 136 131 126 128 132 133 130 130 130 126
96 96 97 98 100 100 99 101 105 108 108 105 105 108 110 112 116 115 112 117 123 127 129 133 135 137 136 135 134 135 135 133 135 133 130 130 130 128 127 126 127 128 127 127 127 128 128 129 129 129 127 126 127 132 136 138 139 133 125 117 115 115 117 121 124 127 131 131 129 128 127 128 130 131 134 137 138 139 137 135 131 127 124 121 119 117 118 119 121 122 123 127 135 142 144 144 147 152 155 157 159 158 154 151 152 147 142 138 133 136 137 130 129 131 132 131 131 130 129 123
99 97 97 99 101 101 99 100 103 105 106 104 103 105 110 113 114 111 109 112 118 123 126 130 132 133 131 128 129 130 129 128 130 125 121 122 121 120 122 123 124 126 126 126 127 128 129 129 128 128 126 124 125 127 131 135 138 134 126 120 117 118 118 119 121 122 123 122 117 115 117 119 122 124 130 135 139 143 143 140 135 129 124 119 116 115 114 115 116 116 117 120 127 134 137 137 141 147 152 156 160 160 159 157 154 150 144 136 134 139 134 127 128 131 132 132 131 129 125 118
101 99 98 99 101 102 100 100 102 104 102 101 99 100 107 113 112 108 108 110 114 120 125 128 129 129 126 124 125 124 122 123 123 118 115 115 114 113 116 118 120 123 125 126 126 126 126 126 123 120 118 118 119 119 120 123 125 125 123 121 120 119 117 116 115 113 110 106 101 99 101 103 105 106 110 117 125 133 138 138 134 129 124 118 113 112 111 110 111 110 108 113 121 127 130 132 136 143 149 154 159 160 159 157 153 146 138 135 137 138 131 127 128 130 132 133 130 126 121 112
101 102 101 101 101 102 101 100 102 104 100 99 98 98 104 110 111 107 108 110 112 117 121 124 125 125 123 121 118 115 113 115 113 111 110 107 106 108 110 113 114 117 122 124 121 120 119 118 114 110 108 106 105 101 98 100 104 109 113 115 116 114 112 108 103 97 91 86 81 80 82 83 85 86 85 90 97 106 115 122 122 122 121 115 109 107 106 105 106 104 101 105 114 120 125 130 134 141 147 153 158 158 156 154 149 139 132 137 141 137 129 128 130 130 131 131 127 122 117 106
101 103 103 102 101 102 102 101 101 103 101 100 100 99 101 107 111 110 109 112 113 115 118 121 121 121 120 116 109 106 106 106 103 103 103 99 99 101 104 108 109 111 115 115 113 112 108 102 97 94 92 89 80 76 75 79 85 90 95 101 104 104 100 93 87 80 75 71 69 68 66 64 64 64 61 64 69 76 85 95 102 106 110 107 102 98 98 99 100 99 97 100 107 113 120 128 136 142 148 152 155 155 152 147 142 136 134 139 141 136 131 130 131 130 131 129 124 119 111 96
99 102 103 103 102 102 102 101 101 101 102 102 103 101 100 104 111 112 111 113 116 116 116 117 117 116 114 109 101 100 100 97 94 93 94 93 94 95 98 102 103 104 103 102 100 96 89 82 77 73 69 67 63 63 64 68 72 74 77 81 87 88 85 80 74 68 64 62 61 60 58 56 54 52 48 47 48 52 59 66 75 85 93 93 88 84 84 87 91 93 93 97 102 107 114 125 135 141 147 151 152 151 146 138 136 138 139 139 138 135 133 131 130 130 131 128 122 115 104 84
97 99 102 103 102 102 102 102 101 101 101 101 103 103 101 103 109 113 113 114 115 116 113 111 112 112 107 101 97 93 91 88 84 83 83 84 86 88 91 93 94 93 89 85 81 75 68 60 57 55 55 55 55 55 56 59 61 63 64 67 72 75 74 70 64 58 56 55 55 55 54 52 49 46 43 41 41 41 44 47 55 64 73 73 69 66 68 74 80 85 90 95 99 103 110 120 130 137 144 147 148 147 141 132 133 140 140 137 135 134 131 130 130 130 130 126 120 110 93 69
94 97 99 101 101 102 102 102 101 101 101 100 101 103 103 103 108 113 115 114 113 113 112 109 108 106 101 96 92 86 81 79 75 72 70 72 75 78 80 81 80 76 70 64 59 54 49 46 46 46 48 50 50 49 49 51 53 53 53 57 62 65 64 60 54 51 50 50 51 52 52 49 45 44 42 40 40 39 38 39 43 47 53 55 52 51 56 64 73 80 87 93 97 100 105 114 123 132 140 144 144 145 139 130 133 140 139 136 134 132 130 129 130 129 128 123 116 103 82 55
91 95 98 99 99 101 101 101 101 101 101 100 101 104 105 103 106 111 114 114 111 110 109 108 106 101 96 92 86 79 74 70 64 59 56 57 60 65 67 65 61 56 51 47 43 41 41 41 42 42 44 47 47 46 45 45 46 46 46 49 53 55 54 52 50 49 49 50 53 54 55 53 49 51 49 48 49 50 47 45 43 43 45 46 46 48 55 64 74 82 87 92 96 100 104 111 119 128 137 142 143 144 140 133 134 139 137 135 133 131 129 128 128 126 123 118 108 93 68 38
88 91 94 96 97 98 99 99 99 99 101 101 102 105 107 105 105 108 112 113 111 108 106 105 103 98 93 88 82 75 68 61 52 46 41 41 45 51 53 50 49 46 43 41 43 42 43 43 44 45 47 48 48 47 46 47 46 47 47 49 51 52 50 50 51 53 54 56 60 63 65 63 60 62 65 64 64 67 63 59 54 51 53 57 59 62 67 74 83 88 92 95 98 102 106 111 120 128 135 139 141 142 139 137 137 136 134 133 132 131 129 126 124 122 119 112 99 81 52 24
85 88 92 94 96 97 98 97 97 97 99 101 102 105 106 106 105 107 110 111 110 107 105 102 100 96 92 87 80 74 66 58 49 42 37 35 38 42 43 43 45 44 46 46 50 49 50 52 54 53 54 55 56 56 55 55 55 54 53 54 55 55 55 57 60 64 66 69 75 80 80 79 77 78 83 81 79 82 80 75 70 69 73 80 85 86 87 91 95 96 98 100 103 106 108 113 121 128 133 136 138 139 138 139 136 132 132 132 130 129 128 123 120 118 114 104 89 66 35 19
82 85 89 92 94 96 97 96 96 95 98 99 101 103 105 106 105 105 108 110 109 107 103 100 97 94 89 84 79 75 70 63 56 52 49 47 44 44 45 47 49 52 58 60 61 67 66 69 71 68 68 69 72 72 72 72 68 67 67 67 69 71 73 74 77 84 88 89 98 106 97 94 92 91 96 95 91 91 90 87 86 91 98 105 108 107 105 105 105 103 103 105 107 109 111 115 121 127 131 132 134 135 136 135 132 130 130 130 128 126 124 119 115 113 106 93 73 46 22 17
78 81 86 89 91 94 95 95 95 94 95 96 98 100 101 103 103 104 105 107 107 105 101 97 95 92 87 82 79 79 77 74 71 71 73 74 70 63 61 63 65 70 74 76 80 87 90 90 89 89 89 87 93 95 94 94 90 89 93 89 90 95 97 97 97 104 109 108 112 124 114 105 103 103 104 103 99 97 97 97 101 108 115 120 122 121 118 116 113 110 110 110 111 113 115 118 122 125 127 129 131 133 133 132 130 129 128 127 126 123 120 115 112 108 97 77 52 28 18 19
73 78 82 85 88 91 93 94 94 93 93 94 95 97 99 101 102 104 104 105 106 104 100 96 93 90 87 83 82 83 85 86 87 90 95 99 97 90 83 79 80 84 85 85 88 91 99 103 104 114 113 105 112 114 113 113 109 108 114 112 112 114 117 119 118 123 132 127 122 131 128 118 113 113 109 107 107 106 105 108 114 119 123 126 127 128 126 123 120 118 116 116 115 116 117 120 122 124 124 126 128 129 130 130 129 128 126 125 124 121 117 112 110 102 84 60 36 19 18 20
68 73 78 81 85 88 91 92 92 91 91 91 92 94 96 99 101 102 103 104 105 103 98 95 92 90 89 87 86 87 90 94 98 102 106 110 110 106 99 92 90 90 91 90 90 90 96 105 110 117 122 123 129 128 131 129 125 119 125 130 127 127 131 133 129 131 141 140 125 127 126 119 116 115 112 111 111 111 111 115 119 123 125 127 129 130 130 129 127 124 121 120 118 117 118 120 121 122 122 124 125 125 125 126 127 126 124 124 123 117 112 109 104 90 69 44 22 17 18 19
61 67 73 78 82 85 87 90 90 90 90 90 90 92 94 97 99 101 102 103 103 100 97 94 92 91 91 90 91 93 97 102 106 109 111 112 113 111 105 99 95 92 92 94 90 90 93 99 109 110 122 131 138 138 134 130 132 126 131 138 131 126 131 132 130 130 130 133 124 116 114 114 117 115 113 111 112 112 113 115 118 121 123 126 128 130 132 133 132 129 126 122 119 117 118 119 119 120 121 122 122 122 123 124 124 123 122 122 119 112 109 105 96 76 54 32 19 17 18 17
48 60 68 73 78 81 84 86 88 88 88 88 88 89 91 94 96 99 100 100 100 98 95 93 92 92 93 95 97 100 104 107 109 112 112 111 111 109 106 102 98 93 91 92 90 87 88 91 98 104 118 126 130 134 124 122 129 124 122 123 123 119 118 116 114 116 112 110 112 106 103 104 107 107 106 106 107 107 108 111 115 118 121 125 128 131 133 134 134 132 129 124 119 116 116 118 118 119 119 119 119 120 121 122 123 122 121 119 115 110 106 98 82 59 38 22 16 18 19 17
35 49 60 68 73 77 81 82 84 85 86 87 86 87 88 91 93 95 96 96 96 95 94 92 92 93 95 98 102 105 108 110 112 114 113 110 109 107 104 100 97 93 90 88 87 85 82 85 87 92 98 103 105 109 107 106 108 109 107 102 102 101 97 94 91 92 94 93 95 95 93 93 96 97 97 98 99 100 103 108 113 117 122 126 129 131 134 134 134 133 130 126 120 116 115 117 118 117 115 114 114 117 119 120 121 122 120 117 112 108 101 87 64 41 25 16 16 19 19 19
28 37 50 60 67 73 77 79 80 83 84 85 86 85 86 89 91 92 92 92 92 92 92 91 92 94 98 101 104 107 110 114 116 117 116 112 108 105 102 98 94 91 88 85 83 81 78 79 81 81 82 85 84 86 86 86 88 88 87 84 84 83 81 79 77 79 81 81 82 85 85 85 87 88 89 90 93 98 103 108 114 120 124 128 130 132 134 134 133 134 132 127 122 119 117 118 118 115 110 107 109 113 116 118 119 119 116 112 107 102 91 70 45 28 16 15 19 20 18 19
23 28 38 50 60 67 72 75 77 79 81 83 84 84 84 85 88 90 89 89 89 89 90 91 93 95 99 102 105 108 112 116 119 120 119 115 110 105 101 97 93 89 85 81 79 77 74 72 72 73 74 75 75 74 73 73 75 72 72 71 71 68 68 68 68 70 70 69 71 74 76 77 79 81 84 88 94 100 106 111 117 123 126 129 132 133 133 134 134 133 132 128 125 123 121 120 119 115 111 109 109 111 114 115 116 115 112 107 100 91 73 50 29 18 14 17 19 20 18 19
21 24 28 38 50 60 67 71 73 76 78 79 81 82 82 83 84 86 87 87 87 88 90 92 94 96 98 101 103 107 112 115 117 118 119 117 113 108 103 98 94 89 84 80 76 73 70 68 66 65 65 65 63 63 62 61 61 60 60 58 57 56 55 56 56 58 59 60 62 65 68 72 75 79 86 92 99 106 111 115 121 125 127 130 132 133 134 135 134 131 129 127 125 122 121 119 117 115 114 113 112 111 113 113 113 112 107 100 92 75 52 32 18 13 16 20 20 20 20 22
22 21 23 28 39 51 60 66 69 72 75 77 78 80 81 81 82 83 84 85 86 87 89 91 93 95 97 98 100 104 108 110 111 112 115 116 115 111 107 102 98 92 87 82 76 72 68 64 62 61 59 58 55 54 52 51 51 50 49 48 48 47 47 47 49 51 54 56 60 63 68 73 78 85 93 99 105 112 117 120 123 126 128 130 132 134 135 136 135 131 127 125 122 120 119 117 113 112 114 115 114 113 112 111 110 108 102 92 78 56 34 19 15 16 18 21 21 18 19 22
23 22 19 21 30 40 51 59 64 69 71 74 76 77 78 79 80 81 82 83 85 87 88 89 91 93 94 96 97 99 102 104 105 107 110 112 113 113 112 108 104 98 93 87 81 76 71 66 62 60 59 56 53 51 50 49 47 45 45 45 45 45 46 49 51 55 58 62 66 71 77 83 89 95 103 108 112 118 122 124 126 128 130 131 132 134 136 137 135 131 127 124 122 119 117 114 111 112 114 114 113 112 111 109 107 102 94 80 59 35 21 16 15 17 18 20 19 16 20 24
24 25 21 19 22 29 39 49 57 65 68 71 73 75 76 76 78 79 81 82 85 86 86 87 88 90 92 94 96 97 98 99 102 104 107 110 112 113 114 112 110 106 102 96 90 84 79 75 70 67 64 62 60 58 57 55 54 53 53 54 57 59 62 66 69 72 76 79 82 87 92 98 103 108 114 118 121 124 128 130 131 132 133 133 134 134 136 136 134 131 128 126 124 120 116 114 113 114 114 112 110 110 108 106 102 96 84 63 38 20 16 17 17 18 20 19 19 19 22 28
27 27 24 21 19 22 27 37 47 57 63 67 70 72 73 74 75 77 79 82 84 84 84 85 86 87 89 92 95 97 98 99 100 103 105 110 113 114 115 114 115 113 110 106 101 96 91 87 84 80 78 76 76 74 74 74 73 74 75 76 79 82 86 90 92 95 99 101 104 106 109 113 117 120 124 127 128 131 133 134 134 135 136 136 136 136 136 135 133 131 130 128 127 122 117 115 115 115 114 112 110 109 105 101 96 85 66 40 21 17 18 18 16 18 20 20 20 21 26 33
30 29 25 22 21 20 19 24 34 46 57 63 67 69 71 72 73 75 77 80 83 84 84 85 85 85 87 90 94 97 100 101 102 103 106 110 113 116 117 117 116 116 116 114 112 108 103 101 100 97 94 93 95 95 95 96 98 101 101 101 103 106 108 110 111 114 118 120 122 123 124 126 128 130 133 134 135 136 138 138 136 135 136 137 138 139 137 136 134 131 130 130 129 126 122 119 119 117 115 113 109 105 101 95 86 67 42 23 18 18 18 17 16 19 21 21 21 24 29 36
33 33 28 23 22 20 18 16 21 33 46 56 63 66 69 71 72 74 76 79 81 83 84 86 86 86 86 89 92 96 98 101 103 105 107 111 114 116 119 119 118 118 120 120 120 118 115 113 113 112 111 110 112 112 113 116 120 125 126 125 125 127 127 127 128 129 132 136 138 137 138 138 138 139 140 141 141 141 142 141 138 136 137 139 141 141 139 137 135 133 131 130 129 127 125 123 121 118 115 111 106 101 95 86 68 43 23 17 19 18 16 16 19 23 25 23 23 28 34 37
34 33 29 25 23 22 20 16 16 21 31 44 54 62 66 68 70 73 75 77 79 81 83 85 87 88 89 90 92 94 95 98 102 105 109 112 114 116 119 121 120 120 121 123 124 124 124 123 124 125 125 125 127 126 128 130 135 141 144 144 143 143 142 141 141 141 143 147 149 147 147 147 147 146 147 147 146 146 145 145 143 140 139 141 143 142 140 138 136 133 131 128 125 124 123 122 119 116 111 107 103 97 87 70 44 23 18 17 18 18 16 17 24 26 27 25 25 32 37 36
34 32 30 26 24 25 23 19 17 16 19 29 42 53 60 65 68 70 73 75 77 79 81 83 86 89 92 93 94 95 95 94 96 102 108 112 114 117 120 122 123 122 122 124 126 128 130 131 133 135 137 137 139 141 142 143 146 151 154 156 155 154 152 149 150 150 151 154 154 153 153 153 153 152 152 152 151 150 149 149 149 147 145 144 144 142 141 137 134 131 128 127 124 122 120 120 117 112 105 101 97 88 70 45 25 17 17 17 17 18 18 21 27 27 25 26 30 33 35 36
35 35 33 28 26 27 26 22 18 17 16 18 27 40 52 59 64 67 70 72 75 77 80 82 84 88 92 95 95 96 97 95 92 94 101 109 115 119 121 123 125 125 125 126 129 131 134 137 140 143 145 147 150 152 154 155 156 158 159 160 160 159 158 155 154 155 156 157 157 156 155 156 156 156 156 155 154 153 151 152 153 152 150 148 146 143 140 135 131 127 126 126 125 122 120 118 114 107 99 94 88 71 46 24 17 17 17 17 19 19 20 25 29 28 26 26 31 33 34 35
34 37 37 33 29 29 28 25 20 18 17 15 17 25 37 49 58 63 66 69 71 74 78 80 83 87 91 95 96 96 96 96 94 92 96 107 115 120 123 125 126 128 128 129 132 134 137 141 145 148 150 152 157 159 161 163 163 162 162 162 161 161 162 161 159 158 158 158 158 157 155 155 156 157 158 158 156 154 153 154 156 154 152 149 145 141 136 130 125 121 121 123 123 121 117 112 107 100 94 86 70 46 25 17 17 17 18 19 21 21 24 29 30 28 26 25 29 32 34 35
33 37 38 36 32 31 29 25 21 20 21 18 14 16 23 36 48 56 62 65 68 71 75 79 82 86 89 93 95 95 95 98 99 100 104 109 115 119 122 125 127 128 129 131 133 135 139 144 148 151 152 155 159 161 162 165 166 164 165 164 163 163 163 165 162 160 161 159 156 155 152 152 155 157 159 159 156 154 153 155 156 155 151 147 142 137 132 125 119 117 117 119 118 116 111 105 99 92 84 68 44 24 16 16 18 18 20 23 24 22 26 29 27 23 23 27 33 35 36 37
38 39 40 38 35 33 31 28 25 23 24 21 16 13 14 20 32 46 55 60 64 67 72 76 80 83 86 90 93 94 95 97 101 104 108 112 114 117 121 123 125 128 130 131 132 134 138 144 148 151 153 156 159 160 161 163 163 163 165 166 166 164 162 164 163 162 162 160 156 151 148 150 154 158 160 160 156 153 153 154 157 156 151 145 139 133 127 121 116 115 115 116 114 110 104 98 91 80 64 41 22 16 17 18 20 21 24 27 25 22 26 26 23 21 24 30 36 37 37 39
40 43 43 40 37 34 34 32 29 28 27 23 18 15 14 14 18 30 43 52 58 63 68 72 77 80 84 87 90 92 94 94 96 101 106 110 112 115 118 121 124 127 129 131 131 133 137 140 145 150 154 156 158 158 159 159 160 161 162 163 165 165 161 158 159 161 160 159 157 150 146 147 152 157 160 160 158 154 152 153 155 154 149 142 135 129 124 120 116 114 114 111 109 104 98 91 80 62 39 22 15 16 18 21 23 26 27 26 22 24 27 26 24 24 27 33 36 37 39 44
39 45 45 42 39 34 35 35 33 30 30 25 19 17 18 16 14 16 27 39 50 56 62 67 73 77 81 85 88 90 90 90 91 95 100 105 110 113 116 120 122 124 128 130 131 131 133 136 141 147 152 154 155 155 154 155 157 157 158 159 160 161 159 153 153 156 157 157 155 151 148 148 151 156 158 158 158 156 153 152 152 150 145 140 132 126 121 118 115 114 111 107 103 98 91 80 61 36 20 16 17 18 21 24 25 27 26 21 20 26 28 28 25 24 27 34 38 41 45 48
41 42 43 42 39 35 36 37 35 33 31 28 24 23 22 20 16 14 15 23 35 47 54 60 66 72 77 81 84 86 87 86 89 90 90 95 103 109 114 117 120 121 125 129 131 130 130 133 137 142 147 150 153 153 151 151 153 151 151 153 154 154 154 151 149 151 152 152 151 150 149 150 152 154 154 154 154 154 152 150 147 144 140 136 129 122 117 113 110 109 106 102 97 89 78 60 38 19 17 18 20 23 25 26 25 24 23 20 22 29 30 29 26 25 31 39 42 44 45 45
43 43 42 42 40 37 37 37 38 36 32 31 30 28 26 24 20 15 13 13 20 32 43 51 58 64 70 75 79 82 84 85 87 88 85 87 95 103 108 113 116 118 121 124 127 128 129 132 136 138 142 145 148 148 145 146 148 146 146 148 148 147 148 149 147 145 146 146 146 146 146 148 151 151 151 150 149 150 149 146 143 139 135 131 125 118 112 107 105 102 99 96 89 76 57 36 22 17 19 21 23 25 26 26 26 26 26 24 25 29 30 31 31 31 38 44 44 42 41 42
45 45 44 43 41 38 37 38 39 37 34 34 33 31 30 27 22 19 16 14 15 19 28 39 47 54 61 67 72 76 79 81 83 85 85 86 92 97 102 107 111 113 115 118 121 124 127 130 134 136 138 141 143 142 139 139 141 142 142 142 142 142 142 144 143 141 141 142 143 143 142 143 146 145 145 145 143 143 143 141 137 133 129 125 120 113 106 101 98 96 91 86 74 54 35 22 17 18 20 22 24 24 25 26 27 28 27 24 27 32 34 35 33 34 38 42 43 43 45 47
46 46 47 46 44 40 38 38 39 38 36 35 35 34 33 29 25 23 22 21 18 15 17 24 34 42 50 58 64 69 73 77 80 82 85 87 90 94 97 102 105 109 110 113 116 120 124 127 131 133 135 137 137 136 135 133 134 136 136 136 135 135 136 138 138 137 137 137 138 139 139 138 139 139 139 139 138 137 136 134 130 126 123 119 113 106 100 95 91 88 81 68 50 31 20 18 19 22 23 23 24 24 24 25 27 30 28 25 32 36 38 37 31 32 36 40 44 47 49 48
42 42 44 45 46 44 42 41 41 39 38 37 37 36 34 31 28 28 28 27 24 19 15 13 18 28 37 46 54 60 64 69 73 77 81 84 86 89 93 97 101 104 105 107 111 115 118 120 124 127 130 132 131 131 131 130 129 130 131 131 130 129 130 132 133 133 133 132 132 133 134 133 133 134 134 132 132 130 128 127 123 120 116 111 106 100 94 89 85 78 65 47 31 21 18 20 22 23 22 23 24 26 27 28 33 35 29 28 35 38 38 36 33 34 41 45 45 47 45 42
42 41 39 40 44 45 44 44 43 44 42 38 36 36 35 32 31 31 30 29 27 23 18 14 13 15 21 31 40 48 54 60 66 70 74 77 79 83 88 92 95 98 101 102 105 109 112 113 116 120 124 126 126 126 126 126 126 125 126 126 126 125 125 126 127 127 126 126 127 127 127 127 128 129 128 126 124 122 121 118 115 111 107 102 96 91 85 79 69 57 42 29 22 20 21 22 22 21 21 22 27 31 33 37 40 37 27 29 33 34 35 36 35 39 46 46 43 44 43 43
44 41 40 39 42 42 42 42 41 44 43 41 39 39 37 34 32 32 32 32 29 25 22 20 18 17 15 18 25 33 40 48 55 61 66 69 71 75 79 84 87 90 93 96 99 102 105 107 109 112 117 119 119 120 121 121 121 121 120 121 121 121 120 121 121 121 120 120 121 121 120 120 121 121 121 120 117 113 111 109 106 102 97 93 87 80 72 61 46 35 25 21 21 23 23 23 24 24 26 30 33 35 36 38 38 31 26 33 35 35 36 36 35 40 42 42 42 41 44 46
48 45 44 43 43 41 39 38 37 39 42 42 42 41 40 38 36 35 34 32 29 26 24 23 23 22 20 16 16 20 26 34 42 50 56 61 64 67 70 74 77 81 85 88 91 95 98 100 102 105 108 111 112 114 115 115 116 116 116 116 117 117 116 115 114 114 114 113 114 114 114 114 114 114 112 111 109 105 102 99 95 91 87 83 76 66 53 39 29 22 19 19 20 22 24 26 27 29 34 35 34 34 35 35 33 28 31 38 38 36 35 33 34 37 38 39 41 41 45 45
47 45 47 49 49 47 43 40 36 37 43 42 40 41 41 41 40 38 34 32 30 27 25 25 25 25 24 21 17 15 16 19 26 35 43 51 56 60 62 65 68 72 75 78 82 85 88 91 94 97 100 102 104 106 108 109 110 110 110 111 112 113 112 110 108 107 107 107 106 106 106 106 106 105 102 101 99 95 91 87 83 79 74 68 56 44 32 24 21 19 20 21 23 26 28 28 28 30 33 33 36 39 39 38 33 28 33 35 33 30 31 33 35 39 41 40 43 46 46 47
42 39 42 48 50 50 48 45 43 42 43 41 39 39 38 39 41 41 37 35 34 32 30 29 29 26 25 23 21 18 17 15 16 20 27 37 45 52 56 59 61 64 67 70 73 77 79 82 85 89 92 95 97 97 99 102 103 103 103 104 106 107 107 105 102 100 99 99 99 98 97 96 96 95 92 90 87 84 79 74 70 63 55 47 37 26 19 18 19 21 23 24 27 29 28 28 30 33 34 35 38 39 40 37 28 29 33 31 30 31 32 33 37 40 42 41 45 49 49 49
43 38 38 41 43 46 48 45 45 48 48 46 43 40 36 37 41 42 38 36 37 36 35 33 32 29 27 25 23 22 21 19 16 16 16 20 29 38 45 50 53 56 58 61 64 67 70 72 76 80 83 87 88 87 89 92 94 95 95 97 98 99 99 98 95 92 91 90 89 88 87 85 84 83 79 77 74 70 64 57 50 42 36 28 23 19 18 21 23 25 25 25 25 26 28 32 36 37 37 36 35 34 33 31 27 31 34 31 34 36 35 36 41 41 43 45 49 54 51 47
44 41 39 39 40 43 42 38 40 45 48 47 45 42 41 42 42 40 36 34 34 36 36 35 34 32 30 28 26 25 24 22 20 18 15 15 17 22 30 37 41 46 49 52 54 57 60 61 65 69 73 76 77 77 79 81 83 85 86 87 88 88 88 87 85 83 81 79 78 77 75 74 73 70 65 61 57 50 43 36 30 24 23 20 19 19 20 23 24 25 26 27 28 29 32 35 37 35 35 36 34 32 32 29 27 33 33 33 36 34 34 40 44 42 47 51 51 46 42 43
41 42 42 43 44 44 40 37 38 39 43 44 45 43 43 44 43 41 38 34 35 37 37 37 34 33 32 30 29 27 25 25 23 21 20 19 16 15 16 20 26 32 36 40 43 46 49 51 54 57 60 63 65 65 67 69 71 73 74 75 75 75 74 73 72 71 69 67 65 65 63 60 58 54 46 40 35 29 24 19 18 18 19 21 21 22 22 23 24 26 28 30 32 33 34 36 35 33 34 36 35 35 37 30 27 36 38 37 36 34 36 44 46 43 45 48 46 42 40 45
42 43 43 46 46 45 42 40 41 40 41 42 42 39 40 44 45 44 41 38 38 39 39 38 35 33 32 32 32 30 29 28 26 25 24 23 21 18 15 14 15 18 22 27 31 34 37 39 42 46 48 51 52 53 54 56 58 59 59 60 61 60 59 58 58 57 56 54 52 50 47 44 39 35 28 22 18 17 18 17 17 20 21 22 23 24 24 25 26 29 30 30 30 33 37 35 34 35 37 37 36 37 36 29 32 39 40 37 36 39 40 43 40 38 39 43 46 46 45 45
42 44 42 41 42 42 42 41 41 43 43 43 42 37 38 41 43 43 44 43 41 41 41 40 37 33 31 33 33 31 30 29 28 28 27 26 25 22 19 18 16 14 14 16 17 20 23 26 29 33 35 37 38 39 40 42 44 45 44 45 45 45 44 43 42 41 40 38 35 32 28 25 23 22 18 15 13 15 18 19 21 22 22 24 25 25 26 28 30 31 30 30 31 34 36 35 35 37 38 40 42 41 35 32 39 42 41 37 35 37 39 38 35 36 42 46 47 48 45 41
42 43 42 40 41 39 39 43 42 42 44 43 43 42 40 39 39 39 39 39 40 44 45 42 39 34 34 37 35 33 32 30 29 28 28 28 26 25 23 23 22 19 17 15 14 14 14 16 18 20 23 24 25 25 27 29 30 30 30 30 30 30 29 28 27 26 25 23 20 18 17 16 16 16 15 16 18 20 20 20 22 24 26 27 26 24 26 30 32 31 30 33 34 34 36 37 38 40 42 44 45 42 35 35 40 39 32 29 30 32 37 41 41 43 45 43 43 43 40 36
42 43 44 44 43 39 41 44 41 39 42 40 40 42 40 40 41 42 42 40 39 43 44 43 42 40 39 39 38 36 35 30 29 29 29 29 28 27 25 26 25 24 22 20 18 16 15 14 14 14 14 15 15 14 16 17 18 18 19 19 18 18 17 16 16 15 15 14 13 14 16 16 15 15 18 21 23 23 22 22 24 28 29 28 25 26 29 33 35 34 34 36 35 36 41 42 41 45 46 45 43 37 31 35 38 37 31 29 32 35 39 42 44 43 42 38 36 36 35 34
42 44 49 47 42 39 43 44 39 40 42 39 38 40 40 42 43 44 46 44 41 41 39 40 41 40 40 41 41 39 37 32 31 33 33 33 33 31 28 29 28 26 25 24 21 20 18 17 16 15 14 14 13 12 12 13 13 13 13 13 12 13 13 13 14 14 14 14 14 16 18 18 17 19 22 25 26 24 22 24 27 31 31 28 27 30 33 36 38 39 38 38 40 41 42 42 41 43 45 42 38 31 28 35 37 37 36 34 35 39 40 40 41 38 36 35 32 33 34 34
