53 55 58 61 63 64 65 68 70 71 71 72 73 75 76 78 79 81 83 86 89 92 95 97 98 99 101 103 104 106 109 111 114 118 123 127 127 126 126 124 123 121 120 120 120 119 119 117 116 115 113 110 107 105 104 103 101 99 97 93 91 90 89 89 88 87 86 85 86 87 87 87 87 87 86 85 84 84 84 82 81 79 78 77 76 76 76 75 74 73 73 72 72 72 72 71 70 69 67 66 64 63 61 60 58 57 57 56 56 55 54 54 52 49 47 43 39 36 32 28
52 55 58 61 64 66 68 71 73 73 73 74 74 75 76 78 80 81 83 84 87 91 95 98 99 100 101 102 102 104 107 108 110 114 119 122 124 125 123 120 118 118 119 118 117 116 115 113 110 110 108 106 104 103 102 102 100 97 95 91 89 88 88 88 87 86 85 85 85 85 85 86 86 86 85 84 84 83 83 82 80 79 78 77 76 76 75 74 74 74 74 74 74 73 73 72 71 69 68 67 65 64 62 61 60 58 58 57 57 56 55 53 51 49 46 43 39 35 31 27
52 55 59 62 65 68 70 73 73 74 74 74 74 75 76 78 80 81 82 83 85 89 93 95 97 99 100 101 100 102 104 106 108 112 116 117 119 121 119 117 116 116 115 114 112 110 108 106 104 104 103 101 99 98 98 98 97 95 93 90 88 87 87 87 87 86 86 85 84 84 86 86 85 85 85 84 84 82 82 82 81 81 80 78 77 77 76 75 74 74 74 75 75 75 74 73 72 70 69 67 66 65 64 62 61 60 59 58 58 56 55 53 51 48 45 42 39 35 31 27
52 57 61 64 66 69 71 72 74 75 75 75 75 75 76 78 80 82 83 82 83 86 90 92 94 97 99 100 100 102 104 106 108 111 113 115 116 116 115 114 114 113 112 111 110 108 105 103 102 101 100 99 97 96 96 95 94 93 91 89 88 88 87 89 89 88 88 87 86 87 88 87 87 87 87 86 85 84 84 84 84 83 82 81 79 77 76 75 75 74 74 75 75 75 75 74 73 71 69 68 67 66 65 63 62 61 60 59 58 57 56 54 52 49 46 43 39 35 31 27
54 58 62 65 67 69 70 72 74 75 75 76 76 77 78 80 81 83 83 83 85 87 89 91 94 97 99 100 102 104 104 106 109 112 114 114 115 115 115 114 114 113 111 109 109 107 105 103 103 103 102 101 100 99 98 97 96 94 93 91 89 89 90 90 91 91 90 90 90 90 89 89 89 88 87 87 87 86 86 85 84 84 83 81 79 78 77 76 76 75 75 75 75 75 75 74 73 71 70 68 67 67 65 64 63 62 61 59 59 58 56 54 52 49 46 43 39 35 31 27
56 60 64 65 66 68 70 72 74 76 77 77 78 79 80 82 82 83 85 85 86 87 89 92 96 99 101 104 105 106 106 107 110 112 114 114 115 116 115 114 113 111 111 111 110 108 106 105 104 103 103 102 102 100 98 98 97 96 95 94 92 91 90 91 91 92 92 92 91 91 91 90 90 90 89 89 89 88 87 86 85 84 84 82 81 80 78 77 76 76 76 76 75 75 75 73 73 71 70 68 67 66 66 64 63 62 61 60 58 58 56 54 51 49 46 43 39 36 31 27
59 62 65 66 68 70 72 73 76 77 78 79 79 80 81 82 84 85 86 87 87 88 90 93 97 99 102 105 106 107 108 109 111 113 114 115 117 117 117 115 113 111 110 111 110 109 107 106 104 103 102 102 101 101 100 99 98 97 96 95 94 93 92 92 92 92 93 92 92 92 91 91 91 91 91 91 90 89 88 87 86 86 86 84 83 81 80 79 78 77 77 76 76 76 75 74 73 72 70 69 67 66 65 64 63 63 61 60 59 58 56 54 51 49 47 44 41 37 33 28
62 65 66 68 70 72 73 75 77 78 78 78 79 80 82 83 84 86 87 87 88 89 91 94 97 99 101 104 106 108 109 111 113 115 116 116 117 117 116 116 114 113 112 112 113 111 110 108 106 105 103 103 102 102 102 101 99 98 97 96 95 95 94 94 94 94 95 95 94 94 94 94 94 94 94 94 92 91 90 89 88 87 86 85 84 82 81 80 79 78 77 77 77 76 76 76 75 73 72 70 68 67 65 64 63 62 61 60 59 58 56 54 52 50 48 45 42 39 35 30
64 67 68 70 71 72 74 75 76 77 77 78 79 81 82 83 84 86 87 87 88 90 91 94 96 98 100 104 106 109 111 113 115 117 118 118 119 119 118 117 116 116 116 116 115 114 113 112 110 109 108 107 107 105 103 103 102 101 100 98 97 97 97 97 98 99 99 99 98 98 98 98 98 97 98 96 95 94 92 91 89 88 86 86 85 83 82 81 80 79 78 78 77 76 75 74 74 73 71 70 68 66 65 64 63 63 62 60 59 57 56 54 52 50 49 47 44 40 37 33
66 68 70 71 72 73 74 75 76 76 77 78 78 79 81 83 85 86 88 90 91 92 93 95 96 99 102 104 107 110 113 116 118 119 119 120 121 121 120 120 121 122 121 121 121 120 118 117 114 113 113 113 113 111 108 107 105 104 103 101 100 100 101 102 103 104 104 104 103 103 102 102 103 102 102 100 98 96 95 94 92 91 90 88 87 85 83 83 82 81 80 79 77 75 74 74 74 73 72 72 70 68 66 64 63 62 61 60 59 58 56 54 52 50 49 47 44 42 38 34
67 69 70 72 73 74 74 75 75 76 76 76 77 79 82 84 86 88 91 93 95 95 96 97 99 102 105 108 111 114 118 120 122 122 122 124 126 125 124 125 126 127 126 126 126 127 124 122 119 118 119 119 120 120 117 114 111 110 109 108 106 106 106 108 109 110 110 110 109 109 109 109 108 107 107 105 102 100 99 98 97 95 94 92 91 89 87 85 84 83 82 80 79 77 76 75 75 74 74 72 70 68 66 64 63 62 61 60 59 58 56 54 52 50 49 47 45 43 40 37
68 70 71 72 73 74 74 74 75 75 75 76 77 79 82 84 87 90 92 95 97 97 98 100 103 107 111 113 116 120 124 126 127 126 127 129 131 130 131 132 132 132 131 131 131 131 131 128 126 125 125 127 128 128 125 124 121 120 119 117 115 113 112 114 116 117 116 116 114 114 114 114 114 113 111 109 107 106 105 104 102 100 98 96 94 93 90 88 86 85 84 82 81 79 77 77 76 75 74 72 71 69 67 64 63 62 61 59 58 57 56 54 53 51 50 48 46 44 42 39
69 70 71 72 74 74 74 74 74 74 74 75 76 77 80 83 85 89 92 96 98 99 100 103 107 112 116 119 122 126 129 131 132 131 132 133 136 138 140 142 142 141 140 137 136 136 136 136 133 130 129 131 136 137 136 134 131 131 130 126 122 120 119 122 124 123 120 119 118 119 120 119 118 116 115 113 111 110 110 108 106 104 102 100 97 94 92 90 88 86 85 83 81 80 78 77 76 74 73 72 70 68 66 64 62 60 59 57 57 56 55 54 52 51 50 48 46 45 43 40
69 70 71 73 74 74 73 73 72 72 71 71 71 73 76 79 82 86 90 94 97 99 102 104 109 112 117 120 124 127 130 133 134 134 134 136 140 143 145 147 147 147 146 141 138 138 139 139 137 135 132 132 135 138 139 139 137 137 136 132 127 125 123 126 128 127 125 122 121 122 123 123 121 118 117 115 113 112 112 110 108 106 104 101 98 95 93 91 88 86 85 83 81 79 78 76 74 71 69 67 65 63 62 59 58 57 55 54 53 53 52 52 52 51 49 48 46 45 44 41
70 71 72 73 74 74 72 71 69 68 67 66 66 68 71 74 77 81 85 91 94 97 101 105 108 111 114 117 121 123 126 129 131 132 133 136 138 141 144 145 147 148 145 140 136 134 134 133 135 135 132 131 132 134 136 135 135 134 132 131 128 125 124 126 128 126 124 120 118 119 121 122 121 119 117 116 114 113 112 111 109 106 103 100 97 94 92 90 88 85 83 82 80 78 75 73 70 67 64 61 59 57 56 54 54 52 51 50 50 50 50 50 50 50 49 48 47 46 44 43
71 71 72 72 72 72 70 67 64 62 61 60 61 63 65 69 71 75 79 84 88 93 98 101 104 105 107 110 112 114 116 120 124 127 130 132 134 137 140 143 143 143 139 136 131 127 126 124 126 126 125 124 124 127 127 126 127 127 125 123 122 119 118 119 120 120 118 116 114 114 114 116 118 116 115 114 113 112 111 110 107 104 101 97 94 91 89 86 83 81 80 77 75 72 69 67 65 62 60 57 54 52 51 49 48 46 46 46 45 46 46 47 48 48 48 48 47 46 45 43
70 71 70 70 68 66 63 59 57 55 54 54 55 57 59 62 64 68 70 74 78 83 88 91 93 93 94 97 97 99 101 104 112 117 122 126 128 131 134 135 136 135 132 128 124 121 119 116 115 115 114 114 116 116 117 118 118 118 115 114 113 111 110 111 112 113 112 110 109 107 107 109 110 109 108 109 109 109 108 105 102 99 96 91 87 84 82 79 76 74 72 69 67 66 63 61 59 56 54 52 49 47 45 44 42 41 40 40 39 40 42 43 45 46 47 47 46 46 45 44
69 69 67 65 61 58 54 52 51 50 49 49 49 50 53 55 57 60 62 67 70 71 74 77 78 77 77 79 80 81 83 86 93 99 106 115 118 123 124 123 123 122 119 117 114 113 111 108 107 107 107 108 108 109 110 109 109 109 108 107 106 106 106 105 104 104 104 103 102 101 101 101 100 100 99 100 100 101 99 96 92 88 85 79 74 71 69 66 65 63 61 58 57 57 55 52 50 48 46 46 45 43 42 40 39 37 36 35 34 34 36 38 41 43 45 46 45 45 45 44
67 66 63 58 54 50 47 46 46 45 44 44 44 46 48 51 52 54 56 58 59 59 60 62 62 62 61 62 62 63 64 67 73 77 85 94 99 107 110 110 109 108 106 105 103 102 102 100 101 101 102 103 104 105 105 105 104 104 104 105 103 102 102 101 100 100 99 99 97 96 94 93 92 91 90 89 90 90 87 84 80 75 71 65 60 56 55 53 52 50 49 48 47 46 45 43 41 41 40 41 40 40 39 38 36 35 33 31 30 29 30 31 35 39 42 44 45 45 45 44
65 63 58 52 48 45 43 41 40 41 40 40 42 43 45 46 48 48 49 50 49 48 49 50 49 49 49 49 49 50 51 53 56 60 67 74 80 88 93 93 94 94 93 94 93 92 92 91 93 95 96 98 99 101 102 102 101 101 102 102 101 100 99 98 98 97 97 96 94 90 87 85 83 81 79 79 78 77 74 70 67 61 57 51 47 44 42 40 40 40 40 39 38 36 36 36 36 36 36 37 37 38 37 36 35 33 32 30 28 26 26 26 29 34 39 42 44 44 44 44
63 59 53 49 44 40 38 36 37 38 39 39 40 41 42 43 44 45 45 45 43 42 42 42 41 41 41 41 41 43 44 46 48 50 55 60 64 68 73 75 77 79 80 82 82 83 82 82 84 87 90 93 95 97 99 99 99 99 100 100 99 98 97 96 95 95 94 93 90 86 82 78 74 70 69 69 67 64 63 59 55 49 44 39 36 35 33 31 32 33 34 33 32 31 32 33 34 34 35 36 36 36 36 36 34 33 32 30 28 27 26 25 26 30 34 39 42 43 44 44
60 56 50 45 41 38 36 36 37 38 39 39 39 40 41 43 43 43 42 41 39 37 37 37 37 37 37 37 37 39 40 42 45 46 48 52 54 56 59 61 64 67 69 72 72 74 74 74 77 80 85 89 92 94 96 97 98 97 98 98 98 97 95 93 93 92 90 88 85 82 77 71 67 62 60 59 56 54 53 51 47 41 36 32 30 28 27 27 28 29 30 30 31 31 31 32 33 34 35 36 36 36 36 35 35 34 32 31 29 28 26 26 26 28 32 36 40 42 44 44
58 53 49 46 43 40 38 39 39 40 41 41 41 42 43 44 45 45 44 41 40 38 37 37 37 38 38 37 38 39 41 42 44 46 46 48 50 50 51 54 56 58 60 63 65 66 68 68 71 75 80 85 89 93 95 96 96 96 96 96 95 94 92 91 89 88 86 84 81 77 72 66 61 55 51 49 48 47 46 44 40 36 32 30 28 27 26 27 28 29 30 32 32 32 32 33 33 34 36 37 37 37 37 37 36 35 35 34 32 31 29 28 28 29 32 35 39 42 44 44
57 53 49 47 45 43 42 43 43 44 44 43 44 45 46 47 49 48 48 45 44 42 42 42 41 41 41 41 42 43 43 44 45 46 46 46 47 47 48 49 51 53 55 57 58 60 62 64 66 69 74 80 85 89 92 93 93 93 93 92 91 90 89 87 85 84 83 80 76 72 66 61 55 49 45 44 43 43 42 39 36 33 31 30 29 29 29 30 31 32 33 35 35 35 36 36 37 37 37 37 37 38 38 38 38 38 38 38 37 36 34 33 32 32 33 35 38 41 44 44
56 52 50 48 48 48 47 48 48 48 49 49 49 50 51 53 54 55 54 51 52 51 52 51 49 48 48 48 49 49 48 47 46 46 46 46 46 46 45 46 48 50 51 53 54 57 60 62 64 67 71 77 82 86 88 90 90 90 90 89 88 87 85 83 81 80 79 76 72 67 62 57 51 46 43 41 41 40 39 38 35 34 32 32 33 33 34 36 37 38 39 41 42 43 43 43 43 42 42 41 41 40 40 41 41 41 41 41 40 39 38 37 35 35 35 37 39 41 43 44
57 54 52 52 53 53 54 55 55 54 55 55 55 56 56 59 61 63 64 63 64 63 65 63 61 59 57 55 55 55 53 51 49 48 47 47 46 45 44 45 46 47 48 49 50 54 58 60 62 65 70 75 79 83 85 86 87 87 87 86 84 83 82 80 78 75 74 71 66 61 57 52 48 44 41 40 40 39 39 37 36 36 35 37 39 39 41 44 45 47 49 51 53 53 53 53 52 51 50 48 47 44 44 44 44 44 45 44 44 42 41 39 38 37 37 38 39 41 43 44
58 55 55 56 57 58 59 60 60 59 60 59 58 60 64 67 69 72 74 75 75 75 78 76 74 72 70 66 65 64 61 58 54 53 51 49 47 46 44 44 45 46 46 48 48 52 56 59 61 64 68 73 77 81 83 84 85 86 85 83 82 81 80 78 75 72 70 67 62 57 53 50 47 44 42 40 39 39 39 39 39 39 41 43 47 49 52 56 58 60 62 65 67 66 66 66 65 63 59 56 54 50 49 48 47 47 48 48 47 46 45 43 41 39 39 39 40 41 43 44
58 57 58 59 61 61 62 63 63 63 63 63 62 65 69 73 77 79 82 84 87 88 91 89 89 86 82 78 76 74 71 67 62 60 57 54 51 48 46 45 45 46 47 48 49 51 54 57 59 63 67 71 76 79 81 82 84 85 84 82 80 79 78 75 73 70 66 63 60 55 51 48 46 45 43 41 40 40 41 42 43 44 48 52 57 61 65 70 72 74 76 79 80 80 79 77 74 72 68 64 61 56 54 52 51 50 50 50 49 47 46 45 43 41 40 39 40 41 42 43
59 58 59 60 61 62 63 64 66 66 67 67 68 71 74 79 83 86 90 93 97 99 101 101 101 99 94 89 88 85 82 78 73 69 65 60 56 52 50 48 47 48 49 49 50 52 54 57 59 62 66 70 74 77 79 82 84 85 84 82 79 77 76 73 72 69 65 61 57 54 50 48 46 45 44 44 43 43 44 45 48 52 57 63 70 75 81 84 87 88 89 90 90 89 88 84 81 78 74 71 67 62 59 56 55 53 52 51 50 49 47 46 44 43 41 40 40 41 42 43
61 61 62 62 63 64 65 66 68 69 71 72 73 74 79 84 89 92 95 99 103 106 109 109 110 108 105 100 97 95 91 87 82 77 72 68 63 59 57 54 52 51 52 52 53 55 57 59 61 64 67 69 73 76 79 82 85 87 86 82 79 77 75 72 70 67 64 60 56 54 51 49 48 47 47 47 47 47 49 52 56 61 68 76 83 89 94 97 99 99 98 98 97 95 93 90 85 82 78 74 71 66 63 60 57 55 54 52 51 49 48 47 46 44 43 41 41 41 42 43
63 63 63 63 64 64 65 68 69 71 72 74 75 77 81 86 91 95 99 103 107 112 115 116 116 114 109 105 102 99 96 92 87 83 78 74 70 66 62 59 57 56 56 56 57 58 60 62 63 66 69 71 74 78 82 85 88 89 88 83 79 76 74 72 70 67 64 61 57 54 53 52 51 50 51 52 53 54 57 60 64 70 78 86 93 99 103 105 105 104 103 103 101 98 95 91 87 83 80 76 72 68 65 62 59 56 54 53 51 50 49 47 46 45 44 42 41 41 42 43
65 65 65 65 65 65 66 68 70 72 73 76 77 80 83 87 91 95 99 104 108 113 116 117 118 116 111 107 103 101 98 94 89 85 81 78 74 71 67 64 62 61 60 59 60 61 63 64 66 69 72 74 77 80 85 89 91 92 91 87 83 79 76 73 71 68 65 62 59 57 55 55 54 54 55 57 58 61 64 67 72 79 85 92 97 102 106 107 106 106 105 103 101 97 93 89 86 83 80 76 71 68 65 63 60 57 55 53 51 50 49 47 46 45 44 43 43 42 42 43
67 67 67 66 67 67 68 69 71 73 74 76 78 81 83 86 90 92 96 100 104 110 113 115 115 113 109 104 100 97 94 90 87 83 81 78 75 72 69 66 64 63 62 62 63 63 65 67 68 71 74 78 82 85 89 94 96 97 95 91 87 83 79 75 72 70 67 65 62 60 58 56 56 57 58 60 62 65 68 72 76 81 86 90 93 98 102 104 104 103 103 102 100 96 91 87 84 81 77 73 69 67 64 61 59 57 55 53 52 50 49 48 47 45 45 44 44 43 44 44
68 67 68 67 68 69 69 70 72 73 74 74 76 79 84 87 85 87 90 93 96 102 103 106 107 102 98 94 90 87 84 80 77 74 73 73 71 69 67 65 64 64 64 63 64 65 66 68 70 73 77 82 86 90 95 100 103 104 101 95 91 87 82 78 75 72 69 67 65 62 59 57 57 58 59 62 64 68 71 72 74 76 78 82 84 90 94 98 99 97 98 96 93 90 85 80 76 73 70 67 64 62 60 58 57 55 53 52 51 50 49 48 47 46 45 45 45 45 45 45
69 69 68 74 81 74 68 67 67 66 66 65 66 69 75 78 79 86 90 91 89 87 88 90 89 85 83 79 75 72 69 66 66 64 62 60 59 59 58 58 58 60 60 61 63 66 68 71 73 76 80 85 90 95 100 105 109 112 109 101 97 91 85 79 75 73 70 68 66 63 60 59 58 58 59 62 66 69 68 65 65 68 70 72 74 77 80 85 85 83 80 77 75 72 68 65 62 59 57 55 53 55 53 53 51 50 49 48 48 47 47 46 46 46 45 46 46 46 46 46
71 69 66 74 81 74 68 63 60 59 58 57 57 60 65 67 71 81 88 87 80 77 79 78 75 73 73 68 65 63 60 58 58 57 55 52 53 54 54 55 56 56 57 59 61 65 67 72 76 79 84 89 94 99 103 109 115 118 115 108 102 94 85 77 73 71 70 69 66 63 60 57 55 58 62 62 62 63 62 60 63 63 65 66 66 68 70 67 64 65 62 59 57 58 55 53 51 49 49 49 47 46 46 45 43 42 42 41 40 40 40 40 42 43 45 46 46 47 47 47
68 66 70 83 88 80 69 61 59 57 58 57 57 57 57 57 60 65 67 65 60 64 65 69 66 63 61 57 55 53 51 50 50 51 53 54 54 54 54 55 56 55 56 58 62 64 67 70 75 80 86 92 97 101 106 112 118 122 120 113 107 98 87 74 68 68 69 68 65 60 54 51 53 57 63 65 62 61 62 63 63 61 60 58 54 52 51 47 44 46 49 47 46 44 42 41 40 39 39 40 38 36 37 38 37 36 37 36 36 37 38 38 38 40 43 45 47 48 49 49
64 70 77 80 88 82 68 60 57 56 52 50 47 44 43 42 41 40 38 35 33 35 33 39 37 35 35 32 31 30 30 31 35 38 43 49 52 55 58 58 59 59 60 62 64 65 68 66 69 77 85 93 98 102 106 113 120 125 123 116 109 101 89 76 67 65 67 66 60 54 51 53 57 60 66 68 68 68 68 65 60 58 52 45 38 34 30 32 32 31 33 31 30 29 29 29 29 29 29 29 29 31 31 32 32 33 34 34 36 38 39 40 41 41 41 43 46 49 50 50
67 71 73 69 68 66 61 56 50 47 42 38 34 31 29 28 27 27 26 25 23 21 19 19 21 20 18 18 17 17 18 21 23 24 28 34 42 50 55 60 64 66 70 74 76 74 73 69 67 73 84 94 100 103 107 113 120 125 122 116 108 99 89 78 70 68 66 60 54 53 57 60 60 63 67 69 70 69 64 58 51 45 37 31 26 23 21 23 23 21 21 21 20 20 21 23 24 24 24 24 24 27 27 27 28 30 32 33 35 38 40 42 44 45 45 45 47 49 51 51
70 72 72 72 70 66 61 55 49 46 43 41 38 33 30 32 34 33 32 31 29 24 21 20 20 19 18 18 18 17 19 23 25 24 23 24 31 42 52 61 67 72 76 78 81 81 80 77 69 69 79 90 96 99 100 103 109 112 108 102 95 93 85 79 73 68 60 53 55 60 63 63 63 65 69 70 69 65 58 49 40 32 28 25 23 20 18 19 18 17 18 17 17 19 21 24 25 26 25 25 24 24 26 26 28 30 33 35 38 40 42 44 45 47 49 49 49 51 51 51
72 76 79 77 73 69 65 60 56 53 52 55 53 47 44 46 46 42 42 42 39 31 25 23 22 21 19 19 19 20 23 28 29 29 26 25 26 35 49 64 74 79 83 82 82 81 81 79 72 66 68 74 77 78 78 81 88 88 85 84 79 79 74 70 65 58 51 51 58 62 63 64 67 70 72 74 74 70 58 44 34 29 29 28 26 22 19 18 17 16 17 17 18 21 25 28 29 29 28 27 27 27 28 29 33 36 40 43 47 48 48 50 50 50 50 50 50 51 52 51
74 80 81 78 72 70 70 70 70 66 66 66 64 61 57 53 51 49 48 48 46 39 32 28 27 26 22 22 23 27 32 37 38 37 34 36 35 38 50 66 79 87 94 94 92 90 88 85 76 61 52 53 55 60 62 68 76 76 76 79 74 67 62 56 51 45 43 49 56 60 63 66 69 73 77 82 82 74 57 42 35 32 35 38 37 32 27 23 21 20 20 21 23 27 31 34 35 35 34 33 33 34 36 38 42 46 50 54 57 58 58 58 58 58 55 53 49 49 49 47
75 81 79 76 76 80 84 85 83 80 79 78 75 73 69 66 64 62 58 57 56 53 48 45 45 41 35 35 37 40 44 48 51 51 50 54 56 57 61 71 84 96 105 104 100 97 95 94 87 67 48 49 57 64 70 78 86 90 87 81 77 67 62 53 48 43 42 48 54 59 66 69 71 75 81 87 87 77 60 49 47 46 50 53 54 49 42 36 32 30 28 30 32 36 40 43 43 44 43 43 44 44 47 50 54 57 60 63 65 65 65 64 63 63 62 59 52 45 43 42
74 79 78 82 87 90 92 92 92 90 89 88 87 86 84 82 81 79 73 72 71 68 64 61 60 55 51 52 54 57 60 63 67 69 71 76 79 79 81 83 92 105 113 109 103 99 96 96 92 74 57 60 71 76 81 87 93 97 90 79 78 74 69 62 55 50 44 46 52 60 68 72 73 76 83 90 91 82 71 66 66 65 68 70 70 65 61 54 48 45 44 45 47 49 51 52 53 54 55 55 56 56 59 61 64 66 68 70 71 71 69 67 65 65 63 61 56 45 39 37
71 77 82 89 92 95 97 98 99 99 99 99 98 97 97 96 95 94 89 87 87 87 88 87 82 76 71 71 73 74 76 78 80 83 86 90 92 94 95 96 101 111 114 110 105 99 96 93 90 76 63 61 64 67 68 74 77 78 74 70 68 69 65 61 57 50 43 44 51 61 69 73 75 78 85 91 93 89 84 81 82 82 82 82 81 77 74 70 66 64 63 62 61 61 63 65 67 69 69 69 69 67 69 70 72 73 74 75 75 74 72 70 67 66 65 62 56 48 39 36
69 76 84 90 94 97 100 102 104 106 107 107 107 107 106 105 105 105 103 101 101 100 101 100 95 89 86 85 85 85 86 88 90 91 92 94 97 100 101 102 106 112 111 107 104 99 95 93 89 75 61 54 52 52 52 56 59 62 64 64 61 60 58 57 54 48 41 41 49 60 68 73 76 79 84 90 92 92 92 91 91 91 91 90 89 86 84 82 79 78 78 78 76 77 80 81 81 81 80 79 78 76 77 77 79 79 79 78 77 76 74 72 69 68 66 62 57 52 43 37
64 72 81 88 94 98 101 105 108 111 114 114 113 111 109 108 109 109 110 109 109 107 102 100 95 91 91 90 90 90 90 92 93 92 92 93 96 99 101 104 107 110 107 103 101 98 94 92 85 70 55 49 51 53 57 60 67 71 73 71 68 62 59 55 52 47 40 38 45 56 66 72 75 78 81 86 91 93 94 95 95 95 95 94 92 90 90 89 88 88 88 88 88 88 89 88 87 86 85 83 83 83 83 83 84 84 83 82 80 78 75 72 70 68 67 63 58 53 47 40
55 65 75 84 93 99 103 107 112 116 119 116 112 109 110 110 110 110 110 109 108 106 105 102 99 96 95 94 94 94 94 94 93 92 92 92 95 98 101 104 106 107 105 103 102 100 91 83 75 61 48 44 51 60 71 78 85 90 86 81 79 74 69 61 54 46 40 35 39 49 59 67 73 76 79 83 87 90 93 95 96 97 97 95 94 92 91 91 91 90 90 90 91 91 91 90 89 88 86 86 86 86 86 86 87 87 86 85 82 79 76 73 71 68 66 63 59 56 53 46
48 60 68 78 90 98 103 109 115 118 116 111 108 107 108 109 110 111 111 112 111 109 107 105 103 100 99 100 100 99 100 99 97 95 94 96 98 100 103 105 106 105 103 104 104 96 78 66 60 51 43 39 51 66 78 88 94 96 92 88 85 83 78 69 57 47 39 33 33 40 48 59 69 75 78 81 84 88 90 93 95 97 96 96 95 93 92 92 92 92 91 92 92 92 92 92 90 89 89 88 87 88 87 87 88 87 86 85 82 79 76 73 70 68 66 62 58 57 55 50
43 59 66 72 84 95 102 109 114 114 110 106 106 107 108 109 111 113 115 116 116 114 111 110 107 105 103 102 100 99 99 97 96 96 97 98 100 103 106 106 106 105 103 104 102 88 70 57 51 43 38 40 55 71 81 89 93 95 93 91 88 86 81 74 61 48 39 32 29 30 37 52 66 74 78 81 84 87 90 92 94 96 96 95 94 93 91 91 92 92 92 93 93 93 93 92 90 90 90 89 88 88 87 87 86 86 85 83 80 77 74 72 69 67 65 61 58 57 56 54
45 60 65 69 80 90 97 104 108 108 105 104 105 107 109 111 113 115 117 117 115 112 111 109 107 103 100 98 96 95 94 94 94 96 98 99 100 103 106 107 107 104 103 104 102 91 73 57 45 36 36 43 58 74 86 93 97 99 98 96 95 93 88 80 67 52 40 31 27 26 34 48 62 73 78 82 85 87 90 92 93 95 95 94 93 92 91 90 90 91 91 92 92 91 92 91 90 89 89 88 87 87 86 85 84 83 82 80 77 74 71 69 67 65 63 59 58 59 57 57
44 58 63 63 73 83 89 95 99 101 101 102 106 106 106 105 106 107 109 109 108 106 106 103 101 99 96 94 92 91 92 93 94 96 98 98 99 102 105 107 107 105 105 105 103 94 76 57 40 36 40 49 64 78 93 100 105 107 106 104 103 101 97 89 77 61 45 35 29 29 35 44 58 70 77 81 85 87 88 90 91 91 91 91 91 90 89 88 88 89 89 89 88 88 89 88 88 88 87 87 86 85 84 84 82 81 79 76 73 71 68 66 64 61 60 58 58 59 58 59
42 55 61 59 66 76 82 87 92 95 99 102 102 98 93 91 91 96 101 103 103 102 102 99 96 94 92 91 90 91 93 94 96 98 100 100 100 102 105 107 106 105 105 105 103 95 80 59 43 44 49 60 72 87 101 108 112 114 112 110 108 106 102 96 86 69 52 40 34 34 37 44 57 69 76 80 84 86 88 89 89 89 88 88 88 88 88 87 86 86 85 85 84 84 84 85 86 86 86 85 84 83 81 81 79 78 76 73 70 67 65 64 62 59 58 57 58 60 58 60
45 51 63 60 59 67 77 83 90 95 99 99 96 89 81 76 78 85 93 96 99 99 99 96 93 93 92 92 92 93 95 96 98 100 102 102 102 103 105 106 105 105 104 106 103 95 81 60 51 54 59 68 79 92 105 112 116 118 116 114 111 108 104 98 91 77 61 47 39 38 41 47 58 67 74 79 83 85 87 88 89 89 88 87 87 87 87 86 85 84 83 83 82 81 82 83 83 83 83 82 81 80 78 77 76 74 72 70 68 65 62 61 60 59 57 56 59 59 57 60
57 51 60 64 61 66 78 85 91 97 99 96 93 87 76 68 70 78 86 91 95 96 95 94 92 93 93 93 93 94 96 97 99 100 102 103 104 105 105 105 104 103 104 106 105 97 80 63 58 60 65 74 83 96 106 113 118 120 118 116 113 110 106 101 92 81 67 53 45 41 44 51 59 66 73 78 82 84 85 86 87 88 87 87 87 87 87 86 85 83 83 82 82 82 82 82 82 81 81 80 79 78 76 75 73 70 68 66 65 63 62 61 60 57 58 57 58 58 57 60
68 57 60 65 66 73 83 90 92 96 96 92 90 87 77 68 68 75 82 88 91 92 92 92 91 91 92 92 93 94 96 98 98 100 101 102 104 104 103 102 100 101 102 104 104 93 75 65 63 64 71 79 88 97 106 114 118 119 119 117 114 110 107 102 95 84 72 59 49 43 45 52 60 66 71 76 80 82 83 84 84 86 86 86 86 86 86 85 84 83 82 81 81 81 81 81 80 80 80 79 78 77 75 73 71 69 67 64 63 62 62 62 59 57 59 58 58 57 57 59
79 68 65 67 71 78 88 95 91 90 89 89 89 87 79 72 70 74 80 85 87 88 90 91 90 91 91 93 94 95 96 97 98 99 99 100 102 102 99 97 97 98 99 101 98 85 72 69 67 69 76 83 92 99 106 113 118 119 118 117 114 111 106 102 95 86 75 63 54 47 45 51 59 66 71 74 77 80 81 82 83 84 84 84 85 85 85 84 83 82 81 81 81 81 81 79 78 78 78 77 77 75 74 72 70 68 67 64 63 62 63 62 58 59 59 58 58 56 57 58
87 78 73 76 76 78 83 89 88 86 86 87 88 87 82 78 77 79 82 85 87 88 90 91 91 92 94 95 96 97 97 97 97 97 98 97 98 97 95 94 94 96 100 96 82 75 74 73 71 73 78 86 95 102 107 112 116 119 118 116 115 111 106 101 95 86 76 67 59 51 46 47 54 63 69 72 75 77 78 80 82 83 83 83 83 84 84 84 82 81 80 80 80 81 80 79 77 76 76 76 76 74 73 71 70 68 67 65 64 64 64 60 58 59 58 59 58 56 56 57
91 86 82 83 82 80 79 76 79 81 83 85 86 86 85 84 84 85 87 87 88 89 90 91 93 94 95 97 99 100 99 98 97 97 98 96 95 94 93 92 92 93 92 81 75 78 75 71 72 76 82 90 97 104 109 113 117 119 119 117 114 110 105 99 93 85 75 67 60 54 46 47 51 59 66 69 72 74 76 78 80 81 82 81 82 83 83 83 82 81 81 81 81 80 80 78 77 76 75 75 75 74 72 71 70 68 66 65 64 62 60 58 59 59 59 61 59 55 55 55
96 92 88 90 92 88 81 72 72 74 76 77 78 80 81 82 82 84 85 85 89 89 89 91 94 95 96 98 100 101 101 99 96 96 97 95 92 89 86 83 84 81 76 76 82 81 74 72 75 79 85 92 97 102 108 113 117 120 120 119 115 112 106 100 93 85 77 69 62 58 51 45 47 52 56 60 64 67 70 74 76 78 79 80 81 82 83 83 83 82 82 82 81 80 78 77 76 75 75 74 73 72 70 69 68 66 64 62 59 56 56 57 57 59 65 61 56 55 54 53
98 95 92 88 95 102 98 89 84 79 75 74 75 76 79 80 80 81 84 84 84 85 85 86 87 89 90 91 93 93 91 92 89 87 86 81 78 75 73 73 73 75 78 86 88 81 75 75 79 83 89 93 96 101 107 112 119 122 122 120 117 113 107 101 94 87 79 71 65 61 56 49 45 47 49 51 54 56 59 62 65 71 73 74 77 80 82 82 82 83 82 82 81 79 77 76 74 73 71 70 69 67 66 65 63 61 59 57 55 55 56 56 59 67 67 59 56 55 53 51
96 96 98 92 90 98 101 97 92 88 83 81 80 80 80 81 83 84 81 82 76 75 75 76 76 79 80 81 83 82 82 82 81 77 74 75 74 75 76 78 81 84 89 92 88 81 77 78 82 87 92 95 97 101 106 111 117 122 123 121 117 113 109 102 95 88 81 74 68 63 59 54 48 46 47 51 54 55 56 58 59 62 65 66 68 71 74 76 76 77 76 75 74 73 71 68 66 65 64 63 65 64 63 59 57 58 57 58 59 59 61 63 68 68 61 57 56 54 52 50
96 98 100 100 96 93 95 93 88 87 84 83 83 84 82 82 84 86 86 86 84 83 82 82 83 83 85 87 89 91 93 90 89 88 90 92 90 87 86 84 83 83 86 83 81 79 78 80 85 90 94 97 100 103 106 109 114 119 122 120 116 112 108 102 96 89 82 76 70 65 61 57 53 49 47 50 55 58 60 62 64 63 64 66 67 69 69 68 69 67 66 66 66 66 65 64 64 63 64 63 62 61 60 59 60 62 63 64 65 66 66 65 63 60 58 56 54 52 51 49
96 97 99 101 101 100 100 98 87 82 81 82 83 85 86 88 90 93 95 97 98 98 96 94 95 94 96 97 98 99 99 99 96 93 92 90 87 84 81 78 78 76 74 75 78 78 79 82 86 91 96 100 102 104 105 106 111 116 120 119 115 110 105 101 95 89 83 77 71 66 63 59 55 51 48 48 50 54 58 60 64 67 70 73 74 75 74 72 73 72 72 72 70 70 71 71 71 70 68 68 65 65 65 66 65 65 65 64 64 63 61 58 57 57 56 54 53 51 49 47
95 96 98 99 99 100 104 106 96 81 77 77 77 79 81 83 85 88 90 91 93 93 95 95 95 95 95 95 95 94 93 92 91 88 84 82 80 79 78 75 73 74 76 78 78 78 80 84 87 92 96 101 103 105 105 106 110 114 117 117 114 110 104 99 95 90 84 79 73 67 62 59 55 52 48 48 49 51 54 58 62 67 70 73 74 76 77 77 79 82 82 79 76 76 76 76 75 74 72 71 69 68 66 65 63 62 61 61 60 59 58 57 57 56 55 53 51 49 48 46
94 94 95 96 97 98 101 105 101 90 84 82 82 82 83 84 85 87 89 90 90 91 91 92 93 93 93 93 92 91 91 90 88 86 82 79 77 77 76 75 74 75 77 76 76 78 82 85 89 93 97 101 104 105 106 106 110 114 116 115 112 109 104 99 95 91 86 80 74 67 63 59 55 52 48 47 48 51 54 58 62 68 71 75 77 79 80 81 82 81 81 79 77 76 76 75 74 73 72 70 69 67 65 64 63 63 62 62 61 60 59 57 56 55 54 52 50 48 46 45
92 92 93 95 96 97 99 103 102 95 92 90 90 91 93 95 97 98 98 99 96 97 96 96 97 98 98 98 97 96 95 92 91 88 83 81 80 80 78 76 74 74 74 73 75 79 82 86 89 94 98 102 104 105 106 107 109 113 115 113 110 107 103 99 95 91 86 80 73 66 61 57 54 51 48 47 47 49 51 55 59 65 70 75 80 82 84 86 85 84 84 83 82 80 79 78 78 77 75 73 72 70 67 66 65 64 63 62 61 60 58 57 55 54 52 50 49 47 45 43
90 91 91 93 95 96 97 100 102 98 96 96 96 98 98 100 103 105 103 102 101 103 105 105 107 107 107 106 106 103 101 98 96 93 90 87 84 81 79 75 73 72 71 73 76 79 83 86 90 94 98 102 105 107 108 110 111 113 116 115 112 108 104 100 96 91 86 81 74 66 60 57 54 51 48 47 47 48 51 55 58 62 66 70 75 79 82 84 85 85 85 85 83 82 80 79 78 76 75 74 72 70 68 65 64 63 62 62 60 58 57 56 54 53 51 49 47 45 44 42
89 89 90 92 93 95 96 98 101 101 98 98 99 100 102 105 107 111 111 110 110 112 113 113 114 115 115 113 111 109 107 104 100 97 93 90 86 82 78 75 72 71 71 74 76 79 83 86 91 95 100 103 106 109 112 117 120 121 120 119 116 112 108 102 97 92 86 80 74 67 61 57 55 53 49 47 48 49 52 56 60 63 67 70 73 77 80 82 82 82 82 82 81 80 79 78 77 76 75 74 72 70 68 66 65 64 62 61 59 58 56 54 53 51 49 47 45 43 42 41
86 88 88 90 92 94 96 97 100 102 102 101 101 103 105 108 110 114 117 117 116 116 115 115 116 117 117 115 112 109 105 101 97 94 90 87 84 80 77 74 72 72 74 76 78 80 84 87 92 96 100 103 106 110 116 122 127 127 125 124 122 118 113 106 101 95 87 80 74 68 62 58 57 55 52 49 49 50 53 57 61 65 70 75 78 81 82 83 84 82 82 82 82 81 80 80 79 78 77 75 73 71 69 67 65 63 62 60 58 56 54 53 51 50 47 45 43 42 40 39
84 86 86 88 91 93 94 96 98 101 103 104 104 106 107 109 111 114 118 120 120 119 116 115 117 118 116 114 111 108 104 100 96 93 89 87 84 80 77 74 74 75 77 79 81 82 85 89 93 97 100 103 107 112 120 127 132 133 132 131 128 125 118 111 104 97 89 81 75 68 63 60 59 58 56 53 51 51 54 59 64 68 74 79 82 85 88 89 90 89 89 87 87 86 85 84 84 82 81 79 76 74 71 68 65 64 61 59 57 55 53 52 49 47 45 43 42 40 39 38
81 83 84 86 88 90 93 95 97 99 102 104 106 107 109 111 114 117 120 123 125 124 119 118 119 120 118 116 114 111 107 102 98 95 91 88 85 80 77 76 77 80 82 83 83 85 87 90 93 98 102 105 108 116 125 132 137 139 139 137 133 131 124 115 106 98 90 82 74 68 63 61 61 61 60 57 53 53 56 61 66 72 77 83 87 91 94 95 96 95 94 93 91 90 89 88 87 85 83 82 79 78 75 72 69 66 63 60 58 55 53 51 48 46 44 42 40 39 38 37
78 80 81 83 85 87 90 92 95 98 101 103 104 106 108 110 113 116 119 122 123 122 120 119 120 121 119 116 114 112 108 104 99 96 92 89 86 81 78 78 79 82 86 87 87 87 89 91 94 98 102 106 110 117 126 134 141 144 143 140 136 133 127 117 107 98 89 81 73 67 64 62 62 64 63 60 55 54 56 61 68 74 81 87 91 95 97 100 100 99 97 96 94 93 92 90 89 86 84 82 81 79 77 75 72 69 66 62 59 57 54 52 48 45 43 41 39 38 37 36
75 77 79 80 81 84 87 90 93 97 99 101 102 104 107 108 110 112 116 118 118 118 118 118 118 118 116 114 112 110 107 103 100 97 93 90 87 83 79 78 81 85 89 91 90 89 90 92 94 98 102 106 110 116 125 134 140 143 140 136 133 130 127 119 109 99 89 80 73 68 65 63 64 66 66 63 59 55 55 59 66 74 82 88 93 96 98 101 102 100 99 97 97 96 94 92 90 87 85 83 80 78 77 75 72 69 66 62 60 58 56 53 50 46 43 41 39 37 36 36
72 75 76 77 79 82 85 88 90 94 97 98 100 103 105 106 107 109 112 113 114 114 114 114 113 113 112 110 108 107 104 101 99 95 92 90 88 83 79 80 83 88 91 93 92 91 91 92 94 96 100 104 109 115 122 132 137 136 133 128 127 125 122 115 107 97 88 79 72 67 64 64 65 68 69 66 61 57 54 57 65 73 81 87 92 96 99 101 102 101 99 98 97 97 96 94 92 88 85 82 80 77 75 72 70 66 64 61 59 57 55 52 50 47 44 41 39 37 36 36
70 72 73 75 77 80 83 85 88 92 95 96 98 100 103 105 106 108 109 109 110 111 112 112 111 110 108 107 105 103 102 100 97 94 91 90 87 82 79 81 85 89 91 93 93 92 91 91 91 93 97 101 107 112 116 122 125 124 122 120 119 117 114 109 103 94 85 77 69 64 63 64 66 68 69 67 63 58 54 54 62 71 80 86 91 96 98 100 101 101 99 97 96 96 95 93 92 89 85 82 79 76 73 70 67 64 62 59 56 54 52 50 48 46 43 41 39 37 36 36
67 69 70 72 75 78 80 83 85 89 92 94 96 98 100 102 104 105 107 107 107 108 109 110 109 108 106 105 104 102 100 98 96 94 91 89 85 80 78 80 85 88 90 91 92 90 89 87 88 89 92 97 103 107 110 112 113 113 113 113 111 109 107 102 96 89 80 72 65 61 61 62 64 66 68 67 63 57 53 52 60 69 78 85 90 94 96 97 98 99 98 96 95 93 92 90 88 87 83 80 77 74 72 68 65 62 59 56 54 51 49 48 46 44 42 40 39 38 36 36
66 67 68 69 72 74 77 80 83 87 90 92 93 95 98 100 102 103 104 104 105 106 107 108 108 106 105 105 103 101 99 97 96 94 92 89 84 78 76 78 82 84 85 85 86 83 82 81 82 83 85 90 96 100 103 105 105 105 105 104 102 101 99 95 88 81 73 66 61 57 57 58 60 63 65 64 60 55 51 51 57 68 78 85 90 93 95 96 96 96 96 95 93 91 89 86 85 83 79 77 75 72 70 66 63 60 56 53 51 48 46 45 43 42 40 39 38 36 36 36
64 65 65 67 68 70 73 77 80 84 86 88 90 92 95 96 98 100 101 102 103 104 105 105 105 104 103 102 102 100 98 97 95 95 93 89 84 78 75 75 77 78 78 76 75 71 71 72 72 73 75 80 86 91 94 97 97 97 97 96 95 94 91 87 81 74 66 60 54 51 50 51 54 58 60 60 57 52 48 48 53 64 76 84 90 94 96 96 95 95 94 92 90 89 86 83 81 79 76 74 72 69 67 64 60 57 54 51 48 46 43 42 41 40 39 38 36 35 35 35
63 63 64 65 66 67 70 73 76 80 83 86 88 90 91 93 95 96 98 100 102 102 102 102 102 102 101 101 100 99 97 96 95 95 94 91 86 79 74 71 71 70 68 65 60 55 55 56 58 61 64 69 75 81 85 87 88 88 89 89 87 85 82 77 71 64 57 51 45 42 41 43 46 50 52 53 52 49 45 45 50 61 73 83 89 93 96 96 96 95 93 91 88 86 84 81 78 76 74 71 69 66 64 61 58 54 52 49 47 44 42 40 40 39 38 36 35 35 35 35
63 63 63 63 64 65 67 70 72 76 80 83 85 87 89 91 92 93 94 97 99 99 99 98 99 100 100 100 100 99 97 97 97 97 96 94 90 82 73 67 65 62 59 54 49 44 44 44 44 47 52 58 64 69 73 76 77 78 78 78 76 73 71 66 61 54 47 41 35 32 32 34 38 43 45 46 46 43 42 42 49 61 73 83 89 92 94 96 96 94 92 89 86 84 82 79 76 74 72 69 67 64 61 58 55 52 49 47 45 43 41 40 39 38 37 35 35 34 34 34
63 63 63 63 63 63 65 67 70 73 76 79 82 84 86 88 89 90 91 93 95 96 96 96 96 98 100 100 100 99 99 99 99 99 99 98 94 87 76 66 59 55 52 47 42 37 35 33 33 36 40 46 51 56 60 65 65 66 67 67 65 63 60 56 51 45 39 34 29 27 26 28 31 36 38 40 40 39 39 40 48 61 73 83 88 91 93 94 94 93 90 87 85 82 80 77 75 72 69 67 64 61 58 55 52 49 47 45 43 42 40 39 38 37 36 35 34 33 33 34
63 63 62 62 62 62 63 65 67 70 73 77 79 82 83 85 87 88 89 91 92 93 94 95 95 96 99 100 100 100 99 100 101 100 100 100 98 93 82 68 57 51 47 42 38 32 28 25 25 27 31 35 41 45 50 54 55 56 56 57 56 54 51 46 42 38 33 29 26 24 22 22 25 30 32 34 36 36 37 39 47 60 72 81 87 90 92 92 92 91 88 86 83 81 78 76 73 70 67 65 63 59 56 53 50 48 46 43 42 41 40 39 38 37 36 35 34 33 33 33
62 62 62 62 61 61 62 64 65 68 71 74 76 79 81 83 84 86 88 89 91 92 94 94 95 97 99 99 99 100 100 101 102 102 102 102 101 97 88 75 59 49 44 40 36 33 30 28 27 27 28 30 33 37 41 45 46 47 47 48 47 45 42 39 36 32 30 27 24 22 21 21 23 25 28 30 33 34 36 40 48 59 71 81 86 90 91 91 91 89 87 84 82 79 76 74 71 68 66 64 61 58 55 52 49 47 45 43 41 40 39 39 38 37 36 34 33 33 33 33
62 63 63 63 62 62 62 63 64 66 69 71 73 76 78 80 82 84 85 88 90 92 93 94 96 97 98 99 100 100 102 103 104 105 105 104 103 100 92 82 68 55 46 42 39 39 39 40 40 38 36 33 32 33 35 37 38 39 39 39 38 36 35 33 31 29 28 26 25 23 22 23 23 24 26 29 31 33 37 43 50 60 71 80 86 89 90 90 90 88 86 83 80 76 74 72 69 67 65 62 59 56 54 50 48 46 44 42 41 40 39 39 38 37 35 34 33 33 33 33
62 63 64 64 63 62 62 62 63 65 67 69 71 73 76 78 80 82 83 86 89 90 92 93 95 97 98 99 101 102 103 105 107 108 109 107 104 101 96 89 80 68 56 50 47 46 47 49 50 50 48 43 39 36 33 34 33 33 33 32 32 32 31 30 29 28 28 27 26 25 24 24 24 25 27 29 33 37 42 49 55 64 74 82 86 89 90 89 89 87 84 81 78 75 72 69 67 65 63 60 58 55 52 49 47 45 43 42 40 40 39 38 37 36 35 34 33 32 33 34
62 63 63 63 64 63 62 62 63 64 66 68 69 71 73 76 78 81 82 84 87 88 90 92 95 98 99 100 102 104 106 108 110 111 112 110 107 104 101 96 90 83 73 64 59 55 54 57 58 59 59 56 51 44 38 33 31 31 30 30 30 30 30 29 29 29 29 29 29 28 27 26 27 29 32 36 40 45 50 56 61 70 79 84 88 89 89 89 88 86 83 80 77 74 71 68 66 64 61 58 56 53 51 48 46 45 43 42 41 40 39 38 37 36 34 33 33 32 33 34
61 62 62 63 64 64 63 63 63 64 65 67 68 70 72 74 76 79 81 83 86 88 90 92 95 98 100 101 103 105 108 111 112 113 112 111 109 107 103 101 97 91 85 79 73 68 66 68 71 72 72 69 64 56 47 38 32 30 28 29 29 29 29 29 29 30 31 31 32 31 31 31 34 37 41 45 49 53 55 60 65 74 82 87 89 90 89 89 88 86 83 80 76 73 71 68 65 63 60 57 54 52 50 47 45 44 43 41 40 39 39 37 36 35 34 33 32 32 33 34
61 61 62 63 63 64 63 63 63 64 65 66 67 68 70 72 75 78 80 83 85 87 90 93 96 98 100 102 104 106 109 112 113 113 112 111 110 108 105 102 100 96 91 87 82 79 77 78 80 81 81 80 76 69 59 47 38 32 29 29 29 30 30 31 31 32 33 34 35 36 37 39 43 46 50 52 54 57 60 64 71 79 85 89 90 90 90 89 88 86 84 81 77 73 70 67 64 62 58 56 53 51 49 47 45 44 42 41 40 39 38 37 36 35 34 33 33 32 33 35
61 62 62 63 63 63 64 64 64 64 65 66 67 68 69 72 75 77 80 83 85 88 90 93 96 98 101 103 105 107 109 111 112 111 110 110 109 107 105 103 102 99 95 91 86 84 84 84 86 87 87 87 84 79 70 58 47 38 32 31 32 34 34 35 35 36 37 38 40 43 44 46 49 51 54 56 58 61 65 71 78 84 88 90 91 91 90 90 89 86 84 81 77 73 70 67 64 61 58 55 53 50 48 47 45 43 42 40 40 39 38 37 36 35 34 33 33 33 33 36
62 63 63 63 63 64 64 65 64 64 65 66 66 68 70 73 75 77 79 81 84 87 90 93 96 98 100 103 106 108 110 111 110 109 107 107 107 105 103 101 100 97 95 92 89 88 89 90 91 91 91 91 89 84 77 66 56 46 41 40 42 44 45 46 45 44 45 46 47 48 49 50 52 54 57 60 64 68 72 78 83 86 89 91 92 92 91 90 89 86 84 81 77 73 69 66 63 60 57 55 52 50 48 46 44 42 41 40 39 38 37 37 36 35 34 33 33 33 33 38
63 63 64 63 64 64 64 64 64 65 65 66 67 69 71 73 76 78 79 81 83 87 90 94 96 97 98 101 106 109 111 112 110 107 104 103 103 102 101 99 96 95 95 93 91 90 91 91 92 93 94 94 93 88 82 73 65 57 52 50 52 54 56 57 55 54 54 52 52 52 52 54 56 58 62 66 71 75 78 82 84 87 89 90 91 91 91 90 89 86 84 80 76 72 68 65 62 60 57 54 51 49 47 45 43 42 40 40 39 38 37 37 36 35 34 34 33 33 33 40
63 63 63 63 63 64 64 63 64 65 65 66 68 70 72 74 76 79 81 83 85 88 90 93 95 96 96 100 105 108 110 110 108 105 101 98 98 99 98 95 94 93 94 93 93 92 92 93 94 96 97 97 96 93 86 78 71 66 62 58 59 61 63 64 63 62 60 58 57 57 58 60 61 64 68 71 77 79 81 83 84 86 88 89 90 90 90 89 87 85 82 79 75 71 68 64 61 59 55 53 50 48 46 44 42 41 40 39 38 38 37 37 36 36 35 34 34 33 35 44
63 62 62 62 63 64 64 64 64 65 65 66 68 69 71 74 76 79 81 83 85 87 90 91 93 96 97 100 103 106 107 106 105 102 99 96 94 94 94 93 92 93 94 95 95 95 96 97 98 99 100 100 99 95 87 80 75 72 71 68 69 72 75 75 74 72 70 66 66 66 67 68 69 71 73 76 79 80 81 81 82 84 85 87 87 87 87 86 85 83 81 78 74 70 67 64 60 57 54 52 49 47 45 43 41 40 39 38 38 38 37 37 37 36 35 34 34 34 39 55
64 63 63 63 64 64 65 65 65 66 66 67 68 69 71 74 77 79 81 83 85 87 88 90 92 96 97 99 101 102 102 101 100 97 95 93 91 90 91 90 91 92 94 97 98 99 99 99 100 101 102 103 101 96 89 81 77 76 77 77 80 84 88 89 88 85 82 78 76 75 75 75 75 76 76 78 79 80 80 79 80 80 81 82 83 83 83 82 82 81 79 76 73 69 66 62 59 57 54 51 49 46 44 42 41 39 39 38 38 38 38 37 37 36 35 34 34 34 43 64
64 64 65 64 65 65 66 66 66 66 67 67 68 70 72 75 77 79 81 83 85 86 87 89 92 94 97 98 98 98 98 96 95 93 91 90 89 88 89 89 89 91 95 98 101 101 101 101 102 103 104 104 102 97 90 83 79 77 79 81 85 89 94 97 95 92 89 86 83 82 80 80 80 79 79 78 79 78 77 77 77 76 76 77 77 77 78 77 78 78 76 74 71 68 65 62 59 56 53 51 48 46 43 41 40 39 38 38 38 38 38 37 37 36 35 34 34 35 47 71
65 65 65 64 65 66 66 66 66 66 66 67 69 71 73 76 79 80 82 83 84 85 87 89 91 93 95 96 95 93 92 91 91 90 88 87 87 87 88 89 90 92 96 99 102 103 103 104 104 105 106 106 104 99 93 86 81 78 79 82 86 91 96 99 97 94 91 88 87 85 84 83 82 82 80 78 77 77 75 74 73 72 72 72 73 73 73 72 74 75 73 72 70 67 64 61 59 56 53 51 48 45 43 41 39 38 38 38 38 38 38 37 37 36 35 34 34 37 53 76
65 65 65 65 66 66 67 67 66 66 67 69 70 73 75 77 80 81 81 82 83 84 86 87 89 90 90 91 91 90 89 88 88 87 86 85 86 86 88 91 94 96 98 101 104 105 105 105 105 106 107 106 104 100 96 89 84 80 80 83 86 91 96 99 97 94 90 89 88 87 86 86 85 84 81 79 78 76 74 72 71 69 68 69 69 70 69 69 71 71 71 70 69 66 63 61 58 55 53 50 48 45 42 40 39 38 38 38 38 38 38 37 37 35 35 34 33 39 59 83
65 65 65 65 66 66 67 67 66 67 68 69 71 72 75 77 79 81 81 81 82 83 85 86 87 88 88 88 87 87 87 86 86 84 84 85 86 88 90 93 97 99 101 104 106 105 104 103 102 101 100 101 100 98 96 92 86 83 83 85 87 90 93 94 92 89 86 85 85 86 86 87 86 85 83 81 78 76 73 71 69 67 66 66 66 66 66 66 67 69 69 68 67 66 63 61 58 55 52 50 47 44 42 40 39 38 38 39 39 38 38 37 36 35 34 34 34 43 65 89
64 65 65 65 66 66 66 67 67 67 68 69 71 72 75 77 79 80 81 82 82 83 84 86 87 88 88 86 84 84 84 85 84 83 85 86 87 89 91 94 97 100 102 104 103 101 99 97 95 93 92 93 92 91 91 90 88 85 85 85 85 86 87 86 84 81 78 77 78 80 82 84 85 84 83 80 78 76 73 70 67 65 64 63 63 63 62 63 65 66 67 66 66 64 62 59 57 54 51 49 46 43 41 40 38 38 38 39 39 38 38 37 36 35 34 34 35 47 69 94
63 64 65 66 66 66 67 67 67 68 68 69 70 72 74 76 79 81 82 82 82 82 83 85 86 87 85 83 82 81 81 82 83 83 84 85 87 89 92 94 97 98 99 98 96 94 92 90 87 85 83 82 81 81 82 84 85 84 84 81 80 79 79 78 74 70 67 66 67 70 73 75 78 79 79 78 77 75 73 70 67 65 63 61 60 60 61 62 63 63 64 64 64 63 60 58 56 53 50 48 45 42 40 39 38 38 38 38 38 38 37 36 35 34 34 33 36 51 75 104
62 63 65 66 66 67 67 68 68 68 69 69 70 72 73 76 78 81 82 82 82 82 81 82 83 83 81 78 77 76 76 78 80 82 84 85 87 89 91 92 93 91 91 89 85 83 82 78 75 73 71 69 68 69 70 73 76 76 77 75 73 71 70 66 62 58 56 56 56 58 60 63 67 69 71 73 72 72 71 68 66 63 61 60 59 58 59 60 60 61 62 62 62 61 59 57 55 52 49 47 44 42 40 39 38 38 38 38 38 38 37 36 35 34 33 33 38 54 78 103
61 62 64 66 66 67 68 68 69 69 69 69 70 72 73 76 79 81 81 81 80 79 79 78 78 79 77 75 73 71 71 72 76 78 81 83 84 85 86 86 83 80 79 76 72 70 69 66 64 62 60 59 58 57 58 60 63 64 66 66 64 61 59 55 52 49 47 48 47 48 49 51 55 57 60 63 65 67 66 64 63 61 60 58 57 56 56 57 58 59 59 60 60 59 58 56 54 51 48 46 43 41 39 38 38 38 38 38 38 37 36 36 35 34 33 33 40 58 82 106
60 62 63 65 65 66 67 68 69 69 69 69 70 71 73 75 77 80 80 80 78 77 77 76 75 75 73 73 70 67 66 66 69 71 73 76 77 76 76 74 70 66 65 62 59 58 57 55 53 52 51 50 49 49 49 50 52 53 56 56 53 50 48 45 43 41 40 40 39 40 40 41 43 45 47 52 55 58 58 58 58 57 56 56 55 54 54 54 54 56 57 58 59 58 57 55 52 50 47 45 42 40 39 38 38 37 37 37 37 37 36 35 34 33 33 34 44 62 85 109
60 61 62 63 64 65 66 67 68 69 69 69 69 70 72 73 76 79 80 79 78 76 75 75 73 70 70 69 66 63 60 57 59 60 61 64 65 63 62 60 56 53 52 49 47 47 46 45 44 43 43 43 42 42 42 43 43 43 46 45 43 40 39 37 36 35 34 33 33 33 32 32 34 34 37 40 43 46 48 50 51 50 50 52 52 51 51 51 51 53 54 55 56 56 54 53 51 49 46 44 41 39 38 37 37 37 37 36 36 36 35 35 34 33 33 36 48 68 91 114
59 60 61 62 62 63 65 66 67 67 68 68 68 69 71 73 75 78 79 78 77 75 73 71 70 67 65 62 58 55 51 48 48 48 48 49 51 49 47 45 43 42 41 38 38 38 39 40 40 40 40 40 39 39 39 39 39 38 38 37 37 36 35 34 33 32 31 31 30 29 28 27 28 27 28 30 31 35 37 39 41 41 42 44 45 46 47 47 49 50 50 51 52 52 52 51 49 47 44 42 40 38 37 37 37 36 36 36 36 35 35 34 33 32 32 39 53 75 95 116
58 59 59 60 61 62 63 64 65 66 67 67 67 68 69 72 74 76 77 77 75 74 71 68 67 64 60 54 50 46 42 39 39 39 38 37 37 36 35 35 34 34 34 33 35 37 40 42 43 44 43 42 42 42 42 42 40 39 37 38 39 39 38 37 36 35 34 33 32 31 30 28 27 26 25 24 24 26 27 29 31 32 33 35 38 41 43 44 46 46 47 48 49 50 50 49 48 45 43 41 39 37 36 36 36 36 35 35 35 35 34 33 33 33 36 39 54 82 100 115
59 59 59 60 61 61 62 62 63 63 64 65 65 66 67 69 71 74 75 75 74 72 70 67 64 61 56 50 46 41 38 37 39 40 40 37 33 32 31 31 32 32 33 34 36 39 42 45 46 48 48 48 48 48 48 46 44 42 42 42 43 43 42 42 41 40 40 39 39 38 36 35 33 30 27 24 23 22 23 24 24 26 28 30 33 37 41 43 44 45 45 46 48 49 49 48 46 44 41 40 38 36 36 36 35 35 35 34 34 34 33 33 32 34 39 40 57 86 100 109
59 59 60 60 60 60 61 61 61 60 61 62 62 63 64 66 68 70 72 73 73 71 69 67 63 59 56 52 48 46 46 47 48 51 52 49 43 39 37 35 34 35 35 37 40 42 44 47 50 52 54 55 56 56 55 51 50 49 47 46 47 48 48 48 48 48 48 47 45 44 42 39 35 33 30 27 25 24 24 25 25 27 29 31 33 37 41 43 45 45 46 47 49 50 49 47 45 42 39 37 36 35 35 35 35 35 34 34 33 33 33 32 32 35 40 44 63 87 97 105
58 59 60 60 60 60 60 59 59 59 59 59 60 60 61 62 64 67 69 70 72 72 70 67 65 62 59 58 57 57 59 61 60 61 60 59 55 49 45 42 40 40 40 41 44 45 47 50 53 55 58 59 60 61 61 60 58 57 53 52 53 55 55 55 55 54 53 50 48 46 43 40 37 34 32 30 28 27 28 30 31 33 34 35 37 40 43 46 48 49 50 50 51 50 49 46 43 40 38 36 35 34 34 35 35 34 34 33 32 32 32 32 31 36 43 56 81 96 95 107
58 59 59 60 60 60 59 58 58 57 57 57 58 58 58 59 60 63 66 68 70 71 70 69 67 65 64 64 64 66 68 70 69 69 67 65 62 58 53 48 46 44 43 43 45 46 48 51 53 55 58 60 60 61 62 62 60 59 56 55 57 58 59 59 58 56 53 50 48 45 43 40 38 35 33 32 31 31 33 35 37 38 39 41 42 44 47 50 53 54 55 54 53 51 48 45 41 38 36 35 34 34 34 34 34 34 33 32 32 32 32 31 32 38 47 66 91 102 99 110
57 58 59 60 59 59 59 58 57 57 56 56 56 55 55 56 58 60 63 66 68 69 70 69 68 68 68 67 69 71 73 74 73 72 71 68 66 62 58 54 51 48 46 46 46 47 49 51 53 55 56 58 60 61 61 59 59 58 57 56 57 58 59 58 57 55 52 50 47 44 42 39 38 36 34 34 34 35 37 38 40 42 45 48 50 50 53 55 57 58 58 56 54 51 48 44 40 37 35 34 33 33 34 34 33 33 32 32 32 32 31 30 34 40 55 79 99 107 101 113
55 57 58 59 59 59 59 58 58 57 56 55 54 54 54 54 55 57 60 62 65 67 68 68 69 69 69 70 71 73 74 74 73 73 72 70 68 65 62 59 55 52 50 50 48 49 50 52 53 55 56 57 58 58 57 56 56 55 55 54 54 54 55 55 54 52 50 48 45 43 41 39 38 36 36 36 36 37 39 41 42 45 50 53 55 55 57 58 60 60 59 57 54 50 46 42 38 35 34 33 33 33 33 33 33 33 32 32 31 31 30 31 36 45 67 91 106 112 105 115
53 55 57 58 58 58 59 58 58 58 56 55 54 53 52 52 53 54 57 60 62 65 66 67 68 69 70 70 71 73 73 74 73 74 74 73 71 68 66 63 58 56 54 53 51 51 51 51 52 52 53 53 53 52 51 50 50 49 49 48 48 48 49 49 49 48 46 45 43 41 39 38 37 36 36 36 37 38 40 42 45 49 53 56 58 58 59 60 60 60 59 56 52 48 43 39 36 34 33 33 32 32 33 33 33 32 32 31 31 30 29 33 40 53 80 102 111 115 109 118
51 53 55 56 58 58 58 58 58 58 57 55 54 52 51 51 52 52 54 57 59 61 63 65 67 68 69 70 70 72 73 74 75 75 76 75 73 71 68 65 62 59 57 55 53 51 50 49 49 48 48 47 47 46 45 45 43 42 42 42 42 42 43 43 44 43 42 41 40 38 37 37 36 36 36 37 38 39 41 44 47 51 55 58 59 59 60 60 60 60 58 54 50 46 41 37 34 33 32 32 32 32 32 32 32 32 31 31 30 29 31 36 48 71 98 112 113 117 117 121
48 51 53 55 56 57 58 57 57 57 57 56 54 52 51 51 51 51 53 55 57 59 61 63 65 67 68 69 70 71 73 74 75 76 76 75 73 72 69 67 65 62 58 55 53 51 49 48 47 45 45 44 43 42 42 41 39 38 38 38 38 39 39 39 39 39 39 38 38 37 36 36 36 36 36 37 38 40 42 46 49 52 56 58 59 59 60 60 60 58 56 52 47 43 38 35 33 32 32 31 31 31 32 32 32 31 31 30 30 29 33 42 59 86 109 118 116 121 122 123
47 49 51 54 55 56 57 57 57 57 56 55 54 53 51 51 50 51 52 54 56 58 60 62 64 66 67 68 69 70 71 73 74 75 75 74 73 71 69 67 65 63 60 57 55 52 50 49 48 46 44 43 42 41 41 40 38 36 37 37 38 39 39 39 38 39 38 38 37 37 36 36 36 36 37 38 40 42 45 47 50 54 56 57 58 59 59 59 58 56 53 49 44 40 36 34 32 31 31 31 31 31 31 31 31 31 30 29 30 32 37 52 74 99 116 122 119 124 126 125
47 49 50 52 53 55 56 56 57 56 56 56 54 53 52 51 50 50 51 53 55 57 59 61 63 64 66 68 68 69 70 71 72 72 72 73 72 71 69 67 65 63 61 59 57 54 53 52 51 49 46 45 44 43 42 41 40 38 40 40 41 41 40 40 40 40 40 39 38 38 38 37 37 38 39 40 42 44 47 49 52 54 55 56 57 58 57 57 56 53 50 46 41 37 35 32 31 31 31 30 31 31 31 31 31 30 29 28 33 36 44 64 88 109 120 124 124 128 130 128
46 50 51 49 51 53 54 55 55 55 55 55 55 54 52 52 51 50 51 52 54 56 59 60 61 63 64 66 67 68 68 69 69 69 70 70 70 69 68 66 65 63 61 60 58 56 56 54 53 52 49 48 46 46 45 44 44 43 44 44 44 44 44 43 43 42 42 42 41 40 40 40 40 40 41 43 45 46 48 50 52 53 54 55 56 56 56 55 54 51 47 43 39 35 33 32 31 31 30 30 30 30 30 30 30 29 28 28 32 38 50 72 98 113 121 125 124 127 131 132
45 48 52 50 49 51 52 53 54 54 54 54 55 54 53 52 51 51 51 52 54 56 58 59 60 61 63 64 66 67 67 67 68 68 68 68 67 67 66 65 64 62 60 60 58 58 57 57 56 55 53 52 51 51 50 49 50 49 49 49 50 50 50 49 48 47 46 45 44 43 43 43 42 43 44 45 47 48 50 52 52 52 53 54 55 55 54 53 51 48 45 41 37 34 32 31 30 30 30 30 30 30 30 30 29 28 27 27 27 37 54 71 91 104 113 118 118 118 125 132
46 45 49 53 49 48 49 51 53 53 53 53 54 54 53 52 52 51 52 53 54 55 57 58 59 60 62 63 65 66 67 67 67 67 67 66 65 65 65 64 63 62 60 58 58 59 59 59 58 57 56 55 54 54 53 52 53 54 53 54 54 54 54 54 53 51 50 48 47 46 45 44 45 45 46 47 48 49 50 51 51 51 52 53 53 54 53 51 49 46 42 39 35 33 32 31 30 30 30 30 29 30 29 29 28 26 25 25 24 35 53 64 77 87 94 100 105 108 116 126
46 46 48 53 48 45 46 48 50 51 52 52 52 53 53 53 52 52 52 53 54 55 56 58 59 60 61 62 64 66 67 67 67 67 66 65 65 64 64 63 63 62 59 58 59 59 60 60 59 59 58 58 58 58 57 57 57 58 56 57 58 58 58 57 56 54 52 51 50 49 48 47 48 49 49 49 50 50 51 51 51 51 52 53 53 53 51 49 47 43 39 36 33 32 31 30 30 30 29 29 29 29 28 27 26 25 24 23 24 36 49 55 64 70 74 81 87 90 100 118
45 48 46 49 49 45 44 45 47 48 49 50 51 52 52 52 52 52 53 53 54 56 57 58 59 60 61 62 63 65 67 68 68 67 66 65 64 64 64 63 61 61 60 60 60 60 61 61 60 60 60 60 60 61 61 62 62 61 60 60 60 60 59 58 57 55 54 53 52 51 51 50 50 50 50 50 51 51 51 50 51 51 52 53 53 52 50 47 45 41 38 35 32 31 30 30 29 29 29 28 28 28 27 26 25 24 23 26 35 44 48 51 56 59 62 69 76 74 81 101
42 45 46 47 51 45 41 41 42 44 46 47 48 50 50 51 52 52 53 54 54 56 57 58 59 60 61 62 64 65 67 68 69 68 67 66 66 65 64 63 62 61 62 62 62 62 62 61 61 60 61 60 61 63 65 67 67 66 65 64 63 62 60 60 59 57 56 55 54 54 53 52 52 51 51 51 51 51 51 51 51 52 53 53 52 51 49 46 43 40 36 33 32 31 30 29 29 29 28 28 27 27 26 25 24 22 24 30 39 43 45 46 48 50 52 59 70 68 77 90
38 41 49 48 52 48 39 37 38 40 42 44 46 48 49 50 51 51 52 53 55 56 58 59 60 61 62 64 65 66 67 68 69 68 68 68 67 66 65 65 63 63 63 64 63 63 63 62 62 62 62 63 64 66 69 72 73 73 71 69 67 64 62 60 59 58 57 57 56 55 55 54 53 52 52 52 52 52 52 52 53 53 53 53 52 50 48 45 42 38 35 33 31 30 30 29 28 28 28 27 27 26 25 24 22 21 22 29 36 40 42 44 45 46 46 51 63 66 75 85
39 40 48 56 55 47 38 35 35 36 38 40 42 45 46 48 49 50 51 53 55 56 58 60 61 62 63 65 66 68 68 69 69 69 69 70 69 69 67 66 66 66 65 65 65 65 64 64 64 65 65 67 69 71 73 75 77 77 76 74 71 68 66 63 61 60 58 58 57 56 56 55 54 54 53 53 53 53 53 53 54 54 54 53 51 49 47 44 40 37 34 32 31 30 29 28 28 27 27 26 26 26 25 22 20 19 18 19 24 28 33 42 43 43 43 48 55 60 74 82
40 41 44 58 62 49 40 36 34 33 34 35 38 41 43 46 47 48 50 52 54 56 58 60 62 63 65 66 67 68 69 70 70 71 71 72 72 71 70 69 69 68 67 67 67 67 67 67 67 67 69 71 73 75 76 78 78 79 76 74 72 69 67 65 63 61 60 59 58 57 57 55 55 55 55 54 54 54 55 55 55 55 54 53 51 49 46 43 39 36 33 32 31 30 28 28 27 27 26 26 26 26 24 22 19 17 15 15 15 16 20 36 38 40 40 46 50 55 71 77
39 40 42 52 65 57 46 39 35 33 32 32 34 37 40 43 45 47 49 51 53 55 57 60 61 63 65 66 67 69 70 70 72 72 73 73 73 73 72 72 71 70 69 69 70 70 71 71 71 70 71 73 75 77 78 80 80 80 76 73 71 69 67 65 63 62 61 60 59 58 58 57 57 57 56 55 55 56 56 56 56 56 55 53 51 48 44 41 37 35 32 31 30 29 28 27 26 26 26 26 27 26 24 21 17 15 14 14 14 14 14 23 28 31 34 42 47 57 75 72
38 40 42 48 65 66 52 44 38 34 31 30 30 33 36 39 41 43 46 48 50 53 55 58 60 63 65 66 68 69 70 71 73 74 75 75 75 75 74 74 74 73 72 73 73 73 74 73 73 72 73 74 76 77 78 79 79 78 74 71 69 68 65 65 64 62 61 61 60 60 60 59 59 58 58 57 57 57 58 57 57 56 55 53 50 47 43 39 36 34 32 30 29 28 27 26 26 26 26 27 27 27 24 21 18 15 13 13 13 13 12 13 15 18 21 30 41 57 68 61
37 38 42 50 61 71 61 49 41 35 30 28 28 30 32 35 37 40 43 45 47 50 52 56 59 62 64 66 68 70 71 73 74 76 76 76 76 76 76 77 77 76 76 77 77 76 76 76 75 74 74 75 75 75 76 76 76 75 72 70 68 66 64 64 63 62 62 61 61 61 61 61 60 60 60 59 58 59 59 58 58 57 55 53 49 46 42 38 35 33 31 29 28 27 26 26 26 26 27 27 28 28 25 21 18 15 13 13 13 12 11 11 11 11 12 19 27 44 54 51
35 37 39 49 57 64 70 57 44 33 28 26 26 28 30 31 33 36 39 42 45 47 50 54 57 60 63 65 68 70 72 73 75 76 77 78 78 78 78 78 79 79 79 80 80 79 79 77 76 75 74 74 73 73 74 75 75 75 73 70 67 65 63 63 63 62 62 62 61 61 62 62 62 62 61 60 60 60 60 59 58 57 55 52 48 45 41 37 34 32 30 29 27 26 26 26 26 26 27 28 28 29 27 23 19 16 14 13 13 12 11 10 10 10 11 16 22 37 43 42
36 37 38 42 53 60 72 63 48 35 27 24 23 27 29 29 30 32 35 38 41 44 47 51 54 58 62 64 67 70 72 74 76 77 78 79 79 79 80 80 80 80 81 81 81 80 80 78 76 75 74 73 73 72 73 75 75 74 72 68 65 63 62 62 62 62 62 62 62 62 63 63 63 63 62 61 61 62 61 60 58 57 54 51 47 43 39 36 33 31 29 27 26 26 26 26 26 27 28 28 29 29 29 25 21 18 15 13 13 11 10 10 9 9 10 15 22 36 39 37
36 38 40 44 51 51 61 67 50 38 26 23 22 26 30 29 29 30 32 35 37 41 44 48 52 56 60 63 66 69 72 74 76 77 79 80 80 80 81 81 82 82 82 83 81 80 79 78 76 74 74 73 73 71 71 73 73 72 70 67 64 63 62 62 63 63 63 64 63 63 64 64 64 64 63 63 62 62 61 59 58 56 52 48 45 41 37 34 31 29 28 26 26 26 26 26 27 28 28 29 29 29 28 26 23 19 16 14 13 11 10 9 9 8 10 16 23 36 36 35
35 37 39 44 48 45 49 66 54 42 29 22 20 25 30 29 28 29 30 32 34 38 41 46 50 54 58 62 65 68 71 74 76 77 79 80 80 81 82 82 82 83 83 82 81 79 78 77 75 74 73 73 72 69 69 70 69 69 68 65 64 62 62 62 63 63 64 64 64 64 64 65 65 65 64 64 63 62 61 59 57 53 50 46 42 38 35 32 30 28 26 26 26 26 26 27 28 28 29 29 29 29 27 25 23 21 17 14 13 11 10 9 9 9 12 15 24 36 33 33
35 36 36 39 44 45 42 59 61 45 32 23 20 24 29 28 27 27 28 29 31 34 38 42 46 51 55 59 63 66 69 72 75 77 78 80 80 81 82 82 81 82 82 80 80 79 77 76 74 74 73 72 70 67 67 67 67 67 66 64 62 61 61 62 62 64 64 64 64 64 65 66 66 65 65 64 63 62 60 58 55 52 48 44 40 37 33 30 28 27 26 26 26 26 27 28 29 29 29 29 30 29 27 26 23 21 18 15 13 11 10 9 9 11 17 13 24 35 31 31
33 33 33 33 40 43 40 47 66 49 36 24 20 23 29 28 26 26 27 28 29 31 34 38 43 47 52 56 60 64 67 70 73 75 77 79 81 81 81 81 80 81 80 79 79 77 75 74 74 73 72 69 68 66 65 65 65 64 63 62 60 60 60 61 62 63 64 64 64 65 66 66 66 66 66 65 63 61 59 57 53 49 45 41 37 34 31 28 27 26 26 26 26 26 28 29 30 30 30 30 30 29 27 25 24 21 18 16 14 11 10 10 9 12 16 14 27 35 29 30
30 30 29 29 36 42 40 40 61 56 39 28 20 22 28 28 25 25 26 27 28 29 31 34 39 43 48 52 57 60 64 67 70 73 75 78 80 81 81 80 80 80 79 76 76 75 74 73 72 71 70 67 65 64 62 61 61 61 60 58 58 58 59 60 60 61 63 63 64 65 66 66 67 67 66 65 62 60 58 55 51 46 42 38 34 31 29 27 26 26 25 25 26 27 29 30 30 30 30 30 29 29 27 25 23 21 19 16 13 11 10 9 9 13 16 14 29 35 35 31
27 26 25 26 31 40 41 37 49 62 43 33 21 21 28 29 25 24 25 26 27 27 29 31 34 39 43 48 53 57 60 64 67 70 72 75 78 79 80 80 78 78 76 74 73 73 72 71 70 69 67 66 64 62 60 59 57 58 57 56 56 57 58 58 59 60 62 63 63 64 65 66 66 66 65 63 61 58 56 52 48 43 39 35 32 29 27 26 26 26 26 26 27 28 29 30 30 30 30 30 29 29 27 25 23 21 20 17 14 11 10 9 10 14 15 16 31 35 34 29
24 24 24 23 27 35 39 37 43 59 46 36 24 21 28 29 25 24 23 24 25 26 27 29 31 35 39 43 48 53 56 60 63 67 70 72 75 76 78 78 77 76 75 73 72 71 70 70 69 68 66 65 62 60 59 57 56 56 56 55 56 57 57 57 58 60 61 62 63 64 65 66 65 64 63 61 59 56 53 50 45 40 36 33 30 28 26 26 26 26 26 27 28 30 30 30 30 30 30 30 29 29 27 25 24 22 20 17 14 12 10 9 10 15 15 18 32 34 33 27
22 23 22 21 23 28 35 36 43 57 53 39 28 21 28 30 26 24 23 23 24 25 26 27 29 31 35 39 43 48 52 56 60 63 67 70 72 74 74 76 75 74 74 72 71 70 69 68 67 66 65 63 60 57 56 56 55 55 56 56 56 56 56 56 58 59 60 61 62 63 64 64 63 62 60 58 56 53 49 46 42 37 33 30 28 26 26 26 26 26 27 28 29 30 31 31 31 31 30 30 29 29 27 25 24 22 20 18 15 12 10 9 11 16 14 20 32 33 31 26
21 21 21 20 20 23 29 34 40 52 53 38 31 26 28 28 26 25 24 23 23 24 25 26 27 29 32 35 39 44 48 52 56 59 63 67 69 71 71 72 72 71 71 70 69 67 66 65 64 63 63 61 58 56 54 54 55 55 56 56 55 55 55 55 56 57 58 60 61 61 62 61 60 58 56 54 52 49 45 42 38 34 31 28 27 26 26 26 26 27 28 29 30 31 31 31 31 31 30 30 29 29 27 25 23 22 20 18 15 12 10 9 11 16 13 22 33 32 31 24
21 21 21 19 17 20 25 31 36 47 54 42 34 30 29 28 26 26 25 24 23 23 24 24 26 27 29 31 35 39 43 47 51 54 58 62 65 67 67 67 68 67 67 67 65 64 63 62 60 59 59 58 57 55 54 54 55 55 55 55 54 54 54 54 54 55 57 58 59 59 59 59 56 55 53 51 48 45 41 38 34 31 29 27 26 26 26 27 27 28 29 30 31 31 31 31 31 31 31 30 29 28 27 25 23 21 20 18 14 11 10 9 12 16 14 23 32 31 32 29
21 20 19 17 16 17 21 26 31 41 55 49 38 32 29 29 27 27 26 25 24 23 23 24 24 25 27 29 31 34 38 42 46 49 53 57 60 62 62 63 64 63 63 63 62 61 60 60 58 57 56 56 55 54 53 54 54 54 54 52 52 53 52 51 52 53 54 57 57 56 56 56 53 51 49 47 44 41 37 34 31 29 27 26 26 26 26 27 28 29 30 30 31 31 31 32 31 31 30 30 29 28 27 25 23 21 20 18 14 11 10 9 13 17 18 23 30 31 30 28
19 17 16 16 15 14 18 22 31 38 51 59 46 30 29 30 29 28 27 26 25 24 24 24 24 24 25 27 28 31 34 37 41 44 48 52 55 58 59 59 60 61 60 60 60 58 58 58 57 56 55 54 54 53 53 53 53 52 50 48 48 50 50 49 50 51 52 54 54 53 53 52 50 48 46 43 40 37 34 31 29 27 26 26 26 26 27 28 29 30 30 31 31 32 32 32 31 31 31 30 29 28 26 25 23 21 20 18 14 11 10 10 14 18 18 24 31 31 29 27
17 16 15 14 14 13 16 20 29 37 45 59 53 37 31 32 30 28 29 28 27 26 24 24 23 23 24 25 26 28 30 33 36 40 43 47 50 52 54 55 56 58 57 57 58 57 56 56 56 56 55 54 53 52 52 52 51 50 49 48 47 48 49 48 49 50 50 51 51 50 49 49 47 44 41 39 36 33 31 29 27 26 26 26 26 27 28 29 30 30 31 31 32 32 32 32 31 31 31 30 29 28 26 25 23 21 20 18 14 11 10 10 14 18 17 24 32 31 28 26
15 14 14 13 13 12 13 19 31 38 40 59 60 44 34 35 33 30 29 30 29 27 26 25 24 23 23 24 25 26 27 30 32 35 38 41 44 47 48 50 52 54 54 54 55 55 54 53 54 54 54 53 52 51 51 51 51 50 50 49 47 47 48 47 47 47 47 47 47 46 45 44 42 39 37 35 33 30 28 27 26 26 26 26 27 28 29 30 30 31 31 32 32 32 32 32 31 31 31 30 28 28 26 25 23 21 19 17 14 11 10 10 15 19 21 25 29 30 27 26
14 13 13 12 12 12 11 16 28 40 36 49 62 52 38 37 36 32 31 31 31 29 28 27 26 24 23 24 24 24 26 28 29 31 33 36 39 41 43 45 47 49 49 50 51 51 51 51 52 51 51 51 50 49 50 50 50 50 50 49 48 47 46 46 45 44 44 44 43 43 41 40 37 35 33 32 30 28 27 26 26 26 26 27 28 28 30 30 31 31 32 32 32 32 32 32 31 31 30 29 28 27 25 24 23 21 19 16 14 11 10 9 15 20 24 25 27 29 26 25
13 12 12 11 11 11 11 13 21 38 38 43 65 57 41 40 39 35 33 33 33 31 30 28 27 26 24 24 23 24 24 26 27 28 30 31 34 36 38 40 42 44 45 46 46 47 47 48 48 48 48 48 48 48 49 49 48 49 48 48 47 46 45 44 43 42 42 41 40 39 38 36 34 32 31 29 28 27 26 26 26 26 27 27 28 29 30 31 31 32 32 32 32 32 32 32 31 31 30 29 28 27 25 24 22 21 18 16 14 11 10 14 16 19 23 24 28 30 25 25
12 12 11 11 11 11 11 11 17 34 41 37 62 63 46 43 43 38 35 35 35 35 33 31 29 28 27 25 24 23 23 25 26 26 27 29 31 32 34 36 37 39 41 42 43 44 44 44 45 45 45 45 46 46 46 46 45 46 46 46 45 44 42 42 40 39 39 37 36 35 33 32 30 29 28 27 26 25 25 26 26 27 28 28 29 30 31 31 32 32 32 32 32 32 32 32 31 31 30 29 28 26 25 24 22 20 18 16 14 11 11 16 16 18 23 24 28 29 25 25
11 11 10 11 11 10 10 10 14 29 43 36 52 68 53 45 45 40 37 38 38 38 37 34 32 30 29 27 26 24 23 24 24 25 26 26 27 29 31 32 33 34 36 38 39 40 41 41 41 41 41 41 42 42 42 43 42 42 42 42 42 40 39 38 37 36 35 33 32 31 31 29 28 27 26 25 25 25 26 26 27 28 28 29 30 30 31 31 32 32 32 32 32 33 32 32 31 31 30 28 27 26 25 24 22 20 18 15 12 10 10 16 16 19 23 29 36 28 23 26
