11 11 11 11 11 12 12 12 12 13 13 13 13 14 14 14 14 15 16 17 18 18 19 19 20 21 22 24 27 30 33 38 43 47 49 50 48 46 43 40 37 34 32 34 35 37 37 38 39 40 42 43 43 43 42 42 40 38 37 36 36 38 40 41 42 41 39 37 36 36 38 40 42 44 47 50 52 54 56 57 57 55 51 48 45 43 43 44 46 49 51 52 51 49 46 41 36 31 27 24 22 21 21 20 20 20 20 20 20 20 21 21 21 20 19 18 16 15 14 13
11 11 11 11 11 11 11 12 12 12 13 13 13 14 14 14 14 16 17 17 18 19 20 20 21 22 23 26 29 32 35 40 45 49 51 51 49 47 45 42 39 36 34 35 37 38 38 39 41 42 43 44 44 44 43 42 40 39 38 37 38 40 42 43 43 43 41 39 38 38 41 43 46 48 51 53 55 57 59 60 59 57 53 50 47 45 45 46 48 51 53 55 54 53 49 44 39 34 29 26 23 22 21 21 21 21 20 20 21 21 22 22 22 22 21 19 17 16 14 14
11 11 11 11 11 11 11 12 12 12 13 13 14 14 14 14 15 16 17 18 19 20 20 21 22 23 25 27 30 33 37 42 47 51 53 53 51 48 47 45 41 38 36 36 39 40 40 41 42 43 44 45 46 46 45 44 42 41 40 39 40 42 44 46 46 45 43 41 41 42 45 48 50 53 55 57 59 61 62 63 62 59 56 51 49 47 48 49 51 53 55 57 57 55 52 47 41 36 31 27 25 23 22 22 22 21 21 21 22 23 24 24 24 24 22 20 19 17 15 14
11 11 11 11 11 11 11 12 12 12 13 14 14 14 14 15 16 17 18 19 20 21 22 22 23 24 26 29 32 35 39 44 48 52 55 54 53 51 49 46 43 39 38 38 40 42 42 42 43 44 45 47 48 48 47 46 44 43 42 42 42 44 47 48 48 47 45 43 44 46 49 52 55 57 59 61 64 65 66 66 64 62 58 54 51 50 50 52 53 55 58 60 60 58 55 50 44 38 33 29 26 25 24 23 23 22 22 22 23 24 25 26 27 26 25 22 20 18 16 15
11 11 11 11 11 11 11 11 12 13 13 14 14 14 14 16 17 18 19 20 21 22 23 24 25 26 28 31 34 37 41 46 51 55 57 57 55 53 51 48 43 41 40 41 43 44 43 44 44 46 47 49 50 50 49 48 46 45 45 44 45 47 49 51 50 49 47 46 47 50 54 57 60 62 64 66 68 69 69 69 67 64 61 57 54 52 52 54 56 58 60 62 63 61 58 52 46 40 35 30 28 26 25 24 24 23 23 23 24 26 27 28 29 28 27 24 22 19 17 15
10 11 11 11 11 11 11 12 12 13 13 14 14 14 15 16 18 19 20 21 22 24 25 25 26 28 30 33 36 39 43 48 52 56 58 58 56 54 52 49 46 43 43 44 45 45 45 45 46 48 49 51 52 52 51 50 48 47 47 47 47 49 51 52 53 51 49 49 50 53 58 62 64 67 68 70 72 73 73 73 70 68 64 60 56 54 54 56 58 60 62 65 65 64 60 55 48 42 37 32 29 27 26 25 25 24 24 24 25 27 29 30 31 31 29 26 24 21 18 16
10 10 11 11 11 11 11 12 12 13 14 14 14 15 16 17 19 20 21 23 24 26 27 27 28 30 32 35 38 41 45 49 54 58 59 58 57 56 54 51 48 46 46 47 47 47 47 47 49 50 51 52 54 54 54 52 50 49 50 51 50 51 52 54 55 53 51 51 53 56 61 65 69 71 72 74 75 77 77 76 74 71 67 63 59 56 56 58 60 62 64 66 67 66 62 57 50 44 39 34 31 29 27 26 26 25 25 25 27 28 31 32 33 33 32 29 26 23 19 17
10 10 11 11 11 11 12 12 13 13 13 14 15 16 17 18 20 21 22 24 26 28 29 29 30 32 34 37 40 43 47 51 55 59 60 59 58 58 57 54 51 49 49 49 49 49 49 49 51 52 53 55 56 56 56 55 53 52 53 54 53 53 54 56 56 55 53 53 55 59 64 69 73 75 76 77 79 80 80 79 77 74 70 66 62 59 58 59 61 64 66 68 68 67 63 58 51 45 40 36 32 30 28 27 27 26 26 26 28 30 32 34 35 35 34 31 28 25 21 19
10 10 10 11 11 11 12 12 13 14 14 14 16 17 18 20 21 22 24 26 28 30 31 31 32 34 36 40 43 45 49 53 57 59 61 60 60 60 59 57 54 52 51 51 51 51 51 51 52 54 56 57 58 59 59 58 56 55 56 58 57 57 57 58 58 56 55 56 58 61 67 72 76 78 79 81 82 83 83 82 80 76 72 68 64 60 59 60 62 64 67 68 68 67 63 58 52 46 41 37 33 31 30 29 28 27 27 27 29 31 33 35 37 37 36 33 30 27 23 21
10 10 11 11 11 12 12 13 14 14 14 15 17 19 20 21 23 24 26 29 31 32 33 33 34 36 38 42 44 47 51 55 58 60 61 61 61 61 61 58 56 54 53 53 52 53 52 52 54 56 58 59 60 61 61 61 60 59 60 61 61 61 61 61 60 58 57 58 60 64 69 75 79 81 82 83 85 86 86 85 82 78 74 70 67 62 60 60 61 64 66 67 68 66 63 58 52 47 42 38 35 32 31 30 29 28 28 28 30 32 34 36 38 39 38 35 32 29 26 23
10 10 11 11 11 12 13 13 14 14 15 17 19 21 22 23 24 26 28 30 32 34 34 35 36 38 40 43 45 49 53 57 60 61 62 62 63 64 63 61 59 57 55 54 54 54 54 54 56 58 60 62 64 65 65 66 65 64 65 66 65 65 64 64 63 61 60 61 63 67 72 77 82 84 85 86 87 88 88 87 84 80 76 72 68 64 60 59 60 62 64 65 65 64 61 57 52 47 42 39 36 33 32 31 30 29 29 29 31 33 35 37 39 40 39 37 34 31 28 25
10 10 11 11 12 12 13 14 14 15 17 19 21 22 23 24 26 27 30 32 33 35 35 36 37 39 41 43 46 50 54 58 61 63 64 64 66 67 66 64 62 59 57 55 55 55 55 56 58 60 63 66 68 70 70 70 69 69 71 72 71 69 69 68 66 64 64 65 67 70 74 80 84 87 87 88 90 91 90 89 85 81 77 73 69 64 60 58 57 59 61 62 62 61 59 55 51 47 43 40 37 35 33 32 31 31 30 30 32 34 36 38 40 41 40 39 36 34 30 28
10 10 11 12 12 13 14 15 15 17 19 21 22 24 24 25 27 29 31 33 34 35 36 36 38 40 42 45 47 50 54 58 62 63 64 65 67 67 66 65 63 61 59 57 57 57 57 59 61 63 66 69 72 75 76 76 75 75 76 78 77 75 74 72 68 67 67 69 72 75 78 82 87 89 89 90 91 92 91 89 86 81 77 73 68 63 59 57 56 56 57 58 58 57 56 53 50 47 44 40 38 36 35 34 33 33 32 32 33 35 37 38 40 41 41 40 38 36 33 30
10 11 11 12 13 14 15 16 17 19 21 22 24 25 26 27 29 31 33 34 35 36 36 36 38 40 42 45 47 49 53 58 61 63 64 66 67 68 68 67 65 63 61 59 58 58 59 61 64 67 70 73 77 81 83 83 82 82 83 83 83 81 79 76 73 71 71 73 76 79 81 85 88 90 90 90 91 91 90 88 84 80 76 72 67 62 57 54 53 54 54 55 55 54 53 51 49 47 44 41 39 37 36 36 35 35 35 35 36 37 39 40 41 42 42 41 40 38 36 33
11 11 12 13 14 15 16 17 19 21 23 25 27 27 28 30 31 33 34 36 37 37 36 37 37 39 41 43 46 48 52 56 59 62 63 66 68 69 69 69 67 65 62 61 60 60 61 64 67 70 74 77 83 88 90 90 89 89 89 88 88 86 85 82 78 77 76 77 79 82 84 87 89 90 90 90 90 89 88 85 82 78 74 70 65 60 56 53 51 51 51 52 52 52 51 50 48 47 45 42 41 40 39 39 38 38 38 38 38 39 41 42 43 43 43 43 42 41 38 36
11 12 13 14 15 17 18 20 22 24 26 28 29 30 31 32 34 35 36 38 38 38 38 37 37 38 40 42 44 46 50 54 57 60 62 64 67 69 70 70 69 67 64 63 62 62 63 66 69 73 77 82 88 94 97 97 96 95 95 94 93 92 90 88 84 82 81 80 82 84 86 89 90 90 89 88 87 86 84 81 79 76 72 68 63 59 55 52 50 49 49 50 50 50 50 50 49 48 47 45 43 42 42 41 41 41 41 41 41 42 43 44 44 44 44 44 44 43 41 39
12 13 14 16 17 19 21 23 25 27 30 31 32 33 34 35 36 38 39 40 40 40 40 39 38 38 40 41 43 45 49 52 55 57 60 63 66 69 70 70 70 68 66 65 64 64 66 69 72 76 81 87 93 99 103 104 103 102 102 100 99 97 96 93 90 88 85 84 84 86 88 90 91 90 89 87 85 83 81 78 75 72 69 66 62 58 54 52 50 49 49 49 50 50 50 51 50 50 49 48 47 46 45 45 45 45 45 45 45 46 46 46 46 46 45 45 46 45 44 42
13 14 16 18 20 22 24 26 29 32 34 35 36 37 38 39 40 41 43 44 44 43 42 41 40 39 40 41 43 45 48 50 53 56 59 62 66 68 70 71 71 70 68 67 66 66 68 71 75 79 84 91 98 104 108 110 110 109 109 106 104 102 100 97 95 93 90 87 87 87 89 90 91 90 88 86 83 80 77 74 71 69 67 64 60 57 54 52 51 49 50 50 51 52 52 53 53 53 53 52 50 49 49 48 48 49 49 49 49 49 49 49 49 48 47 47 47 47 46 45
14 16 18 21 23 26 28 31 33 36 38 40 41 43 44 45 46 47 47 48 48 47 46 45 43 42 42 42 43 44 47 49 52 55 58 61 64 67 69 71 72 71 70 69 68 68 70 74 78 81 87 94 101 108 112 115 116 115 114 112 110 107 104 101 99 97 93 90 89 89 89 90 91 91 88 85 81 77 74 71 68 66 64 63 60 58 55 54 53 52 52 53 54 56 57 57 58 58 58 57 55 54 53 52 52 52 53 53 52 53 53 52 51 50 50 49 49 49 49 47
16 19 22 24 27 30 33 36 38 41 44 46 48 50 50 51 52 53 53 53 53 52 51 49 48 46 45 45 44 45 47 50 52 54 57 60 63 66 68 71 72 72 71 70 70 70 73 76 80 84 90 97 104 111 115 118 120 120 119 117 115 112 108 105 103 100 97 93 91 90 90 90 91 90 88 84 81 77 73 70 67 65 64 63 61 60 58 57 56 56 57 58 59 61 62 63 64 64 64 62 61 58 57 56 55 56 55 56 56 56 56 55 54 53 52 51 51 51 51 50
18 21 25 28 31 35 38 41 44 47 49 52 55 57 58 58 59 61 61 60 59 58 57 56 53 51 49 48 47 48 50 52 53 55 58 60 63 65 68 71 72 72 71 71 71 72 75 79 83 87 92 99 107 113 118 122 124 124 122 120 119 116 112 109 106 104 100 97 95 92 91 90 90 90 88 84 80 77 73 70 68 66 65 65 64 63 63 62 63 62 63 65 67 68 70 70 71 71 70 68 66 64 62 60 59 58 58 58 58 58 58 58 56 55 54 53 53 52 52 52
21 25 28 32 36 40 43 47 50 52 55 57 61 63 65 66 67 69 70 69 68 66 64 62 60 58 55 52 51 51 53 54 55 57 60 62 64 66 69 72 73 73 72 73 73 75 78 82 86 90 95 101 109 115 121 125 126 125 124 123 121 119 116 112 109 106 103 100 97 94 92 91 90 89 87 84 80 77 74 71 70 69 69 68 68 68 68 69 70 71 72 73 75 76 78 78 79 79 77 75 72 69 66 64 62 61 60 60 60 61 60 60 58 57 56 55 55 54 54 54
25 29 33 38 42 46 49 52 54 56 59 62 66 69 72 74 76 77 78 78 78 76 73 70 68 65 63 60 58 57 58 58 59 60 63 65 66 68 71 73 74 74 74 74 76 77 80 85 89 92 97 103 110 117 122 126 128 127 126 125 123 121 118 114 111 108 104 101 99 96 93 91 89 88 86 84 81 78 75 74 73 74 74 74 74 75 76 77 79 79 80 82 83 85 86 86 86 85 84 81 78 75 71 69 66 65 63 63 62 62 62 61 60 59 59 57 57 56 56 56
28 33 38 43 47 51 54 56 58 60 63 66 71 74 78 81 84 86 87 88 87 85 82 79 76 73 71 68 65 64 64 63 64 65 67 68 70 72 73 75 76 75 75 77 78 80 83 87 91 95 100 105 112 118 124 127 129 129 127 126 124 122 118 116 112 109 105 102 100 98 94 91 89 88 87 84 82 80 78 77 77 79 80 80 81 81 83 85 86 87 88 89 90 92 92 92 91 90 89 86 83 79 76 74 72 69 66 64 63 63 62 62 61 60 60 59 58 57 57 57
33 38 43 48 52 56 58 61 62 64 67 71 75 79 82 87 91 94 97 99 97 94 90 87 84 81 78 75 73 71 70 70 69 71 72 73 74 76 78 79 79 78 78 80 81 83 86 90 94 98 103 107 114 120 125 128 130 129 127 125 124 122 119 116 113 110 106 103 101 98 95 92 90 89 87 86 84 82 81 81 82 83 85 86 86 87 88 90 91 92 93 94 94 95 95 95 94 94 94 91 88 85 81 81 78 73 69 66 64 63 62 62 61 61 60 60 59 58 58 58
38 43 50 55 59 61 63 65 66 68 71 74 78 82 86 91 96 101 107 108 106 103 98 94 91 88 85 82 79 77 76 75 75 76 77 78 79 80 82 83 83 81 82 83 84 86 89 92 96 101 105 110 116 121 125 129 129 128 126 124 123 121 119 116 113 110 107 104 101 98 96 93 91 90 89 88 87 86 85 84 85 87 89 90 91 91 93 95 95 95 96 96 96 95 95 95 94 95 95 95 96 91 84 81 78 73 69 67 64 62 61 61 61 61 60 60 60 59 59 59
42 49 58 64 66 67 70 70 71 72 75 77 81 85 90 94 99 105 110 113 114 113 108 102 98 94 90 87 85 83 81 80 80 81 81 81 82 84 86 87 86 85 85 86 87 88 91 94 98 103 108 113 118 122 125 127 128 127 126 123 122 120 118 116 113 110 107 104 101 99 96 94 92 92 92 93 92 90 88 87 89 90 92 93 94 95 96 97 98 97 97 96 96 94 93 91 90 89 88 91 96 94 88 82 78 75 71 67 64 62 61 60 60 60 60 60 60 60 60 60
47 54 63 70 73 73 73 73 74 76 78 80 83 87 91 95 98 105 111 118 124 124 118 112 105 100 95 91 89 87 85 84 83 84 85 85 86 87 88 89 89 88 88 88 88 90 92 96 100 104 109 114 118 122 125 127 128 127 125 123 121 120 118 115 113 110 107 104 101 98 96 94 94 97 100 99 98 97 95 94 94 94 94 95 96 96 96 96 96 96 95 94 92 91 89 87 86 85 84 84 89 97 90 82 78 78 75 70 65 62 61 60 60 60 60 60 60 60 60 61
52 60 70 78 83 79 75 75 76 77 79 81 83 87 90 93 97 105 113 123 128 130 124 117 111 105 99 94 90 88 86 85 85 85 86 86 86 87 88 88 89 89 89 89 91 93 94 98 101 105 109 114 118 122 126 128 128 128 126 124 122 120 118 115 112 109 105 102 99 95 93 93 97 98 105 108 107 106 105 102 100 98 96 95 93 93 93 93 92 92 91 90 88 87 85 85 84 83 82 83 87 93 89 81 76 73 72 68 64 61 60 60 60 61 61 60 60 60 61 62
56 65 78 86 94 89 81 78 75 76 77 79 81 83 86 89 94 102 111 125 134 136 129 119 112 106 99 94 90 87 86 85 85 85 85 85 85 85 85 86 86 87 87 89 92 94 96 99 102 106 110 114 118 122 127 129 130 130 128 125 123 121 119 115 112 108 104 99 95 92 89 89 95 96 105 115 118 113 109 106 103 99 95 92 90 90 89 89 89 89 89 87 85 82 82 83 84 82 79 81 87 89 85 79 73 68 66 64 62 60 60 60 60 61 61 61 61 61 62 63
63 73 86 96 102 101 92 81 75 74 75 77 79 81 82 84 87 93 104 121 139 143 134 121 112 104 97 92 89 86 85 84 84 85 85 84 84 84 84 83 83 84 85 88 92 97 98 100 103 107 111 115 119 123 128 131 133 132 130 127 124 122 119 115 111 107 102 97 92 89 86 85 90 101 116 127 128 117 106 103 100 97 94 91 90 89 88 87 87 87 86 84 81 78 77 79 80 79 76 80 85 84 81 76 70 66 63 61 60 59 59 60 60 61 62 62 62 63 63 64
72 82 91 101 108 108 99 85 77 74 74 75 77 79 80 81 83 90 99 114 132 138 130 118 106 98 93 89 87 86 84 83 83 84 84 84 83 83 83 82 82 83 84 88 95 99 98 99 102 107 111 116 120 125 129 133 135 134 132 130 126 123 119 115 110 105 100 94 89 85 83 85 88 103 124 139 135 115 100 97 95 94 92 91 90 89 88 88 88 86 83 80 77 75 73 74 74 73 73 76 77 76 77 72 68 65 63 61 60 59 60 60 61 62 63 63 64 64 65 66
73 81 88 99 109 108 99 86 77 73 73 74 75 76 78 79 80 83 89 98 112 116 114 105 96 90 86 84 84 84 83 82 82 83 83 84 83 83 83 82 81 82 84 88 93 96 94 95 100 106 114 119 122 125 128 132 135 135 133 131 127 123 119 114 110 104 97 91 84 80 82 84 85 95 119 136 131 111 99 95 93 92 90 89 88 87 86 85 85 83 79 76 73 70 69 68 67 67 67 68 67 67 67 66 64 61 60 59 59 59 60 61 62 63 64 64 65 66 67 68
72 79 92 103 108 104 92 80 74 71 71 72 73 74 75 75 76 77 78 82 88 94 96 92 87 83 80 78 78 78 78 79 80 81 82 82 83 83 82 82 81 81 82 84 89 92 91 92 96 105 116 125 128 128 130 132 134 134 131 127 123 119 116 112 107 103 95 87 80 77 79 81 83 91 103 114 114 106 97 92 89 87 85 83 83 82 80 79 78 76 73 69 66 63 61 61 60 59 58 58 58 58 58 57 57 55 55 55 55 56 58 59 61 63 64 66 67 68 69 70
75 81 94 103 103 97 84 75 70 68 68 68 69 69 69 68 68 67 67 68 73 80 83 81 77 73 72 71 71 71 72 74 75 77 78 79 80 80 80 81 81 81 81 84 90 90 88 88 91 100 116 129 136 137 135 134 133 131 128 124 121 117 113 108 103 100 92 83 79 75 74 75 78 83 90 100 102 100 93 87 83 81 79 77 76 74 71 69 67 65 62 59 56 54 52 52 51 50 50 50 50 50 50 50 50 49 50 50 52 53 56 58 61 64 66 68 69 70 71 72
77 81 87 94 94 88 82 74 67 64 63 63 62 61 60 59 58 58 57 58 62 69 71 68 65 61 60 60 61 62 65 68 70 72 74 75 76 77 78 79 80 80 81 85 90 88 84 84 89 100 115 136 146 145 138 133 131 128 125 121 118 113 108 105 102 97 89 82 78 75 73 73 76 81 87 95 98 94 87 82 78 75 73 69 66 63 59 55 53 51 49 46 44 42 42 43 42 42 43 42 43 43 43 43 44 44 45 47 48 51 54 57 61 64 67 70 72 72 73 73
79 80 81 85 87 86 82 73 64 60 58 56 55 53 52 51 50 49 48 49 50 55 58 54 50 47 46 47 49 51 54 59 63 65 68 70 72 74 75 77 78 79 80 81 85 86 83 81 86 99 121 140 144 143 134 130 128 125 120 115 109 104 99 97 99 98 89 81 77 73 72 72 75 81 86 89 89 86 80 76 72 68 64 59 54 49 45 42 40 38 37 35 33 33 33 35 35 36 37 36 37 37 37 38 39 39 41 44 46 50 53 58 62 66 70 72 74 74 75 74
82 82 83 84 85 84 78 69 61 56 53 50 48 46 45 43 42 41 41 43 41 41 40 37 35 33 33 33 36 38 41 46 52 57 61 64 67 70 72 74 76 79 80 81 83 84 83 81 84 91 119 140 143 136 127 122 120 116 111 106 101 98 93 90 92 94 85 77 74 72 71 71 73 76 79 81 82 80 74 69 64 59 53 48 43 39 35 32 31 28 28 27 26 27 28 30 32 33 34 33 33 33 34 34 35 36 39 42 45 49 54 59 64 68 72 75 76 76 76 74
87 88 88 85 82 78 72 65 58 53 48 45 43 40 38 36 34 34 36 37 34 32 28 26 25 24 24 24 25 27 29 34 40 46 51 57 61 66 69 72 74 77 79 81 82 81 81 80 82 86 107 135 140 128 120 116 114 112 109 104 101 96 90 85 88 87 78 73 71 70 70 71 73 75 76 77 79 77 71 64 57 50 44 40 36 32 28 26 25 23 23 22 22 23 25 28 31 33 33 32 30 30 30 31 31 33 36 39 44 49 54 60 66 72 75 78 79 78 76 74
93 93 92 87 82 76 69 62 55 49 45 41 38 34 32 30 30 31 33 34 32 29 25 23 22 21 21 20 21 22 24 27 32 37 42 48 54 60 65 69 73 75 78 80 81 80 80 78 77 81 96 119 126 118 113 111 114 115 112 108 103 95 88 82 81 78 72 69 68 69 69 70 72 74 74 76 77 74 66 56 48 42 38 36 33 30 26 24 23 22 21 21 22 23 26 30 34 36 35 34 32 30 29 29 29 31 34 38 42 48 54 61 67 73 78 80 81 80 77 74
96 97 95 89 83 75 68 60 54 48 42 37 33 30 28 28 29 32 36 38 35 31 26 22 21 20 20 19 19 21 24 28 31 34 36 40 46 53 60 66 71 74 77 79 79 81 80 77 75 76 87 100 106 107 106 107 112 115 114 109 103 94 87 80 74 71 68 67 67 68 68 69 70 72 74 76 76 71 60 51 44 41 38 37 35 32 28 26 24 23 22 22 23 26 30 35 38 39 38 36 34 32 30 29 29 31 34 38 43 48 55 62 69 75 80 82 82 81 78 76
98 99 97 92 85 76 67 60 53 47 41 36 32 29 28 29 32 36 41 43 41 35 28 24 21 21 21 21 21 23 27 31 34 37 38 39 41 48 56 63 69 73 76 77 78 81 80 77 72 70 76 86 95 101 104 107 112 116 116 110 105 96 88 79 72 67 65 66 66 67 67 68 69 72 74 77 75 68 58 52 48 45 43 42 41 38 35 31 29 26 25 25 27 31 35 39 41 41 40 38 36 34 32 31 31 33 35 39 44 50 57 64 70 76 80 82 82 81 79 78
99 101 100 95 87 78 68 60 53 48 43 38 34 33 32 34 36 40 44 47 46 41 35 29 26 25 26 26 26 30 34 38 41 43 44 44 45 48 55 62 69 74 76 76 77 79 79 76 70 67 69 76 88 98 104 109 114 120 120 114 110 102 94 84 74 67 64 63 64 66 66 67 69 72 75 76 74 69 62 58 56 54 53 51 50 48 45 41 37 34 32 33 35 38 41 43 44 44 42 40 38 36 35 34 34 36 38 42 47 53 60 66 71 76 79 81 82 81 80 79
98 101 102 98 91 81 71 63 56 51 47 42 39 38 38 39 41 43 46 49 49 47 42 37 34 34 35 37 38 41 44 47 49 51 52 54 54 55 60 66 72 76 78 78 77 79 79 75 68 65 66 74 88 99 107 113 121 127 127 122 116 109 100 89 79 72 65 61 62 65 67 69 69 73 76 77 77 74 70 68 66 64 63 61 59 57 55 51 46 43 42 42 43 45 46 47 47 46 45 43 41 40 39 38 39 40 43 47 52 58 63 69 73 76 78 80 80 80 80 80
95 101 103 100 94 84 74 67 61 56 52 48 45 44 43 43 45 46 48 51 52 52 49 46 44 44 47 49 51 53 54 55 57 59 61 63 65 66 69 73 77 80 82 81 80 81 79 74 67 63 66 78 93 104 112 121 130 136 137 132 124 116 105 93 82 74 67 62 63 66 69 71 72 76 80 82 82 81 79 77 75 73 71 68 66 63 61 58 54 51 50 50 50 51 51 50 50 49 49 48 46 45 44 43 44 46 49 52 57 62 66 71 74 77 78 80 80 79 79 80
90 97 102 101 96 88 79 72 66 61 57 54 52 51 50 50 51 51 53 54 54 55 55 53 53 53 55 57 58 59 60 61 62 65 68 71 73 76 78 80 83 86 87 85 83 82 80 74 67 63 67 79 94 106 116 125 135 141 141 136 130 122 112 100 87 77 69 65 64 66 68 71 75 80 85 88 88 88 86 84 82 79 77 74 71 69 66 63 61 58 57 57 57 57 57 56 56 54 54 53 52 51 50 50 50 52 54 57 61 65 69 72 75 78 79 80 80 79 79 79
83 91 98 100 97 92 85 77 71 66 62 60 59 58 58 59 59 59 59 59 59 59 59 58 58 58 59 61 62 62 63 64 66 69 72 76 79 82 85 88 91 93 92 89 85 83 80 75 70 68 72 83 95 107 117 126 135 140 140 136 131 124 115 105 93 80 71 66 65 67 68 69 75 82 88 92 93 93 91 89 87 85 82 79 76 74 71 69 66 65 64 64 64 64 63 62 61 61 60 59 58 57 57 56 57 58 60 63 66 69 72 74 77 79 80 80 80 79 80 80
78 85 93 97 96 94 89 81 75 71 68 67 66 66 67 67 67 66 67 66 66 65 65 64 63 62 63 64 65 65 66 67 70 73 76 79 82 86 90 94 97 99 97 92 86 83 79 74 71 71 77 87 98 108 117 126 134 139 139 136 131 125 117 108 97 83 73 68 67 68 69 71 75 83 90 95 96 96 94 93 91 89 87 84 81 78 76 74 72 70 70 70 70 70 69 68 68 67 66 66 64 64 63 63 64 65 66 68 71 73 76 77 79 80 81 81 81 80 80 80
75 82 90 94 95 94 90 84 79 76 74 74 74 74 75 74 74 73 74 74 73 72 72 70 69 68 69 69 69 70 70 72 74 77 80 83 86 90 95 100 103 104 102 96 90 84 80 74 71 74 80 90 100 109 118 126 133 138 139 136 131 126 119 109 98 86 76 71 69 69 70 73 77 84 91 97 99 98 97 96 94 92 91 88 86 83 81 78 76 75 75 75 75 75 75 74 74 73 72 72 71 70 70 70 71 72 72 74 77 78 80 81 82 82 82 82 82 82 82 81
76 81 87 91 94 94 91 87 83 81 80 80 81 82 82 81 80 80 80 80 80 79 78 76 75 75 75 74 74 75 76 77 78 80 83 86 89 94 100 104 107 108 106 101 93 87 82 78 77 79 83 92 101 110 118 125 132 137 138 136 132 127 120 111 100 89 79 74 72 71 72 74 77 84 91 97 100 100 99 98 96 95 94 92 90 87 85 83 81 80 80 80 80 81 80 80 80 79 79 78 78 77 77 77 78 79 79 80 82 83 84 85 85 84 83 82 82 83 84 83
83 84 87 90 93 94 93 90 88 87 86 86 87 89 89 88 87 87 87 87 87 85 84 83 82 81 81 80 79 80 81 81 82 84 86 89 93 98 103 108 110 111 108 103 97 89 84 82 81 84 88 95 102 111 118 125 132 137 138 136 132 127 120 112 102 91 81 75 73 73 73 74 78 84 91 97 100 101 101 100 99 98 96 95 93 91 89 87 86 85 85 85 85 85 85 85 85 85 85 85 84 84 84 84 84 84 85 85 86 87 87 87 86 85 84 82 82 82 84 82
89 88 88 90 94 96 96 95 93 92 92 93 94 96 96 96 95 94 94 94 94 93 91 90 89 88 87 86 85 85 85 85 86 87 90 94 98 103 107 111 113 113 111 105 98 91 86 83 83 86 91 97 105 113 120 127 133 137 138 137 133 127 120 112 102 93 84 77 73 73 73 75 78 85 91 96 100 101 102 102 101 100 99 97 95 94 92 90 89 88 88 89 89 90 90 90 91 90 90 90 90 91 91 90 89 89 89 89 89 89 89 88 86 85 85 83 83 83 82 82
96 92 92 94 100 101 100 100 99 99 98 99 101 102 103 103 102 102 102 102 100 99 98 97 96 94 93 91 89 89 88 88 89 91 94 99 104 108 111 117 122 123 118 109 100 92 86 84 85 88 94 101 108 115 122 128 135 138 139 137 132 126 119 111 102 93 86 79 75 74 74 75 79 84 90 95 98 101 102 103 103 102 100 99 97 95 94 92 91 91 91 92 92 93 94 94 94 94 94 94 94 94 93 93 93 92 92 92 92 91 89 87 86 86 86 86 85 84 83 82
100 98 96 99 107 110 108 108 107 107 107 107 108 109 110 110 108 108 108 107 106 105 104 102 100 98 97 94 93 92 91 91 92 95 100 104 108 111 116 123 129 129 121 110 101 92 87 85 88 92 97 103 109 114 120 128 135 140 140 137 132 126 118 110 102 94 87 81 76 74 75 76 78 83 88 93 97 100 103 104 104 104 101 99 97 96 94 93 92 92 93 93 94 94 95 95 95 95 96 96 96 96 96 96 95 95 94 94 92 90 88 86 86 88 88 87 85 84 83 82
103 104 104 106 112 120 124 123 121 121 120 120 120 121 121 119 117 117 115 114 113 111 110 109 107 105 104 99 97 97 97 97 99 103 108 112 113 115 120 124 127 127 118 108 100 92 88 88 92 96 100 105 109 113 119 127 135 140 140 137 132 125 117 109 101 94 87 82 78 75 76 78 79 82 87 91 96 99 102 105 106 106 104 101 99 97 95 94 94 93 93 94 94 94 94 95 95 96 97 98 98 99 98 98 96 96 94 91 89 87 86 86 87 89 88 87 85 84 82 80
105 107 110 112 117 129 137 139 140 140 139 138 138 137 135 131 128 126 124 123 121 120 119 117 115 113 112 111 112 113 113 109 109 111 114 117 119 119 120 123 128 126 116 106 99 93 90 92 95 99 102 106 110 114 120 128 135 140 140 138 133 125 117 109 101 94 88 83 80 78 78 80 81 83 87 90 93 97 100 103 105 106 106 104 102 99 97 96 95 94 94 94 94 94 95 96 97 98 99 100 100 99 99 98 97 94 91 89 88 88 89 89 90 91 90 87 85 83 81 79
107 107 110 111 118 130 141 148 152 153 151 151 151 148 145 141 137 136 132 130 128 126 124 121 119 117 115 116 118 119 119 116 115 117 120 122 123 122 123 125 127 127 118 107 102 96 94 95 98 100 103 107 111 116 121 129 135 139 140 138 133 127 118 109 101 94 89 85 82 80 79 80 82 84 85 88 91 95 98 100 103 104 105 104 102 100 98 96 95 94 94 93 94 94 95 96 97 98 98 98 98 97 97 97 97 94 93 93 93 93 93 93 93 91 90 87 85 83 81 79
110 109 110 111 116 125 136 144 150 153 154 155 156 155 155 153 150 148 145 141 137 131 128 124 122 119 117 118 119 121 122 122 122 125 128 127 126 127 130 134 132 128 120 111 104 99 97 98 100 102 104 108 112 117 123 130 136 140 141 138 134 127 118 110 102 95 89 85 83 81 80 80 81 83 84 86 89 91 94 97 99 101 103 103 101 99 96 94 93 91 91 90 91 92 92 93 94 95 96 97 98 99 101 101 101 101 101 100 99 98 97 96 94 92 90 87 85 83 81 78
113 112 111 111 116 122 130 138 146 152 157 158 159 162 163 161 158 155 156 152 146 141 136 128 124 122 120 121 122 127 128 128 130 132 133 134 134 133 134 138 137 129 119 110 104 100 99 100 101 103 105 109 113 118 124 130 136 140 140 138 134 127 119 110 101 94 89 85 83 82 81 80 81 83 84 85 87 89 93 96 98 101 102 102 101 100 97 94 92 92 91 91 91 92 93 94 96 98 101 104 106 108 109 109 109 108 106 104 103 102 100 98 96 93 90 88 86 85 81 78
114 114 112 111 112 118 126 136 143 149 154 157 160 163 164 164 162 160 160 159 154 149 144 137 133 133 133 135 136 138 137 138 139 139 139 138 136 132 130 131 131 124 114 108 103 102 101 101 101 103 106 109 113 118 124 131 136 140 140 138 134 127 119 111 102 95 89 85 82 82 82 82 81 82 83 85 87 89 92 95 99 101 103 105 105 103 101 99 97 96 95 95 96 97 98 100 103 106 108 111 113 114 115 115 114 112 110 108 107 105 103 100 96 94 91 88 86 84 81 77
114 115 114 112 111 114 120 130 137 145 152 157 159 161 161 161 161 160 160 160 157 154 150 144 140 139 138 138 139 140 139 141 141 140 139 138 133 127 123 120 118 113 109 106 104 103 102 101 101 102 105 108 113 119 125 131 136 139 140 137 132 126 119 111 102 95 88 84 82 82 82 83 83 83 83 85 86 88 90 94 98 101 104 107 108 107 106 104 103 101 100 100 100 101 102 105 107 110 113 115 117 118 119 118 118 117 115 113 111 108 105 101 98 95 92 89 85 83 80 77
114 116 116 115 115 117 121 127 133 139 145 151 154 157 158 157 156 155 154 154 151 149 147 145 143 141 141 140 140 140 140 141 141 140 138 135 130 124 119 115 114 111 108 107 106 104 102 100 100 101 104 108 113 119 125 131 136 138 139 136 131 125 117 110 102 95 88 84 82 81 82 83 84 84 84 85 87 88 91 94 97 100 104 107 109 109 109 109 107 106 106 106 106 107 108 111 114 116 119 121 123 124 125 125 124 123 120 117 114 110 107 103 99 97 93 90 87 83 81 78
114 116 117 117 118 121 126 131 135 140 144 146 149 151 153 153 151 150 149 148 148 146 144 144 141 140 139 138 138 139 140 141 141 139 135 132 128 123 118 115 115 115 114 111 108 104 101 99 99 101 103 108 113 119 126 132 136 138 138 135 130 124 117 110 102 95 89 84 81 80 81 82 83 84 85 87 88 89 92 94 97 101 104 107 109 111 112 113 113 113 113 113 114 115 116 119 122 124 127 128 129 131 131 130 129 126 123 119 115 112 108 105 101 99 96 92 88 85 82 79
114 117 118 118 119 122 127 133 139 143 146 149 150 150 149 149 147 146 145 145 144 143 141 141 140 139 139 138 139 141 142 142 141 137 134 132 129 124 119 116 117 118 116 113 108 103 100 98 99 101 104 108 113 120 126 131 135 137 137 134 130 124 117 110 102 95 89 84 81 79 79 81 82 84 85 87 88 90 93 96 99 103 106 109 111 113 115 116 117 118 120 121 122 123 123 126 127 129 131 132 133 134 134 132 130 127 124 120 117 114 110 107 103 100 97 94 90 87 84 80
114 117 119 120 121 124 129 134 140 145 148 152 154 154 153 152 150 148 146 145 142 141 142 143 143 143 143 144 145 146 147 146 143 140 137 135 132 127 122 118 116 116 114 110 106 101 99 98 98 101 105 109 114 120 126 131 134 136 136 133 129 123 117 110 103 96 90 85 81 79 78 79 81 83 85 86 88 90 93 97 101 106 109 113 116 118 119 120 121 123 125 127 128 129 129 131 132 133 135 137 137 137 137 135 132 129 126 123 119 116 112 109 106 102 99 95 92 88 85 81
114 117 120 121 123 126 131 137 142 147 152 155 158 159 158 156 154 152 150 148 145 145 145 147 147 148 149 150 152 153 152 151 148 145 142 139 134 129 124 120 116 113 110 106 103 100 98 97 99 103 107 112 117 122 127 131 134 136 135 133 128 123 116 110 103 97 91 86 81 79 77 77 78 81 83 85 88 90 94 98 103 108 113 118 121 124 126 127 129 131 133 135 137 137 138 140 139 140 141 142 142 142 140 138 135 132 128 124 121 118 114 111 108 104 101 98 94 90 86 83
113 117 119 121 124 127 132 137 141 147 152 157 160 161 160 159 157 155 153 152 151 151 151 152 153 154 155 157 159 159 157 155 151 148 145 142 137 131 125 120 115 110 107 103 100 97 97 97 100 105 109 114 120 124 128 132 135 136 135 133 128 123 117 110 104 98 92 87 82 79 76 75 76 78 80 83 86 90 94 99 104 110 116 121 125 128 131 134 137 139 141 144 145 146 146 147 146 146 146 146 145 144 141 138 135 132 128 125 121 118 115 112 108 105 102 98 95 91 87 83
114 117 120 122 125 129 133 136 140 145 150 156 159 161 161 160 159 158 157 156 156 157 157 158 159 161 162 163 164 164 161 158 155 151 147 143 138 132 125 119 113 108 104 100 97 95 95 97 100 105 111 116 121 126 130 134 137 138 137 134 130 124 118 112 106 99 93 88 83 78 75 73 73 75 77 80 84 89 94 100 106 113 118 123 128 131 135 138 141 143 146 149 150 150 150 150 149 148 147 146 145 143 140 138 135 132 128 125 122 119 116 112 109 106 102 99 95 92 88 83
115 118 120 122 125 129 132 136 139 142 147 151 154 157 158 158 159 159 159 160 161 161 161 161 163 164 166 167 168 168 165 161 158 154 149 144 138 130 123 116 111 105 101 97 94 93 94 96 100 106 112 118 122 127 132 136 139 140 138 135 131 125 119 113 107 101 96 90 84 79 75 72 71 72 74 77 82 88 94 100 107 114 120 125 130 134 138 140 144 147 150 153 154 155 155 154 152 150 148 146 144 142 140 137 134 131 128 124 121 118 115 112 109 105 102 98 94 91 87 83
115 118 120 122 124 128 132 135 137 140 143 147 150 153 155 157 158 159 161 163 164 165 164 164 166 168 169 170 171 171 168 165 161 156 150 143 136 129 121 114 108 102 98 94 92 92 93 96 101 107 113 119 124 129 134 139 143 143 141 137 132 126 120 114 108 103 97 91 85 80 75 71 70 70 71 75 80 86 93 100 107 114 120 125 131 135 139 143 147 150 154 156 157 158 157 156 154 152 149 147 144 141 139 136 133 130 127 124 121 118 115 112 108 105 101 98 94 90 86 82
114 117 119 121 124 128 131 133 135 137 141 145 148 151 154 156 159 160 163 165 166 167 167 167 169 170 172 173 174 173 171 168 164 158 151 143 135 128 120 112 106 100 95 91 90 90 92 96 101 107 113 120 126 131 136 142 146 146 143 139 133 127 121 115 109 104 98 92 86 80 75 71 68 67 69 72 78 85 93 100 108 114 121 126 132 136 140 145 149 152 155 158 159 159 158 157 155 152 150 148 145 141 138 135 132 129 126 123 120 117 114 110 107 104 100 97 93 89 85 82
113 116 118 120 123 126 129 132 133 136 139 143 147 151 154 157 160 163 165 168 169 170 171 171 172 174 176 176 177 176 173 170 166 159 152 143 135 126 118 111 103 97 92 88 87 89 91 96 101 107 113 120 126 131 137 144 148 148 145 141 134 128 122 116 111 105 100 94 87 81 76 71 67 66 67 70 76 84 92 100 108 115 122 128 134 138 143 146 150 153 156 158 159 159 158 156 154 153 151 148 145 142 139 135 132 129 125 122 119 116 113 110 106 103 99 95 92 88 84 81
111 114 116 118 121 124 128 130 132 135 139 143 147 152 156 159 162 164 168 171 172 174 174 175 176 178 180 180 180 178 175 171 166 160 152 143 134 126 117 109 101 94 89 86 85 87 91 95 101 107 114 120 126 132 138 145 150 150 147 142 136 129 122 116 111 106 100 95 88 82 76 71 67 66 66 69 75 83 91 100 108 116 123 129 135 140 144 147 151 154 157 158 158 158 157 156 154 153 151 149 146 143 139 135 131 128 125 121 118 115 112 109 105 101 97 93 90 86 82 79
109 112 115 117 120 123 126 129 131 134 138 143 148 153 157 160 163 166 170 173 175 176 177 177 178 180 182 182 181 180 176 171 167 160 153 144 135 126 116 107 99 92 87 84 84 86 90 95 101 107 113 119 126 132 140 147 153 155 151 146 138 131 124 118 113 107 102 96 89 83 77 71 68 66 66 69 74 81 90 99 108 116 123 130 135 140 144 148 151 154 155 156 157 157 156 156 154 153 152 149 146 143 139 135 131 127 124 121 117 114 110 107 104 100 96 92 88 85 81 78
108 111 114 116 119 122 125 127 130 134 138 144 149 154 158 161 164 167 171 174 176 177 178 178 179 180 182 183 182 180 176 171 166 159 152 144 135 125 115 106 97 91 86 84 84 86 90 95 100 107 113 119 125 133 142 150 158 161 157 151 143 135 127 120 114 108 103 96 90 84 78 73 69 67 67 69 74 80 89 98 108 116 123 130 135 140 144 147 150 152 153 154 155 155 155 154 154 152 151 149 146 143 139 135 131 127 124 121 117 114 110 106 103 99 95 91 87 84 80 77
106 110 113 115 118 122 124 127 130 134 139 144 150 154 158 161 164 167 170 173 176 177 177 177 177 178 180 181 180 178 174 168 163 157 150 142 134 124 114 104 96 90 86 84 85 87 91 96 101 106 112 118 125 134 144 154 162 165 162 156 147 139 130 123 116 110 104 97 90 84 79 74 71 69 68 70 74 80 88 98 107 116 124 130 136 140 143 147 149 151 152 153 153 154 154 153 152 151 150 147 145 142 138 135 131 128 124 121 117 113 109 105 101 98 94 90 86 83 79 76
105 109 112 115 118 121 124 127 130 134 138 143 148 152 156 159 162 165 168 172 175 176 175 176 176 176 177 177 176 174 170 165 160 154 147 140 132 122 112 102 94 89 87 86 87 89 92 96 101 106 112 118 124 133 144 155 164 167 164 157 150 141 133 125 118 111 105 98 91 85 80 75 73 71 71 72 75 80 88 97 106 115 123 130 136 140 143 146 148 149 151 152 152 152 153 152 151 150 148 146 143 141 138 134 131 128 124 121 117 113 109 105 101 97 93 89 85 82 78 75
104 108 112 115 118 121 125 128 131 134 138 143 147 150 154 157 161 164 167 170 173 173 174 174 174 173 173 173 173 170 166 161 156 150 144 137 129 119 110 101 94 90 89 89 90 91 93 97 101 106 111 117 123 131 141 152 160 164 161 155 149 141 133 125 119 112 105 98 91 85 80 77 74 73 73 74 76 81 88 96 106 114 123 129 134 139 142 145 146 148 149 150 150 151 151 150 149 148 146 144 142 139 137 134 130 127 124 120 116 112 108 104 100 96 92 88 84 81 78 74
102 107 112 115 118 122 125 128 131 135 139 142 145 148 152 156 159 162 165 168 170 171 172 172 172 170 169 168 167 164 161 156 151 146 140 133 125 115 106 98 93 91 91 91 92 93 95 98 102 106 111 116 121 128 136 145 152 155 155 150 145 139 132 125 118 111 104 97 91 85 81 78 76 75 75 76 77 81 87 95 104 113 121 127 132 137 140 143 145 146 148 148 149 149 149 149 148 147 145 143 141 138 136 133 129 126 123 120 116 112 107 103 99 95 91 87 84 80 77 74
101 106 111 114 118 121 125 128 131 135 138 141 144 147 150 153 157 159 162 165 168 169 170 169 169 167 165 163 161 158 155 151 146 142 135 128 121 111 103 97 94 93 93 94 94 94 96 98 102 106 111 115 120 125 131 138 142 146 145 142 139 134 128 122 115 108 101 95 89 85 81 79 78 77 77 77 79 82 87 93 102 111 119 125 130 135 138 141 143 145 146 147 148 148 148 147 147 145 144 142 140 137 134 131 129 126 122 119 115 111 107 103 98 94 90 86 83 79 76 73
98 104 109 113 117 121 124 128 131 134 137 140 142 145 148 151 154 156 159 161 164 166 166 165 164 163 161 159 157 154 151 147 143 138 132 125 118 109 101 96 94 94 95 95 95 96 97 99 101 105 109 113 117 121 125 130 133 136 136 134 131 127 122 116 110 104 97 92 87 83 80 79 78 78 78 79 80 83 87 93 101 109 117 124 129 133 137 139 142 143 144 145 146 146 146 146 145 144 142 140 138 135 133 130 127 124 121 118 114 110 106 101 97 93 89 85 82 78 75 73
96 102 107 112 116 120 123 126 130 133 135 137 140 142 145 148 150 153 155 158 160 161 162 161 160 159 157 155 153 150 147 144 140 135 129 123 116 108 101 97 95 95 96 96 97 97 97 99 101 103 106 110 113 116 119 123 125 128 129 127 125 121 117 111 105 99 93 88 84 81 80 79 79 79 78 79 80 82 86 92 100 108 117 124 129 133 136 138 140 142 143 143 144 144 144 144 142 141 139 138 136 133 131 128 125 122 119 116 112 108 104 99 95 91 87 83 80 77 74 72
94 100 105 110 115 119 122 125 128 131 133 135 137 140 142 145 147 149 151 154 156 157 158 158 156 155 153 151 149 147 145 142 137 133 127 121 115 107 101 97 96 96 96 97 97 97 97 98 99 101 103 105 108 111 114 117 119 121 122 122 120 116 112 106 100 94 89 85 82 80 79 79 79 79 78 78 79 81 84 90 98 107 116 123 128 132 135 137 138 140 141 142 142 143 142 141 140 138 136 135 133 131 128 125 123 120 116 113 110 106 102 97 93 89 85 82 78 75 73 71
92 98 104 108 113 117 121 124 126 129 131 133 134 137 140 143 145 147 149 151 153 154 155 154 153 152 150 149 147 145 142 139 135 131 125 120 114 108 102 98 96 96 96 97 98 97 97 96 96 97 98 100 102 105 108 111 113 115 116 116 115 111 107 101 95 90 85 81 79 77 77 78 78 78 78 77 77 79 82 88 96 105 114 121 126 130 133 135 137 138 139 139 140 140 140 139 138 136 134 133 131 129 126 123 121 118 115 111 108 104 100 96 92 88 84 81 77 75 72 70
91 97 102 107 111 116 119 122 125 127 130 131 133 135 138 142 144 145 146 149 150 151 152 151 150 149 148 147 145 143 140 137 133 129 124 119 113 108 102 98 96 96 96 97 97 96 95 92 91 91 91 93 95 98 101 104 107 109 110 110 109 105 101 96 90 84 79 75 73 72 73 75 76 77 76 75 75 77 79 85 93 103 112 120 125 128 131 133 135 136 137 137 137 137 137 136 135 133 132 131 129 127 124 121 118 116 113 110 106 102 98 94 90 86 83 80 77 74 72 70
91 96 101 105 110 114 118 121 124 126 129 130 132 134 137 140 142 144 145 147 148 149 150 149 148 147 146 145 143 141 139 135 131 127 123 118 113 108 103 99 97 96 97 97 96 93 89 84 81 81 80 82 85 89 93 97 100 102 104 104 102 98 94 89 83 76 70 66 64 63 66 69 72 74 74 73 73 74 77 82 90 101 111 118 124 127 130 132 133 134 135 135 135 135 134 133 132 131 129 128 127 125 122 120 117 114 111 108 104 100 97 93 89 86 82 80 77 74 72 70
91 96 100 105 109 113 116 119 122 124 127 129 131 134 136 138 140 142 144 145 146 147 147 146 146 145 145 143 142 139 137 133 129 125 122 118 114 110 105 100 97 96 96 95 93 88 82 74 69 67 66 68 72 77 82 88 91 94 95 96 94 90 86 80 73 66 59 56 54 55 59 64 67 70 70 70 70 71 75 80 88 99 109 117 122 126 128 130 131 132 133 133 132 132 131 131 130 128 127 126 124 122 120 118 115 112 109 106 102 99 95 91 88 84 82 79 77 74 72 71
92 96 100 104 108 112 115 118 120 123 126 129 131 133 135 137 139 140 142 143 144 144 144 144 143 143 142 141 140 137 134 131 128 124 121 118 116 112 107 102 98 96 94 93 89 83 75 66 59 55 53 55 59 65 71 77 82 85 86 87 85 81 77 71 64 56 50 47 47 49 53 58 62 65 66 66 66 68 72 77 86 96 106 115 120 124 127 128 129 130 130 130 130 129 129 128 127 126 125 124 122 120 118 116 113 110 107 104 101 97 94 90 87 84 81 79 77 74 72 71
93 96 100 104 107 111 114 116 119 122 125 127 129 131 133 134 136 138 139 141 141 141 141 141 141 141 140 139 137 135 132 129 126 124 122 119 117 114 110 104 98 95 92 89 84 77 69 59 52 47 45 46 51 56 61 67 71 75 77 78 77 73 69 62 55 48 43 42 42 44 48 53 57 61 62 62 62 64 69 75 84 95 105 113 118 122 125 126 127 128 128 127 127 127 126 126 125 124 123 122 120 118 116 114 112 109 106 103 99 96 93 89 86 83 81 78 77 74 73 71
93 97 100 103 107 110 113 115 118 121 123 126 128 130 131 133 134 135 137 138 138 138 138 138 138 138 138 137 135 133 131 128 126 124 123 121 119 117 113 106 98 93 89 85 79 72 64 56 49 46 44 44 47 51 56 61 64 68 69 70 68 65 60 54 48 43 40 38 38 41 44 49 53 56 57 58 59 62 67 74 84 94 103 111 116 120 123 124 125 125 125 125 125 124 124 123 122 122 120 119 118 116 114 112 110 107 105 102 98 95 92 89 86 83 80 78 76 74 73 71
94 97 100 103 106 109 112 114 117 119 122 124 126 128 129 131 131 133 134 135 135 135 135 135 135 135 135 134 133 131 129 128 126 125 124 123 121 118 114 108 99 92 86 80 74 68 61 54 50 48 47 48 50 52 56 59 61 63 65 65 62 59 54 49 45 42 39 38 38 41 44 47 51 53 55 56 58 63 69 77 86 96 104 110 115 118 121 122 123 123 123 123 123 122 121 120 120 119 118 117 116 114 113 110 108 106 103 100 97 94 91 88 85 82 80 78 76 74 72 71
95 98 100 103 106 109 111 114 116 118 121 123 125 126 128 129 130 131 131 132 133 133 133 133 133 133 133 132 131 130 128 127 126 126 126 125 122 119 116 110 102 93 85 78 72 66 60 56 53 52 54 56 58 60 62 63 64 65 65 64 62 58 54 50 47 44 42 42 42 44 46 48 51 54 56 58 61 66 73 81 90 98 104 110 114 117 119 120 121 121 121 120 120 119 118 118 117 116 115 115 114 112 111 109 106 104 101 99 96 93 90 87 84 81 79 78 76 74 72 70
95 98 100 102 105 108 110 113 115 118 120 122 124 125 126 128 128 129 129 130 131 131 131 131 131 131 131 130 130 128 127 126 126 127 127 126 123 120 116 112 105 96 87 80 74 68 64 62 60 60 63 66 68 71 73 73 73 73 72 70 67 64 60 56 54 51 49 49 49 50 52 54 56 59 61 63 67 72 79 86 93 100 105 110 113 116 118 119 120 120 119 119 118 117 116 116 115 114 113 113 111 110 109 107 105 103 100 97 94 91 89 86 83 81 79 77 75 73 72 70
95 98 100 102 104 107 109 112 114 116 119 121 122 124 125 126 127 127 128 129 129 129 129 129 129 129 129 129 128 127 126 126 126 127 128 127 124 120 117 113 109 102 94 87 81 77 73 72 70 70 73 76 80 84 86 86 85 83 81 78 76 74 69 66 63 61 59 58 58 59 61 62 64 66 69 72 75 80 85 91 96 102 106 109 113 115 117 118 118 118 118 117 116 115 114 113 113 112 111 111 110 108 107 106 104 101 99 96 93 91 88 85 83 81 79 77 75 73 72 70
94 97 99 101 104 106 109 111 113 116 118 120 121 122 123 124 125 125 126 127 127 127 127 127 127 127 127 127 126 126 125 125 126 127 128 127 124 121 118 115 112 108 102 97 92 88 84 83 81 81 83 86 90 95 98 98 98 94 92 89 87 85 80 77 74 71 69 67 67 68 70 72 74 76 79 81 84 87 91 95 99 103 106 109 112 114 116 117 117 117 116 115 114 113 112 111 111 110 109 109 108 107 105 104 102 100 98 95 92 90 87 85 83 81 79 77 75 73 72 70
94 97 99 101 103 105 107 110 112 115 117 119 120 121 122 123 124 124 125 126 125 125 125 125 124 125 125 125 125 125 125 125 126 127 127 126 124 121 118 116 115 113 110 106 102 98 95 93 91 90 92 94 98 102 106 107 107 104 102 99 97 95 91 88 84 81 78 76 76 77 79 81 83 85 87 90 91 93 95 98 101 103 106 108 110 113 114 115 115 115 115 114 113 111 110 110 109 108 108 107 106 105 104 103 101 99 97 94 91 89 87 84 82 80 79 77 75 73 72 70
93 96 98 100 102 104 107 109 111 114 116 118 119 120 121 122 123 123 124 124 124 124 124 123 123 123 123 124 124 124 124 124 126 126 126 125 123 121 119 118 117 116 115 113 110 106 103 101 99 99 99 101 103 107 110 112 112 110 108 106 105 103 99 96 92 89 86 84 84 85 86 89 90 92 94 96 96 97 99 100 102 104 106 107 109 111 113 113 114 114 113 111 111 110 108 108 107 107 106 105 105 104 103 102 100 98 96 94 91 89 86 84 82 80 79 77 75 73 72 71
93 95 98 100 102 104 106 109 111 114 116 117 119 119 120 121 121 122 123 123 122 122 122 122 122 122 122 122 123 123 123 124 125 125 125 123 122 120 119 118 118 118 118 117 115 112 109 107 105 104 104 105 107 110 112 114 113 112 111 110 109 107 104 101 98 95 92 90 89 90 91 92 94 95 97 99 99 100 100 101 103 104 105 107 108 110 111 111 112 111 111 110 109 108 107 107 106 105 104 104 103 103 102 100 99 97 95 93 90 88 86 84 82 80 79 77 75 73 72 72
92 94 97 99 101 104 106 108 111 113 115 117 118 119 119 120 120 121 121 121 121 121 121 120 120 121 121 121 122 122 122 123 124 124 123 122 121 119 118 118 118 119 119 118 117 115 112 111 109 108 107 108 110 112 114 114 114 112 111 111 110 109 107 104 101 98 95 93 92 92 93 94 96 97 98 99 100 101 102 102 103 104 105 106 107 108 109 109 109 109 109 108 107 106 105 105 104 103 103 103 102 101 101 100 98 96 94 92 90 88 86 84 82 80 78 76 75 73 73 73
92 94 96 98 100 103 106 108 111 113 115 116 117 118 118 119 119 120 120 120 120 120 120 119 119 120 120 120 120 121 121 121 122 122 122 121 119 118 118 118 118 118 118 118 117 116 114 112 110 109 108 109 111 113 114 114 113 112 111 110 111 110 109 106 103 100 97 94 93 93 94 95 96 98 99 100 101 102 102 103 103 104 105 105 106 107 107 107 108 107 107 106 105 104 103 102 102 102 102 101 101 100 100 98 97 95 93 91 89 87 85 83 81 80 78 76 75 73 73 75
91 93 94 97 99 102 105 108 110 112 114 116 117 117 118 118 118 119 120 120 119 119 119 118 118 118 118 118 119 119 120 120 120 120 120 119 118 117 117 117 117 117 117 117 116 115 114 112 110 110 109 110 111 113 115 115 114 112 111 111 111 112 111 109 105 101 98 95 94 94 94 95 96 98 99 100 100 101 102 102 103 104 104 104 105 105 106 106 106 105 105 104 103 102 101 101 101 100 100 100 100 99 99 97 96 94 93 90 89 87 85 83 81 79 78 76 75 74 74 77
91 93 94 96 98 101 104 107 110 112 114 115 116 117 117 117 118 118 119 119 119 118 118 118 117 117 117 117 117 118 118 119 119 118 118 117 116 116 116 116 116 116 116 116 115 114 113 111 110 109 109 110 112 114 115 115 114 113 112 112 113 114 113 111 107 103 99 96 94 94 94 95 96 97 98 99 100 100 101 102 102 103 103 104 104 104 104 104 104 103 103 102 102 101 100 100 100 99 99 99 98 98 98 96 95 94 92 90 88 86 85 83 81 79 78 76 75 74 76 80
92 93 94 95 97 100 103 106 109 111 113 115 116 116 117 117 117 118 118 118 118 118 117 117 116 116 116 116 116 117 117 117 117 117 116 116 115 115 115 115 115 115 114 114 113 112 112 111 110 109 109 110 112 115 116 116 116 115 114 114 114 115 115 113 109 105 101 97 95 93 93 94 95 96 97 98 99 99 100 101 101 102 102 103 103 103 103 102 102 102 101 100 100 99 99 99 99 99 98 98 98 97 96 95 94 93 91 89 88 86 84 83 81 80 78 76 75 75 79 83
92 94 94 95 97 100 103 106 109 111 112 114 115 116 116 117 117 117 117 118 117 117 116 116 115 115 115 115 115 116 116 117 117 116 116 115 114 114 114 114 114 114 113 112 112 111 110 110 109 108 109 110 113 115 117 117 117 116 115 115 116 116 116 114 110 106 101 97 95 93 93 93 94 95 96 97 98 98 99 100 100 101 102 102 102 102 101 101 101 100 99 98 98 98 98 98 98 97 97 97 97 96 95 94 93 92 91 89 87 86 84 83 81 79 78 76 76 78 82 87
92 94 95 96 98 100 103 106 108 110 112 113 114 115 116 116 116 116 117 117 116 116 115 115 114 114 114 114 114 115 115 116 116 116 115 114 114 114 114 114 114 113 112 111 110 110 109 109 109 108 108 109 111 114 116 116 116 116 115 115 115 115 115 113 108 104 100 96 94 92 92 92 92 93 94 95 96 97 98 99 100 100 100 100 100 101 100 99 99 99 98 97 97 97 97 97 97 96 97 97 96 95 95 94 93 91 90 88 87 85 84 83 81 79 78 78 79 81 85 91
92 94 96 97 99 101 103 106 108 110 111 112 113 114 115 115 115 116 116 116 116 115 114 114 113 113 113 113 113 114 114 115 115 115 114 114 113 113 113 113 113 112 111 110 109 109 109 109 108 108 107 107 108 109 111 112 113 113 112 113 112 111 110 108 104 100 97 94 92 91 91 91 91 91 92 93 94 95 96 97 98 99 99 99 99 99 99 98 98 97 97 96 96 96 96 96 96 96 96 96 96 95 94 93 92 91 90 88 86 85 84 83 81 80 79 79 80 83 88 96
93 95 96 98 99 101 103 106 108 110 111 112 113 114 114 114 114 115 115 115 115 114 114 113 112 112 112 112 113 113 114 114 114 114 114 113 113 113 112 112 111 111 110 109 108 108 108 107 107 106 104 103 102 103 104 105 107 108 108 107 106 105 103 100 97 94 92 90 89 89 89 89 89 89 89 90 92 93 94 95 96 97 97 97 97 98 97 97 97 96 96 95 95 95 95 95 95 96 96 96 95 94 93 93 92 91 89 88 86 85 84 83 81 80 79 80 82 86 92 101
94 95 97 99 100 102 104 106 108 109 110 111 112 113 114 114 114 114 114 114 114 113 113 112 112 111 111 111 112 112 113 113 113 113 113 113 112 112 111 110 110 109 108 107 106 106 105 104 104 102 99 97 95 94 95 96 99 100 101 101 99 97 94 91 89 86 85 85 85 85 85 86 86 86 87 88 89 90 92 93 94 95 96 96 96 96 95 95 95 95 95 95 95 95 95 95 95 95 95 95 94 94 93 92 91 90 89 88 87 85 84 82 81 80 80 82 86 91 98 107
95 96 98 99 101 102 104 106 107 109 110 111 112 112 113 113 113 113 113 113 113 112 112 111 111 110 110 110 111 111 112 112 112 112 112 111 111 110 109 108 107 106 106 105 104 103 101 100 98 96 93 90 88 87 86 88 90 91 93 92 90 88 85 82 80 79 79 78 79 80 81 81 82 82 83 84 85 87 88 90 91 93 93 93 93 94 94 94 94 94 94 94 94 94 94 95 95 95 95 94 94 94 93 92 91 90 89 87 86 85 84 82 81 81 82 86 91 96 103 112
96 98 98 99 101 102 104 106 107 108 109 110 111 112 112 113 113 113 113 112 112 112 111 110 110 110 110 110 110 110 110 111 111 110 110 109 109 108 106 105 104 103 102 101 99 98 95 93 92 89 85 82 80 79 79 79 81 82 83 83 81 79 77 74 72 71 71 71 71 73 74 75 76 77 78 80 81 83 84 86 87 89 90 91 91 92 92 93 93 93 93 93 94 94 94 94 94 94 94 94 93 93 93 92 91 90 89 87 86 85 83 82 81 82 85 90 95 101 109 118
98 99 100 100 101 102 104 105 107 108 109 110 111 111 112 112 113 112 112 112 112 111 110 109 109 109 109 109 109 109 109 109 109 109 107 106 105 104 102 101 100 98 97 95 92 90 87 85 84 81 77 75 73 72 71 71 73 74 75 74 72 71 69 67 65 64 64 63 64 65 66 68 70 72 73 75 77 78 80 82 84 85 86 88 89 90 91 91 92 92 92 93 93 94 94 94 94 94 94 94 93 93 92 91 91 89 88 87 86 84 83 82 82 84 88 94 100 108 116 123
99 100 101 100 101 102 103 105 107 108 109 110 110 111 111 112 112 112 112 111 111 110 109 109 108 108 108 108 108 108 108 108 107 106 104 103 101 99 97 95 93 91 89 86 83 81 79 76 75 73 70 68 67 66 66 66 67 68 69 68 66 65 63 62 60 59 58 58 58 59 59 61 63 64 67 69 71 73 76 78 80 82 83 85 87 88 89 90 91 91 92 92 93 93 94 94 94 94 94 93 93 92 91 91 90 89 88 87 85 84 83 82 84 88 94 99 107 115 121 129
101 101 101 100 100 102 103 104 106 107 108 109 110 110 111 111 111 111 112 111 111 110 109 108 108 108 108 108 108 107 107 106 106 104 101 99 96 93 91 88 85 82 79 77 74 72 70 68 66 65 64 63 63 63 62 62 63 63 64 63 62 61 59 58 56 55 55 54 54 54 54 55 57 58 60 63 65 68 70 73 77 79 81 84 86 87 88 89 90 91 91 92 93 93 93 94 94 94 93 93 92 92 91 91 90 88 87 86 85 84 83 84 87 92 98 104 113 122 127 136
102 102 102 101 100 101 102 104 105 107 108 108 109 109 110 111 111 111 111 111 111 110 109 108 108 107 107 108 107 107 106 105 103 101 98 95 91 88 84 80 77 74 71 68 67 65 63 62 60 60 60 61 62 62 62 62 62 62 63 62 61 59 58 56 55 55 54 53 52 52 51 51 52 54 55 57 60 63 67 70 74 77 80 83 85 87 88 89 90 91 91 92 93 93 94 94 94 94 93 93 92 91 90 90 89 88 87 85 85 84 84 86 90 96 103 110 120 128 134 144
103 102 102 102 100 100 101 103 104 106 107 108 108 108 109 110 110 111 111 111 110 110 109 108 108 107 107 107 107 106 105 104 101 98 95 91 86 82 78 74 70 67 65 62 62 61 60 61 59 60 61 63 65 66 66 66 66 66 64 63 62 61 60 59 58 57 56 55 53 52 51 50 51 51 52 54 57 60 64 67 71 74 77 81 83 86 87 89 90 91 91 92 93 93 94 94 94 94 93 93 92 91 90 89 88 87 86 85 84 84 85 88 93 100 107 114 125 134 141 152
106 105 103 102 101 100 101 102 104 105 107 107 108 108 108 109 110 110 110 110 110 110 109 108 108 108 107 107 106 106 104 102 100 96 91 87 83 78 74 70 68 65 63 61 61 61 61 62 62 63 65 67 69 71 72 72 71 71 69 67 67 66 65 64 62 61 59 57 56 54 53 52 52 52 52 54 56 59 63 66 69 73 76 79 82 85 87 88 90 91 92 92 93 94 94 94 94 94 93 92 92 91 90 89 88 87 86 85 85 85 87 90 96 104 112 120 131 139 147 158
111 109 106 104 102 101 101 102 103 105 106 107 107 107 108 108 109 109 110 110 110 110 110 109 108 108 107 107 106 105 103 101 98 94 89 85 81 77 73 70 68 66 65 64 64 64 65 65 66 68 71 73 76 78 79 79 78 76 75 74 73 72 71 70 68 66 63 62 60 58 57 56 56 57 58 59 60 62 65 68 70 73 76 79 82 85 87 89 90 91 92 93 93 94 94 94 94 93 93 92 91 90 89 88 87 86 85 85 85 86 88 93 100 108 117 125 136 144 154 168
117 113 109 107 105 102 101 102 103 104 105 106 107 107 107 107 108 109 109 110 110 110 110 109 109 108 107 107 106 104 102 100 96 93 88 84 81 78 75 73 71 70 70 69 69 69 70 70 71 74 76 79 82 84 85 86 84 83 81 81 80 79 78 76 74 72 69 67 65 64 63 63 63 64 64 65 66 67 69 71 74 76 78 80 82 85 87 88 90 91 92 93 93 94 94 94 94 93 92 92 91 89 88 87 86 85 85 85 86 87 90 96 103 112 121 128 138 147 160 175
122 115 111 109 107 105 103 102 103 104 105 106 106 107 107 107 108 108 109 110 110 111 111 110 109 108 107 107 105 104 102 99 96 93 89 86 83 81 79 78 77 76 75 75 74 75 75 75 77 79 82 84 87 89 90 90 89 87 87 86 85 83 82 81 79 76 73 72 70 69 69 69 69 70 70 70 72 73 74 76 77 78 80 82 83 85 87 89 90 91 92 93 93 94 94 94 93 93 92 91 90 89 88 87 86 85 85 86 87 89 93 99 107 116 125 132 141 151 165 181
126 118 113 110 107 106 104 103 103 103 104 105 106 106 106 107 108 108 109 110 111 111 111 111 110 108 107 106 105 103 101 98 96 93 90 88 85 84 83 83 82 81 81 80 79 79 80 80 81 83 86 88 90 92 93 93 92 91 90 89 88 86 85 83 81 79 77 75 74 73 72 73 73 74 74 75 76 77 78 79 80 81 82 83 85 86 88 89 90 91 92 93 93 94 94 93 93 92 91 90 89 88 87 86 85 85 85 86 87 90 95 102 111 121 129 136 145 157 172 188
132 124 117 113 109 107 105 104 104 103 104 105 105 106 106 107 107 108 109 109 110 111 111 111 110 109 107 106 104 102 100 98 96 94 91 90 88 87 87 87 86 86 85 84 83 83 84 84 85 86 88 90 92 93 94 94 93 92 90 90 88 87 86 84 82 80 78 77 76 75 75 75 75 76 77 78 79 80 80 81 82 82 83 85 86 87 88 89 90 91 92 93 93 93 93 93 92 91 90 89 88 87 86 85 84 84 84 85 88 93 99 106 115 125 133 140 151 163 178 193
141 131 122 115 112 109 107 104 104 103 104 104 105 105 106 106 107 108 108 109 110 111 111 111 111 109 108 106 104 102 100 98 96 94 93 92 90 90 90 90 90 90 89 88 87 86 87 86 87 88 89 91 92 93 93 93 92 91 90 88 87 86 85 83 82 80 78 78 77 77 77 76 77 78 79 80 81 82 82 83 83 84 85 86 87 87 88 89 90 91 92 92 92 92 92 92 91 90 89 88 87 86 85 84 83 84 84 85 89 94 102 110 119 127 136 146 158 170 183 195
151 140 128 119 116 113 109 106 104 103 103 104 104 105 106 106 107 108 108 108 109 111 111 111 111 109 107 106 104 102 100 98 97 96 95 93 93 92 92 92 93 92 92 91 90 89 89 88 89 89 90 90 91 91 91 91 90 89 88 87 85 84 83 82 81 80 79 79 78 78 78 78 79 80 81 81 82 83 84 84 84 85 86 86 87 87 88 89 89 90 91 91 91 91 91 91 90 89 88 87 86 85 84 83 83 83 84 86 91 96 104 112 121 129 138 149 162 174 187 198
160 150 136 125 120 116 112 108 104 103 103 103 104 104 105 106 106 107 108 108 109 110 111 111 110 109 107 106 104 102 100 99 97 96 96 95 94 94 94 94 94 94 94 93 92 91 90 89 89 89 89 89 89 88 88 88 88 87 86 85 83 82 82 81 81 80 80 80 80 80 80 80 81 81 82 82 83 84 84 85 85 85 86 87 87 87 88 88 89 90 90 90 90 90 90 90 89 88 87 86 85 84 83 82 82 82 84 88 92 98 106 114 121 129 138 151 163 175 187 197
167 159 145 133 123 117 114 110 105 103 103 103 103 104 104 105 106 107 107 108 108 109 110 110 109 108 107 105 104 102 100 99 98 97 97 96 96 96 96 95 95 95 94 93 92 92 91 90 89 89 88 87 86 85 84 84 84 83 83 82 81 80 79 79 80 80 80 80 81 81 81 81 82 82 82 83 84 84 85 85 85 86 86 86 86 87 87 88 88 88 89 89 89 89 89 88 88 87 86 85 84 83 82 81 81 81 84 89 95 101 108 115 122 128 138 151 162 175 186 196
171 167 154 141 128 119 115 112 107 103 102 102 103 103 103 104 105 106 107 107 107 108 109 109 108 107 106 105 103 101 100 99 99 98 97 97 97 97 96 96 95 95 94 93 93 91 90 90 88 87 86 85 83 82 81 80 80 80 79 79 78 78 78 78 79 80 80 81 81 82 82 82 82 83 83 83 84 85 85 85 86 86 86 86 86 86 86 86 87 87 88 88 88 88 87 87 87 86 85 84 83 82 81 80 80 81 85 89 94 101 107 114 122 128 138 150 161 175 185 193
178 175 166 152 136 122 115 111 107 103 102 101 102 102 103 103 104 105 106 106 107 107 107 107 107 106 105 104 102 101 100 99 99 98 98 98 97 97 97 96 96 95 94 93 92 91 90 89 88 87 85 84 83 82 81 80 80 79 78 78 78 78 78 79 80 80 81 82 82 83 82 83 83 83 83 84 84 84 85 85 85 85 85 85 85 85 85 85 86 86 86 86 86 86 86 86 85 85 84 83 82 81 80 79 79 81 84 87 93 100 106 114 122 129 138 149 160 173 184 191
188 184 176 161 142 125 115 111 107 104 101 101 101 102 102 103 103 104 105 105 106 106 106 106 106 105 104 102 101 100 100 99 99 99 98 98 98 97 97 97 96 95 94 93 92 91 90 89 88 87 86 85 84 83 82 82 81 81 80 80 80 80 81 81 82 82 83 83 83 83 83 83 84 84 84 84 84 84 85 85 85 85 85 85 85 85 85 85 85 85 85 85 85 85 85 84 84 83 82 82 80 80 79 78 78 80 82 85 91 99 105 113 121 129 138 147 158 171 182 189
196 191 182 167 147 128 116 110 107 104 101 100 100 101 101 102 102 103 104 104 105 105 105 105 104 104 102 101 101 100 99 99 99 99 98 98 98 97 97 97 96 95 94 93 92 92 91 90 89 88 87 86 86 85 85 85 85 84 83 84 84 84 85 85 85 85 86 85 85 85 85 85 85 85 85 85 85 85 85 85 85 85 84 84 84 84 84 84 84 84 84 84 84 84 83 83 83 82 81 80 79 79 77 76 76 77 80 83 89 97 104 111 120 128 138 146 156 168 178 187
199 193 184 170 150 130 116 109 106 104 101 98 98 99 100 101 101 102 102 103 104 104 104 104 103 103 102 101 100 99 99 98 98 99 99 98 98 97 97 96 96 95 94 94 93 93 92 91 90 90 89 89 89 89 90 90 90 90 89 90 90 90 90 90 89 89 89 88 87 87 86 86 86 86 86 85 85 85 85 85 84 84 84 84 84 84 84 84 84 83 83 83 83 83 82 82 82 81 80 79 78 77 75 74 74 75 77 80 85 93 102 109 116 125 135 144 153 163 172 181
201 197 188 174 154 133 118 109 104 102 99 97 96 97 98 99 100 101 101 102 102 103 103 103 102 102 101 100 99 99 99 98 98 98 99 98 98 97 97 97 96 95 95 94 94 94 93 93 92 92 92 93 94 94 95 95 96 96 96 96 96 96 95 95 94 93 92 91 90 89 89 88 87 87 86 86 85 85 85 85 84 84 84 84 83 83 83 83 83 83 82 82 82 82 82 81 80 79 78 78 77 75 73 72 72 73 76 78 82 89 98 106 112 121 132 140 150 158 166 176
204 199 190 177 157 135 118 109 104 100 97 95 94 95 96 98 98 100 100 100 101 101 102 102 101 101 100 100 99 99 98 98 98 99 99 99 98 98 97 97 96 96 96 95 95 95 95 95 95 95 96 97 98 99 100 101 102 102 103 103 102 101 101 100 99 97 96 95 93 92 91 90 89 88 87 86 86 85 85 84 84 84 84 83 83 83 83 83 82 82 82 82 81 81 80 80 79 78 77 76 75 73 71 70 70 71 73 76 80 87 95 102 110 120 130 139 147 154 162 171
206 200 191 177 158 136 119 109 103 99 95 93 92 92 93 95 96 98 99 100 100 100 100 100 100 100 100 100 99 98 98 98 99 99 99 99 99 98 98 97 97 97 97 96 96 97 97 97 98 99 100 101 102 104 105 106 107 108 108 108 107 106 105 104 103 101 99 98 96 95 93 91 90 89 88 87 87 86 85 85 84 84 84 83 83 83 82 82 82 82 81 81 81 80 79 79 78 77 76 74 72 71 69 68 68 69 71 73 79 85 91 99 108 118 128 137 146 153 158 166
207 198 191 179 161 138 120 108 103 97 93 91 90 90 91 93 94 96 97 99 99 99 99 99 99 100 100 100 99 99 99 99 99 99 99 99 99 98 98 98 98 97 97 98 98 99 99 100 101 102 103 105 106 108 110 110 111 111 112 112 112 110 109 108 106 104 102 100 98 97 95 93 91 90 89 88 87 86 85 85 84 84 84 83 83 83 82 82 81 81 81 80 79 79 78 77 76 75 73 71 69 68 66 66 66 67 69 72 77 83 88 96 106 117 126 136 145 151 155 161
211 200 190 180 163 142 122 110 103 98 93 90 88 89 90 91 92 94 96 97 97 98 98 98 98 99 99 99 99 99 99 99 99 100 100 100 99 99 99 99 98 98 98 99 100 101 101 102 103 105 107 108 109 111 113 113 114 114 115 116 115 114 112 110 109 107 105 103 100 98 96 94 93 91 89 88 87 86 85 85 84 84 84 83 83 82 82 81 81 81 80 79 78 78 77 76 75 73 71 68 66 65 64 64 65 65 67 71 76 81 85 92 104 116 126 137 144 149 153 158
215 203 191 178 162 144 126 111 103 97 93 89 87 87 88 89 90 92 93 95 96 96 96 97 97 98 99 99 99 99 100 100 100 100 100 100 100 100 99 99 99 99 100 101 102 103 104 105 106 108 109 111 112 113 115 116 116 117 117 118 117 116 115 113 111 109 107 104 102 100 98 95 93 92 90 89 87 86 86 85 84 84 84 83 82 82 81 81 80 80 79 78 77 77 75 74 72 70 68 66 64 63 62 63 63 64 66 70 75 79 84 92 102 115 126 135 142 147 151 155
221 209 192 179 165 148 131 114 103 98 92 88 85 85 86 87 88 89 91 92 94 95 95 95 96 97 98 99 99 99 100 100 100 100 100 100 100 100 100 100 100 101 101 102 103 105 106 107 108 110 111 113 114 115 116 117 118 118 118 118 118 117 116 114 113 111 108 106 104 101 99 96 94 93 91 89 88 87 86 85 84 84 83 83 82 82 81 80 80 79 78 77 76 75 74 72 70 68 65 63 62 60 61 61 62 63 65 70 74 79 85 93 102 113 126 134 140 145 149 152
225 211 193 180 168 152 135 118 105 99 94 89 85 83 84 84 86 87 88 90 91 92 93 94 94 95 97 98 99 99 100 100 101 101 101 101 101 101 100 101 101 102 102 104 105 106 107 109 110 111 113 114 116 116 117 118 119 119 119 119 118 118 116 115 114 112 109 107 105 102 100 97 95 93 91 89 88 87 86 85 84 84 83 82 82 81 80 79 79 78 77 76 75 74 72 70 67 65 62 60 59 59 59 60 60 62 65 69 73 79 86 94 102 113 124 132 138 142 146 150
227 213 196 180 168 155 140 123 107 100 96 90 85 82 82 83 84 85 86 87 88 90 91 92 93 94 95 96 98 99 100 100 101 101 101 101 101 101 101 101 102 102 103 105 106 107 108 110 111 112 114 115 116 116 117 118 118 118 118 118 118 117 116 115 114 112 110 108 105 103 100 98 95 93 91 89 88 87 86 85 84 83 83 82 81 80 79 78 78 77 75 74 73 71 69 67 64 62 60 58 57 58 58 58 59 62 65 68 73 79 87 95 102 113 123 131 137 141 145 149
228 216 199 182 171 157 142 127 110 101 97 93 87 83 81 82 82 83 84 85 86 87 88 90 91 92 93 95 96 98 99 100 100 101 101 101 102 102 102 102 103 103 104 105 106 108 109 111 112 113 114 115 116 117 116 117 118 118 117 117 117 117 116 115 113 111 109 108 105 103 100 98 95 93 91 89 88 87 86 84 84 83 82 81 80 79 78 77 76 75 73 72 70 69 67 64 62 59 58 56 55 56 56 56 58 61 64 68 74 80 88 96 103 113 124 131 135 140 145 148
230 220 203 185 173 160 144 131 115 102 99 95 90 84 81 81 81 81 82 83 84 85 86 87 88 90 91 93 94 96 98 99 100 100 101 101 102 102 102 102 103 104 104 105 107 108 109 111 112 113 113 115 116 116 116 116 116 117 116 116 116 115 114 113 112 110 108 107 105 102 100 97 95 92 90 89 87 86 85 84 83 82 81 80 79 78 77 76 75 73 71 70 68 66 64 61 59 57 55 54 53 54 54 55 57 61 64 69 75 81 90 98 105 114 123 129 134 140 145 147
224 218 206 189 174 164 150 136 120 105 99 97 92 86 82 80 80 80 81 81 82 83 84 84 86 87 89 91 92 94 96 98 99 99 100 101 102 102 102 103 103 104 104 105 107 108 109 110 111 112 113 113 114 115 115 115 115 115 115 114 114 114 113 112 110 109 107 105 103 101 99 97 94 92 90 88 87 86 84 83 82 81 80 79 78 77 76 75 73 71 69 68 66 64 61 59 56 55 53 52 52 52 53 54 57 61 65 70 76 82 92 101 109 116 123 128 133 140 143 146
221 214 204 189 172 164 154 141 127 111 102 99 95 89 84 81 80 80 79 79 80 82 82 82 83 84 87 88 90 92 94 96 97 98 99 100 101 102 102 102 103 103 104 105 106 108 109 110 111 111 112 112 113 113 113 113 113 113 113 112 112 112 111 109 108 107 105 104 102 100 98 95 93 91 89 88 86 85 83 82 81 80 79 78 77 76 74 73 71 69 67 66 64 61 59 57 55 52 51 50 50 51 52 53 57 61 65 71 76 84 94 103 111 115 121 128 133 139 143 146
222 217 206 189 168 157 149 136 123 110 99 97 97 92 86 82 81 80 79 78 78 80 80 81 81 82 84 86 88 90 92 94 95 97 98 99 100 100 101 101 102 103 103 104 105 106 108 109 110 110 110 110 111 111 111 111 111 112 112 111 110 110 109 107 106 105 103 102 100 98 96 94 92 90 88 86 85 84 83 81 80 79 78 77 76 74 72 71 69 67 65 64 62 60 57 55 53 50 49 49 49 50 51 53 57 62 67 73 78 87 96 106 112 115 120 128 134 138 143 145
223 219 209 195 173 158 150 137 124 111 97 90 91 94 90 85 83 81 80 79 78 78 79 79 80 80 81 83 85 88 89 91 93 95 96 97 98 99 99 100 101 102 102 103 104 105 106 107 108 108 108 108 109 109 109 109 109 109 110 109 107 107 106 105 104 103 101 99 98 96 94 92 90 88 87 85 84 82 81 80 78 78 76 75 73 72 70 69 67 65 63 62 60 58 56 53 51 48 47 48 48 50 51 54 59 63 69 75 81 89 98 107 114 116 121 128 134 138 142 143
223 219 211 197 178 161 151 141 128 114 99 91 89 88 87 83 81 80 79 78 77 77 77 77 78 79 80 81 82 85 87 89 91 92 93 94 95 96 97 98 99 100 101 101 102 103 104 105 106 106 106 106 106 106 107 107 106 107 107 106 105 104 104 103 101 100 98 97 95 94 92 90 88 86 85 83 82 80 79 78 77 76 74 73 71 70 68 67 65 64 62 60 59 57 54 51 49 47 46 47 48 49 52 56 60 65 72 77 82 90 101 109 114 118 122 127 133 138 141 142
225 220 212 199 181 165 152 143 132 118 103 93 89 88 87 85 83 80 78 76 74 73 72 72 76 77 78 80 81 83 85 87 89 91 92 92 93 94 95 96 97 98 98 99 100 101 102 103 103 103 104 104 104 104 104 104 104 104 104 103 102 102 101 100 98 97 95 94 93 91 90 88 86 84 82 81 80 78 77 76 74 73 72 71 69 68 66 65 64 62 60 59 57 55 52 50 47 46 46 47 48 50 54 57 62 68 74 80 84 94 104 111 114 119 123 127 132 136 139 141
226 221 215 205 188 171 156 147 138 123 107 96 90 89 88 87 84 82 80 78 76 74 72 72 72 72 74 75 76 78 80 82 85 87 89 90 91 92 92 93 94 95 96 96 97 98 99 100 100 101 101 101 101 101 101 101 100 100 100 100 99 98 97 96 95 94 93 91 90 88 87 85 83 82 80 79 77 76 75 74 72 71 70 69 67 66 65 63 62 61 59 58 56 53 51 49 46 45 46 47 49 52 56 60 64 70 77 82 88 98 108 112 117 121 124 127 131 135 139 140
228 223 218 208 194 177 161 149 141 128 112 99 92 90 89 89 87 84 81 80 78 75 73 72 71 71 71 72 73 74 75 76 78 81 83 86 88 89 90 91 92 93 93 94 95 95 96 96 97 97 97 98 97 97 97 97 96 97 96 96 95 94 93 92 91 90 89 87 86 85 83 82 80 79 78 76 75 74 72 71 70 69 68 67 66 64 63 62 61 59 58 56 54 52 49 47 46 46 47 49 52 55 58 62 67 74 80 85 92 103 111 115 120 124 126 127 130 133 137 139
229 226 220 212 199 184 169 154 144 134 118 104 94 90 90 90 89 87 84 82 80 77 75 73 72 71 70 71 71 72 73 74 75 78 80 81 83 84 85 86 87 87 88 88 89 90 92 93 93 93 94 94 93 93 93 93 92 92 92 92 91 90 89 88 87 86 85 84 83 82 80 79 78 76 75 74 72 71 70 69 68 67 66 65 64 63 61 60 59 58 56 54 52 50 48 47 46 48 50 53 55 58 61 66 72 79 83 88 97 108 114 118 122 125 127 127 127 132 137 138
