94 94 91 88 85 83 84 87 92 98 102 105 107 106 104 101 97 93 90 87 84 82 80 79 78 81 86 93 100 106 109 109 108 107 108 109 111 114 119 122 121 117 110 105 104 104 105 105 106 111 122 135 150 165 176 186 189 187 183 178 176 174 170 167 165 163 161 158 154 151 149 146 144 142 141 139 138 135 133 131 129 127 124 122 121 119 118 117 115 114 110 105 100 95 90 86 84 81 78 77 80 82 84 84 81 78 74 71 69 66 64 61 59 56 53 50 48 46 43 41
94 94 93 92 91 89 90 93 97 102 106 109 110 111 109 107 104 101 98 95 93 92 91 90 89 90 94 100 106 111 115 116 114 111 111 112 114 118 123 128 131 131 124 116 112 111 114 117 117 119 125 134 145 159 172 182 188 187 185 180 177 173 170 168 166 164 163 160 156 154 151 148 145 143 142 141 140 137 135 133 131 130 129 127 126 125 123 122 120 118 115 110 105 100 95 90 87 84 81 79 79 81 83 84 83 80 77 75 72 70 68 65 63 60 57 54 51 49 46 43
94 95 95 94 94 94 94 96 99 103 107 110 112 113 113 111 110 107 105 103 101 101 102 102 101 102 106 110 115 120 124 125 122 119 117 117 118 120 124 130 135 137 135 128 123 121 124 130 132 133 136 141 148 158 168 177 183 184 182 179 175 172 169 167 165 163 161 159 157 156 153 150 147 144 143 142 141 139 137 135 134 133 132 131 130 129 128 126 125 122 119 114 110 105 100 96 92 88 85 83 80 81 82 83 83 81 79 77 75 73 70 68 66 63 60 57 54 51 48 45
92 94 95 95 96 96 96 97 99 102 106 109 112 114 115 115 115 112 111 109 108 109 110 112 113 114 117 120 124 128 131 133 132 129 127 125 124 125 127 132 137 140 140 136 133 132 135 142 146 148 150 152 156 162 167 174 178 178 176 174 172 169 167 165 163 161 159 158 157 156 154 152 149 145 143 143 142 140 137 135 134 135 134 133 132 131 130 129 127 125 121 117 113 109 104 100 97 93 90 87 84 83 83 83 83 82 80 79 77 74 72 70 68 65 63 60 57 54 50 47
90 91 93 95 96 96 97 98 99 102 105 108 112 114 116 118 118 117 115 114 113 114 116 119 121 123 125 127 130 133 136 140 141 139 137 135 134 134 134 136 139 142 143 142 140 140 143 150 155 160 162 164 166 168 171 175 176 175 173 170 167 166 164 162 160 158 157 156 156 156 155 153 150 147 144 143 143 142 139 136 135 135 135 135 133 132 131 130 129 126 123 119 116 112 108 105 101 98 94 91 89 87 85 84 83 82 81 79 78 76 74 71 69 67 64 62 59 56 53 49
87 90 92 94 96 97 98 100 101 103 106 109 112 115 117 119 120 120 119 118 117 118 120 122 125 128 130 132 134 137 140 143 145 146 146 144 143 142 143 145 145 147 147 147 147 148 150 156 162 167 171 172 173 175 176 177 176 173 170 166 164 162 162 160 158 156 155 153 153 154 155 153 151 148 145 144 143 142 140 138 137 136 136 135 134 132 131 130 129 126 123 120 117 113 110 107 104 101 99 96 93 91 89 86 85 83 82 80 79 77 75 72 70 68 66 63 61 58 55 51
86 89 92 94 96 98 99 101 102 104 107 110 113 116 118 120 121 121 122 121 121 121 122 124 126 129 132 134 136 139 142 145 147 149 150 150 149 148 149 151 153 154 154 155 156 156 157 161 166 171 175 176 176 177 177 177 175 172 168 164 162 160 160 159 158 156 154 152 151 152 153 153 152 150 147 145 143 142 141 140 138 138 137 136 135 133 132 130 128 126 123 121 117 114 111 109 106 104 101 99 97 94 92 89 86 85 83 81 79 78 75 73 70 68 66 64 62 60 57 53
86 89 92 94 96 98 99 101 103 105 108 111 113 116 118 120 122 123 123 123 123 123 124 125 127 130 132 134 136 139 143 145 148 150 152 153 153 153 154 156 158 159 159 160 161 162 163 165 169 173 175 177 177 176 175 175 174 171 167 164 162 161 160 159 158 156 153 151 151 152 152 153 152 150 148 146 145 144 143 141 141 140 139 138 136 134 132 130 128 126 123 120 117 114 111 109 106 105 102 100 99 96 93 91 88 86 84 82 80 78 75 73 70 68 66 65 63 61 58 55
87 90 93 94 96 97 98 100 102 105 108 111 114 116 119 120 122 123 124 125 125 125 126 127 128 130 132 134 136 139 143 145 149 152 155 157 158 158 158 159 161 161 162 162 163 165 166 168 170 172 175 176 177 176 174 173 172 170 167 165 163 163 161 160 159 156 153 151 151 151 152 153 152 151 149 148 148 146 144 143 142 141 140 139 137 135 133 131 128 125 122 120 117 114 111 109 106 105 103 101 99 97 94 92 89 87 85 83 81 78 75 72 70 68 66 65 63 62 59 56
88 91 93 95 95 96 97 99 101 105 108 112 114 116 118 119 121 122 124 125 125 126 127 128 129 130 132 134 136 139 142 146 150 153 157 160 162 163 163 164 165 165 164 164 165 166 167 169 171 172 173 175 174 175 173 171 170 169 167 165 164 164 163 160 158 156 153 152 151 151 152 154 153 152 151 150 149 148 147 145 143 142 141 140 138 136 134 132 128 125 122 119 117 114 112 109 107 105 103 101 99 96 94 92 90 88 87 85 82 80 76 73 70 67 66 64 63 62 60 57
89 92 94 95 96 96 96 98 101 105 108 111 114 116 117 118 120 121 123 124 125 126 128 129 129 131 132 134 137 140 143 148 150 155 159 163 166 169 170 171 170 169 167 165 165 165 166 168 170 171 171 171 171 172 171 170 168 167 165 163 163 163 162 159 157 155 153 152 152 151 153 154 153 152 151 151 151 150 149 147 145 144 142 141 139 136 134 132 129 125 122 119 116 114 111 109 107 105 103 101 99 96 94 92 90 89 88 86 84 81 77 74 70 67 65 64 63 62 60 57
91 93 95 96 96 97 97 99 102 105 108 111 114 115 117 118 119 120 122 123 124 126 128 129 130 131 133 135 138 140 144 147 152 156 160 164 169 173 175 176 175 172 169 167 166 165 166 167 168 167 165 165 166 168 169 168 166 164 162 161 161 161 160 158 156 154 152 151 150 151 153 153 152 151 151 151 151 151 150 148 146 144 143 141 138 136 134 132 129 125 122 119 116 114 111 109 107 105 102 100 98 96 94 92 90 89 88 87 85 83 79 74 70 67 65 64 63 62 60 57
93 95 96 97 98 98 98 100 103 106 108 111 113 115 116 118 119 120 122 123 125 126 128 130 131 132 134 135 138 141 144 147 151 156 160 164 169 173 176 177 175 173 170 168 166 166 166 167 166 164 161 160 162 165 166 165 163 162 161 161 160 160 158 156 154 152 150 149 148 149 150 150 150 150 151 151 151 151 150 147 146 144 142 139 137 135 133 131 128 125 121 118 116 113 111 109 106 104 101 99 98 96 94 92 90 89 89 88 86 84 80 75 70 67 65 63 62 61 60 57
94 95 97 98 98 98 99 101 103 106 108 111 112 114 115 117 119 120 122 123 125 126 127 129 130 132 133 135 137 140 142 146 149 153 157 161 164 167 170 172 171 170 169 167 166 167 166 166 166 163 161 160 162 164 164 162 160 158 158 158 158 156 154 152 150 149 147 147 147 148 148 148 149 149 149 149 150 149 148 145 143 142 140 137 135 133 132 130 127 123 120 117 115 113 110 108 105 103 101 99 97 96 94 93 91 90 89 88 86 84 80 75 70 67 65 63 62 61 59 57
93 95 96 97 98 100 102 104 106 107 108 110 111 113 114 116 118 120 122 123 124 125 127 128 129 131 132 134 136 138 140 142 145 149 152 154 156 158 162 165 166 166 166 165 165 165 165 164 164 163 162 161 162 163 162 159 157 155 154 153 153 151 148 146 146 145 145 145 146 147 147 148 148 147 147 147 147 146 144 141 139 138 136 134 132 130 128 127 124 121 118 116 114 111 109 106 104 102 100 99 97 95 94 93 92 91 89 88 86 83 79 74 70 66 64 63 62 61 59 57
94 95 96 98 100 103 105 107 109 108 109 110 111 112 113 115 117 119 121 122 124 125 126 127 128 130 131 132 134 135 136 137 139 142 144 146 148 150 153 156 160 161 163 163 163 163 162 162 162 161 161 160 160 161 159 156 154 152 151 150 150 148 145 143 143 143 143 144 144 145 145 145 145 143 143 143 143 142 140 137 135 134 131 129 128 126 125 123 121 119 116 114 111 109 107 105 102 101 99 98 96 95 94 93 92 91 89 87 85 82 78 74 70 66 64 62 61 60 58 56
95 96 97 100 103 107 109 111 111 111 111 110 111 112 113 115 117 119 121 122 123 124 125 126 128 129 130 131 132 133 133 133 134 136 137 139 140 143 145 148 152 154 157 159 158 158 158 158 158 158 157 156 155 154 153 152 149 147 146 146 145 144 143 140 140 141 142 142 141 141 141 140 140 139 139 138 138 137 134 132 130 129 126 124 123 122 121 119 118 116 114 112 109 107 105 102 101 99 98 97 96 95 94 93 92 90 89 87 84 81 77 73 69 66 64 62 61 60 58 56
95 98 101 104 107 110 113 115 115 114 113 111 111 111 112 115 117 119 121 123 123 124 125 125 126 127 129 130 130 130 130 130 130 130 131 132 134 137 140 142 144 146 148 150 151 151 153 153 153 153 152 151 149 146 145 144 142 141 140 140 140 139 137 137 138 139 139 138 138 137 137 136 135 135 135 133 133 130 129 127 125 123 121 119 118 117 117 116 114 113 111 109 108 105 103 101 99 98 97 96 95 94 93 93 92 90 88 85 82 80 76 72 69 66 63 61 60 59 57 55
98 102 105 108 111 114 117 119 119 117 115 112 111 111 112 114 117 120 122 123 124 124 125 125 126 126 127 128 128 127 127 127 126 126 126 128 129 131 134 135 136 136 138 140 141 143 146 147 147 146 145 144 141 139 139 138 136 135 135 134 134 134 133 133 134 134 134 134 134 133 132 132 131 130 129 128 128 126 124 122 120 118 116 115 114 113 113 112 111 110 108 107 105 103 101 99 97 97 96 95 95 94 93 92 91 89 86 83 80 78 74 71 68 65 63 61 59 58 56 55
102 106 110 113 116 118 120 121 122 121 118 115 113 112 112 113 116 118 120 122 123 124 124 124 124 125 125 124 124 123 122 123 123 123 123 123 123 125 127 128 129 129 130 132 133 135 138 139 139 139 138 137 135 133 132 132 131 130 129 129 129 129 129 129 130 130 130 130 130 129 128 127 126 125 124 122 122 121 120 118 116 114 112 111 109 108 108 107 106 105 104 103 101 99 97 96 94 94 93 93 93 91 90 89 88 86 83 80 77 75 73 69 66 64 62 60 59 57 56 55
106 111 115 117 119 121 123 125 126 126 124 120 116 112 110 110 112 114 116 118 120 121 121 120 121 122 121 120 119 118 118 119 119 120 119 119 119 120 121 122 123 124 125 126 126 128 130 131 132 132 132 132 130 128 127 126 125 124 123 123 124 124 124 125 126 126 126 126 126 126 124 122 121 120 118 117 116 116 115 113 111 109 107 105 104 103 103 102 100 99 98 96 95 93 91 89 88 88 88 88 88 86 85 84 83 81 78 75 73 72 70 68 65 63 61 59 57 56 55 54
109 115 117 119 122 126 128 131 132 131 128 122 115 109 106 104 105 106 109 112 114 114 113 112 113 114 113 113 112 112 112 113 114 115 115 115 115 115 116 117 118 118 119 120 121 122 123 125 125 126 126 127 126 125 123 122 121 120 119 119 119 120 121 122 123 123 122 122 122 122 120 118 116 114 112 111 111 111 109 106 105 102 100 97 96 96 95 93 91 89 87 86 85 82 81 80 79 79 79 80 80 78 78 77 76 74 72 69 67 67 66 64 62 60 59 57 56 55 55 54
108 114 119 123 127 130 132 133 131 129 126 120 111 103 98 96 96 97 99 101 102 101 100 99 100 100 100 100 100 101 102 104 106 108 109 109 110 110 111 111 111 112 113 114 115 115 116 118 119 120 120 122 122 121 120 119 118 116 115 115 116 117 117 118 120 120 119 118 118 117 115 113 111 109 107 105 103 103 101 98 96 94 90 87 84 83 81 79 76 74 72 72 70 68 67 67 66 68 68 69 69 68 68 67 67 66 63 62 60 61 60 59 58 57 56 54 54 54 53 53
103 110 118 124 127 128 127 125 122 120 117 112 102 94 90 87 87 86 86 86 86 84 83 83 85 84 83 82 82 82 84 88 92 97 98 100 100 101 103 102 102 104 106 107 108 109 110 112 113 114 115 116 117 116 115 114 113 113 112 112 112 113 114 114 115 115 114 114 113 112 110 108 106 103 101 98 96 94 92 88 86 82 78 74 70 68 64 62 59 57 56 56 55 54 54 53 54 55 56 57 58 57 57 57 57 56 55 54 52 53 53 53 52 51 51 50 51 51 51 52
103 111 117 120 119 117 114 110 106 105 102 97 89 84 82 79 77 75 73 72 70 68 66 65 66 64 62 61 61 61 64 69 73 80 82 84 85 86 89 90 92 95 98 100 101 102 104 106 107 108 109 111 111 111 111 109 109 109 109 108 108 109 109 110 111 110 109 109 108 107 105 102 100 96 92 89 87 84 81 76 73 69 65 60 56 53 49 46 44 43 43 44 43 43 43 43 43 44 45 46 47 46 47 47 47 47 46 46 46 46 46 45 45 45 45 45 46 48 49 50
104 110 113 111 108 103 100 97 94 92 88 84 78 73 71 68 66 64 62 59 55 53 50 48 49 48 46 46 46 46 47 50 54 61 64 66 67 68 72 75 80 85 90 93 93 94 96 99 100 102 103 105 106 106 106 106 105 104 104 104 103 104 105 105 106 106 105 103 102 100 97 94 91 86 82 79 77 74 69 63 60 56 52 47 43 40 37 35 34 33 34 35 35 34 34 34 34 35 36 37 37 37 38 38 39 40 39 40 40 41 41 40 39 39 40 40 42 44 47 49
102 106 105 102 96 91 87 84 81 78 74 71 66 62 60 58 57 55 51 47 43 40 38 37 38 37 37 36 36 36 36 38 40 45 48 50 51 53 56 60 66 73 79 82 84 85 88 92 94 96 97 99 101 101 102 101 101 100 99 99 99 99 100 102 102 101 100 98 97 94 90 86 81 76 72 69 67 64 58 53 49 46 42 38 35 32 30 29 28 28 28 29 28 28 27 27 26 27 28 29 30 30 31 32 34 34 35 36 37 38 37 36 35 35 36 37 39 42 45 47
99 101 100 94 86 80 75 72 68 66 63 60 57 54 53 51 49 46 42 38 35 32 30 29 30 30 29 29 29 29 29 30 31 34 36 38 41 43 45 48 54 61 67 71 72 74 79 83 87 89 91 93 95 95 96 97 96 96 95 95 95 95 96 97 98 97 95 93 91 87 82 77 71 66 61 58 56 54 49 45 41 38 34 31 29 26 25 24 23 23 24 24 24 23 22 22 22 22 23 24 24 25 26 28 30 32 33 34 35 35 35 35 34 33 33 34 37 40 43 46
95 97 93 86 78 72 66 62 58 56 53 51 48 46 45 44 41 38 35 32 30 28 26 25 25 24 24 24 24 24 25 25 26 27 28 30 33 36 38 40 44 51 57 60 61 64 69 74 78 81 84 87 88 90 91 93 93 92 92 91 91 91 92 92 93 92 90 87 84 79 74 68 62 57 52 49 47 45 41 37 34 32 29 26 24 22 21 20 20 20 21 21 21 21 20 20 20 21 21 22 22 23 25 26 28 30 31 32 33 34 34 34 33 32 32 33 36 39 42 45
91 90 86 79 72 66 60 55 51 49 46 44 42 40 39 38 36 34 32 30 28 26 25 24 23 22 21 21 21 22 23 23 23 23 24 26 28 30 32 35 38 42 47 50 52 55 60 65 69 73 76 79 82 84 86 89 90 91 91 90 90 89 89 89 89 88 85 81 77 72 66 60 55 50 46 42 40 38 35 32 30 28 26 24 22 21 20 19 19 19 20 21 21 21 21 21 22 22 22 22 23 24 25 27 29 30 31 32 33 33 33 33 32 32 33 34 36 39 42 44
86 84 79 73 67 61 55 51 47 45 43 41 40 38 37 36 35 34 33 32 31 30 30 28 26 25 24 23 23 23 24 24 24 23 24 24 26 27 28 31 33 36 39 42 44 47 51 57 62 66 69 73 76 79 83 87 89 91 91 91 90 89 88 87 85 83 79 74 70 64 59 53 48 43 40 37 35 33 31 29 28 26 25 24 23 22 21 21 21 21 21 22 23 23 24 25 25 25 26 26 26 27 28 29 30 31 31 32 33 33 33 33 33 34 34 35 37 40 42 44
82 79 73 68 62 57 52 49 46 45 43 43 42 41 39 39 39 39 39 38 39 39 38 36 32 30 29 27 26 26 25 25 25 25 26 26 26 26 27 28 30 32 34 36 38 40 44 49 55 59 62 66 71 76 82 87 91 94 94 93 92 90 89 87 84 79 75 69 64 57 51 46 41 38 35 33 32 31 30 29 28 27 26 25 25 24 23 22 22 23 23 24 25 26 27 28 29 30 30 30 30 31 32 32 33 33 33 33 33 33 33 34 34 35 35 36 38 40 42 45
77 72 67 62 57 53 49 48 47 46 45 45 45 45 45 46 47 47 47 47 47 46 45 42 39 36 33 30 28 27 26 25 26 26 27 27 28 28 28 29 31 32 33 34 35 36 39 43 47 50 55 61 68 75 82 89 95 99 100 98 96 95 93 90 85 79 72 65 58 51 45 40 36 34 32 31 31 30 29 29 28 27 26 25 24 23 23 22 22 23 24 26 28 30 31 33 34 34 35 35 35 35 36 36 35 35 34 34 34 34 34 34 35 36 36 37 38 40 42 45
72 67 62 57 53 50 49 48 48 47 47 47 48 49 50 52 52 52 52 52 51 51 50 48 45 43 39 35 31 28 26 25 25 25 25 26 27 28 29 30 31 32 33 33 34 34 35 37 40 44 49 57 66 75 84 93 100 106 107 106 104 102 101 96 90 81 71 61 53 45 39 35 32 30 29 29 29 29 28 27 27 26 25 23 22 22 22 22 22 24 26 29 32 34 36 38 39 39 39 39 38 38 38 37 36 36 36 35 35 35 35 35 36 36 37 37 39 40 43 45
69 64 60 56 53 51 50 49 49 48 48 48 49 50 50 51 51 51 51 51 53 54 54 53 51 47 43 38 35 31 28 27 25 24 24 24 25 26 28 29 31 31 32 32 32 33 33 34 35 39 46 55 66 78 89 99 108 114 117 116 114 112 110 103 94 83 70 58 48 40 35 31 29 28 27 27 27 27 26 25 24 23 22 22 23 22 23 23 25 27 30 33 35 37 39 40 41 41 41 40 40 40 39 38 37 36 35 35 35 35 35 36 37 37 38 38 39 41 43 45
68 64 61 58 56 54 52 50 48 48 47 47 46 45 45 46 47 49 50 52 53 52 50 47 46 41 37 34 31 29 29 29 28 27 26 25 25 25 26 28 29 30 31 32 32 31 31 31 33 37 45 55 68 82 95 107 116 123 126 125 123 121 117 109 98 83 67 54 44 37 32 28 27 26 25 25 25 25 24 23 23 23 23 24 24 24 25 25 27 29 32 34 35 36 37 38 39 39 39 40 40 39 38 38 37 35 34 34 34 35 35 36 37 38 38 39 40 42 43 45
70 67 64 61 59 56 52 49 47 46 43 41 40 41 42 45 47 50 49 48 46 42 39 37 36 32 29 27 26 26 28 29 30 30 30 29 29 27 27 28 28 29 30 31 31 31 31 31 33 36 44 55 69 84 99 111 122 129 132 131 130 127 122 114 101 83 66 51 41 34 30 27 26 25 25 25 24 24 24 24 24 25 26 26 27 28 28 27 29 30 31 32 32 32 32 32 34 36 36 38 38 38 37 36 35 34 32 32 32 33 34 35 36 37 38 39 41 42 43 45
73 69 66 62 59 55 52 50 47 43 39 37 38 39 41 43 44 44 41 39 36 34 33 32 31 27 25 24 24 26 29 33 35 35 35 35 35 34 32 32 31 31 31 31 32 32 33 33 35 39 45 56 71 86 101 114 125 132 135 135 133 130 125 116 101 83 65 51 41 35 31 28 27 27 26 26 26 26 26 27 27 28 30 32 34 34 33 31 30 29 29 28 27 27 27 27 30 32 33 35 36 36 36 35 33 32 31 30 30 30 32 33 35 36 38 39 41 42 43 45
74 69 65 62 58 56 54 51 46 42 39 38 37 37 37 38 37 36 34 33 31 31 30 29 27 25 24 24 25 27 32 40 44 45 44 43 42 40 39 39 38 37 36 35 36 38 40 40 42 45 50 58 72 88 102 115 125 133 136 136 134 130 125 116 101 82 64 51 42 37 34 32 31 31 30 30 30 30 31 32 33 34 38 42 46 45 42 38 33 30 29 27 25 24 24 25 28 30 31 33 33 34 34 33 32 31 30 29 29 29 30 31 33 35 37 38 40 42 43 45
75 70 66 62 60 58 55 51 47 44 41 38 35 33 33 32 33 34 34 34 33 32 30 27 26 25 24 24 26 29 36 47 54 55 54 52 51 49 48 47 45 44 42 44 49 53 55 53 53 55 57 63 75 89 103 115 125 133 136 136 133 129 123 113 99 80 63 51 44 40 39 39 39 39 38 38 37 38 39 40 41 44 49 56 60 58 53 46 39 35 32 28 25 25 25 26 28 31 32 33 33 32 31 31 31 30 29 28 29 29 30 31 32 34 36 38 40 41 43 45
78 74 70 66 62 58 54 52 49 46 42 38 34 32 31 33 34 36 38 39 37 34 32 29 28 27 27 29 30 33 43 56 63 63 61 59 58 58 58 56 53 53 54 59 67 70 70 66 64 64 65 69 79 91 103 114 124 131 135 134 131 127 120 110 96 78 63 52 45 44 45 47 50 52 53 54 50 51 52 54 54 56 61 67 71 69 63 56 48 41 35 31 29 28 28 29 31 34 36 35 33 32 30 30 29 29 29 28 29 30 31 32 33 35 37 38 41 42 44 46
81 78 74 69 64 59 56 54 52 48 43 39 36 35 36 37 39 40 43 44 42 39 36 33 32 31 31 32 34 41 52 64 70 69 66 64 64 65 67 67 68 70 73 76 82 82 79 75 71 69 70 74 82 92 102 113 122 129 132 131 128 124 117 107 94 78 63 53 48 48 50 54 60 65 69 70 68 68 69 69 67 68 71 74 77 78 76 67 58 49 41 36 34 33 32 33 36 38 39 38 36 33 32 31 30 29 28 29 30 31 33 34 36 37 39 41 43 45 47 48
85 81 77 72 67 64 62 59 57 53 48 44 42 41 41 41 43 45 48 50 49 45 42 39 36 35 35 37 43 52 62 71 75 74 72 71 71 73 76 79 82 85 88 89 91 88 83 79 75 73 73 77 85 93 102 112 120 126 129 129 126 122 116 107 95 79 64 55 51 51 54 60 69 76 80 82 82 82 82 81 79 78 78 79 80 83 82 75 66 56 48 43 40 39 38 40 42 43 43 41 39 37 35 33 31 30 30 31 33 34 36 39 41 43 45 47 49 51 52 53
88 85 81 78 75 72 70 67 65 61 55 52 49 46 44 44 46 49 53 54 54 52 51 48 45 46 48 52 57 64 70 74 76 76 74 74 75 79 82 86 90 93 94 95 94 89 85 81 78 76 76 79 86 94 102 112 120 125 127 127 125 122 117 107 95 81 67 58 55 55 58 65 75 83 88 90 90 91 90 88 85 83 81 79 79 81 80 76 71 64 56 51 49 47 48 49 49 49 48 46 43 41 38 35 33 32 33 34 37 39 42 45 48 51 53 55 57 58 58 57
91 90 88 86 83 81 79 78 75 70 64 60 56 51 48 47 49 51 55 57 58 59 58 56 56 57 58 60 62 65 68 70 71 72 72 73 78 82 88 92 96 97 97 96 95 91 87 84 81 79 79 81 87 96 103 112 119 124 126 126 125 122 118 109 97 84 70 61 59 59 62 68 78 86 92 94 95 94 93 91 89 85 81 77 75 74 74 72 69 65 60 56 54 54 54 54 53 53 52 49 46 42 39 36 35 35 36 38 41 44 48 52 56 59 61 64 65 64 64 62
95 94 93 93 91 90 89 87 83 77 71 66 62 58 54 52 53 54 56 57 58 59 59 58 58 57 58 59 61 63 65 66 68 70 73 77 83 89 94 97 98 99 98 98 97 94 91 88 85 83 82 83 89 97 105 112 119 124 126 126 126 123 119 111 101 87 73 64 62 63 66 70 77 85 90 94 96 95 94 92 90 86 82 77 74 71 69 68 66 62 58 56 55 55 54 54 53 53 51 49 45 42 40 38 38 39 40 42 45 48 53 59 63 67 69 71 71 70 68 66
99 99 99 98 99 98 97 93 89 83 77 73 69 66 62 61 59 59 58 57 58 58 59 59 58 58 59 61 63 65 66 68 71 74 79 85 91 95 97 98 98 99 100 100 99 97 95 92 89 86 84 85 90 97 105 113 120 125 128 128 127 125 121 114 104 91 76 66 64 66 69 72 77 82 88 92 94 94 94 92 91 88 85 81 78 73 70 67 65 62 60 58 57 56 55 54 53 53 51 48 46 44 43 42 42 43 44 46 48 52 58 64 69 73 75 76 76 74 72 68
103 103 103 104 105 105 102 98 94 88 82 79 77 74 72 70 68 67 65 63 62 63 64 65 63 63 65 67 69 71 73 76 80 84 88 93 97 98 98 98 98 99 100 101 101 100 98 95 91 87 85 87 91 98 107 115 123 129 132 132 130 127 122 115 105 91 78 68 65 67 71 74 77 81 86 89 91 92 92 92 91 90 89 86 83 79 75 71 68 66 64 62 60 59 57 56 55 54 53 51 49 48 48 47 47 47 48 49 51 55 61 67 72 77 79 81 80 78 74 70
106 106 107 109 110 109 107 104 99 93 88 85 83 83 81 79 77 75 74 72 71 72 72 73 71 71 72 75 79 81 83 87 90 93 96 98 98 97 97 98 99 101 102 103 103 102 99 95 91 87 86 88 93 100 110 118 126 132 135 135 133 129 125 116 106 92 78 69 66 67 71 74 77 80 83 87 89 90 90 90 90 91 91 91 89 85 82 79 76 73 70 67 66 64 62 61 60 59 58 56 55 54 53 52 51 51 52 53 56 59 65 71 76 80 82 83 81 79 74 70
109 110 111 113 114 114 112 109 106 100 95 92 90 88 87 85 84 83 82 81 81 81 82 81 81 81 83 86 90 92 93 95 97 98 98 98 97 96 97 99 101 103 105 105 104 102 99 95 91 87 86 88 94 101 111 120 129 134 137 138 136 133 128 119 109 95 81 70 66 66 70 73 76 79 82 85 88 88 88 88 89 90 91 92 92 90 88 86 84 81 77 75 73 71 69 67 66 65 64 62 61 60 59 57 56 56 56 58 61 65 70 75 80 83 84 84 82 79 75 70
112 113 114 115 117 117 117 115 112 107 101 97 94 92 91 89 88 88 88 88 89 90 91 90 91 92 94 97 99 100 99 98 98 98 97 96 96 97 100 103 106 107 107 106 104 102 99 95 91 88 87 89 94 102 112 121 130 135 138 139 139 136 131 122 111 97 83 71 65 65 67 71 75 78 81 84 87 88 88 87 87 88 89 90 92 92 91 90 89 88 84 83 81 79 77 75 73 71 70 69 67 66 65 63 61 61 62 64 67 70 75 79 82 85 85 84 82 78 74 70
113 114 115 117 119 120 120 119 117 112 106 102 99 96 93 92 92 92 93 93 94 96 98 98 100 101 102 103 103 102 100 99 97 96 96 96 99 101 105 108 111 111 110 108 105 102 99 95 92 89 87 89 94 101 111 120 129 135 138 140 140 139 134 125 113 99 84 72 65 63 65 68 72 75 79 83 87 89 89 88 86 86 87 88 89 90 91 90 90 90 88 87 85 84 82 80 78 76 75 74 73 71 69 67 65 65 67 71 75 77 81 83 85 87 86 85 82 78 74 69
110 113 116 119 121 123 123 123 122 117 111 107 104 99 97 97 97 96 96 96 98 100 102 103 105 106 106 104 103 101 99 97 96 96 97 99 104 107 111 114 115 114 112 108 105 101 98 95 93 90 88 89 94 100 109 118 128 135 140 142 142 140 136 127 114 100 85 72 64 62 64 66 70 73 76 80 85 89 90 89 87 86 85 85 85 86 87 87 88 88 88 87 87 85 84 83 81 79 78 78 76 74 71 69 68 70 74 78 82 85 87 88 89 89 87 85 81 77 73 68
108 113 116 119 122 124 125 125 125 122 117 114 110 105 102 101 100 98 97 98 99 101 103 105 106 105 104 103 101 100 99 99 99 100 102 106 110 113 116 118 117 115 112 108 104 101 98 96 93 91 88 89 92 98 107 117 127 135 140 142 142 141 136 128 116 100 85 72 64 61 62 65 68 70 73 77 83 88 91 91 90 88 85 84 83 83 83 83 83 84 85 86 85 84 83 82 81 80 79 78 76 74 72 71 72 76 81 86 89 91 92 92 92 90 88 85 81 77 72 67
105 110 115 118 121 123 125 127 128 126 124 121 117 112 109 106 103 101 99 99 100 101 102 103 104 103 102 101 101 101 102 103 105 106 109 113 116 119 120 120 118 114 110 106 102 99 98 96 93 90 88 88 91 97 106 116 126 135 139 142 142 140 135 126 114 99 84 71 63 60 61 63 65 67 69 73 80 86 90 92 93 91 89 86 84 82 81 80 80 80 81 82 82 81 80 79 79 78 77 76 74 73 72 73 76 82 87 91 94 96 96 95 94 91 88 84 80 75 70 66
103 108 112 116 119 122 124 127 129 129 129 127 123 119 115 111 108 105 103 102 101 102 102 102 102 102 102 103 104 105 107 109 111 113 115 119 121 123 123 121 118 113 108 104 101 98 97 95 93 90 88 87 90 95 104 115 126 135 139 141 141 139 133 123 111 97 82 71 62 59 59 61 63 65 67 71 78 84 89 92 94 94 93 90 88 85 83 81 79 79 79 78 78 77 77 77 76 76 76 74 73 73 74 77 81 87 93 96 98 99 98 97 94 91 87 83 78 74 69 65
102 104 108 112 116 119 123 126 127 129 131 129 127 123 120 116 114 111 108 105 104 103 103 102 103 104 105 107 109 111 111 114 116 118 120 122 124 124 123 121 116 111 106 103 99 97 96 94 92 90 88 87 89 94 102 113 125 136 141 142 141 138 132 122 110 95 82 70 62 58 58 59 61 62 65 69 75 82 88 92 94 96 96 95 93 90 87 85 82 81 79 78 77 77 77 76 76 75 75 74 74 75 79 83 87 93 97 99 100 100 98 96 93 89 85 81 76 72 67 64
100 101 104 108 112 117 120 123 125 127 129 129 128 126 123 120 118 116 114 110 108 107 107 106 107 109 111 114 116 116 117 118 120 122 123 124 124 124 123 119 114 109 105 100 98 97 95 93 91 89 87 87 89 94 101 112 124 136 142 143 141 136 129 119 107 94 81 69 61 57 57 58 59 61 63 67 74 80 87 91 95 97 97 97 96 94 92 90 88 86 83 82 81 80 79 79 79 78 77 78 78 80 84 88 92 96 99 101 101 99 97 94 91 87 83 79 75 71 66 63
98 98 101 105 109 114 118 121 122 124 126 127 128 127 124 122 121 120 117 115 113 112 112 112 113 115 117 119 121 121 122 122 123 124 124 125 125 123 121 116 111 106 102 99 97 95 94 91 89 88 86 86 89 94 102 112 125 136 142 142 138 133 125 114 102 91 79 69 61 57 56 56 58 59 61 66 72 80 86 91 94 97 98 98 98 97 96 95 94 92 89 88 87 86 85 84 83 83 83 84 84 87 90 93 96 99 101 102 101 98 95 92 88 85 81 77 73 69 65 61
97 95 97 101 106 110 114 117 119 121 124 125 126 126 124 123 123 122 120 119 118 118 117 117 118 119 120 121 123 124 125 125 125 125 125 125 124 122 119 114 109 105 101 98 96 94 92 90 88 87 86 86 88 93 101 110 122 133 139 139 136 130 122 112 100 88 77 67 60 57 55 56 57 58 61 65 72 79 85 90 94 97 98 98 99 99 99 99 99 97 95 94 93 92 91 90 89 88 89 90 91 93 95 97 99 101 102 102 99 96 92 89 86 82 78 75 70 66 63 60
95 93 95 98 103 107 111 113 115 118 121 123 123 124 124 123 124 123 122 122 121 121 121 120 121 121 121 121 122 123 124 124 124 125 125 124 123 121 117 112 107 103 100 97 95 93 91 89 87 86 85 86 88 93 99 108 119 130 136 136 133 127 119 110 99 88 78 69 62 58 55 55 56 58 60 64 70 77 83 88 92 95 97 99 100 101 101 101 102 101 100 99 98 98 97 96 95 94 94 95 96 98 99 100 101 102 102 100 97 94 90 87 84 80 77 73 69 66 62 59
93 91 93 96 100 104 108 110 113 116 119 121 122 122 122 123 123 122 122 121 121 121 121 121 121 122 121 121 121 122 122 123 123 124 124 123 122 119 115 110 105 101 98 95 93 92 90 88 86 85 85 86 89 93 99 107 117 126 132 134 131 126 118 110 100 89 80 72 65 59 56 55 56 57 59 63 68 75 81 86 90 94 97 99 100 101 102 102 103 103 103 103 102 102 101 100 99 99 98 99 100 100 101 102 102 102 100 98 95 92 88 85 82 79 75 72 68 64 61 58
93 90 91 94 98 101 104 107 110 113 116 118 120 121 121 122 121 121 120 119 119 119 118 120 121 121 121 120 120 121 121 122 123 123 123 122 120 117 114 109 104 100 97 94 92 90 88 87 85 84 85 86 90 94 100 108 117 126 132 133 131 125 118 109 100 91 82 75 68 61 58 56 55 56 58 62 68 74 80 85 90 94 96 98 99 99 100 101 102 103 104 104 103 103 102 102 101 101 101 101 102 102 102 102 101 100 97 95 92 89 86 83 80 77 73 70 66 63 60 58
92 89 90 93 96 99 102 104 107 110 113 116 118 120 120 120 119 118 116 116 115 116 116 118 120 121 121 120 120 121 122 122 123 122 122 121 118 116 112 108 104 99 96 93 90 88 86 85 84 84 85 87 91 96 103 110 118 126 133 134 132 126 118 110 101 93 85 78 71 64 59 57 56 56 58 62 68 74 80 85 90 93 95 96 98 99 99 100 101 103 103 104 104 103 103 102 101 101 101 102 102 101 100 100 98 96 93 91 88 85 82 80 77 74 71 68 64 61 58 57
92 88 89 91 93 96 99 101 103 106 110 112 115 117 118 117 116 114 114 113 113 114 115 117 119 121 121 121 121 122 123 124 123 122 122 120 118 115 111 107 103 98 93 90 88 86 85 83 83 83 85 89 94 99 104 111 119 127 134 135 133 127 120 111 103 95 88 81 74 67 61 58 56 56 57 62 68 74 80 85 89 92 94 96 97 99 100 100 100 101 103 103 104 104 103 102 102 101 101 101 100 99 98 97 94 92 90 87 84 82 80 77 75 72 69 66 62 59 57 57
92 87 87 89 92 94 97 99 100 103 106 109 111 113 113 113 112 112 112 112 113 114 116 117 119 120 121 121 122 123 124 125 124 123 121 120 118 115 111 107 102 97 92 88 86 84 83 82 81 82 85 90 96 101 106 112 120 129 135 137 134 129 122 114 106 99 92 85 77 69 63 59 57 56 57 62 69 75 82 86 90 93 94 96 97 98 99 100 100 101 102 103 103 104 104 103 102 101 101 100 99 97 95 94 91 89 86 84 81 79 77 75 73 70 67 64 60 58 57 57
92 86 86 88 91 93 95 97 98 101 103 106 107 109 109 109 110 111 112 113 115 116 118 118 119 120 121 122 122 123 124 125 124 123 122 120 118 115 111 107 102 96 90 86 84 83 82 81 80 81 85 91 97 103 109 115 123 131 138 139 136 131 125 117 109 101 94 88 81 72 65 61 58 56 57 62 69 76 82 87 91 94 95 96 97 98 99 100 101 102 102 103 104 104 104 103 103 102 101 100 98 96 93 91 88 86 84 81 79 77 75 73 71 68 65 62 59 57 56 57
92 86 86 88 90 92 94 96 97 99 101 102 103 105 106 107 109 111 113 115 117 119 119 119 119 120 121 122 122 123 124 123 123 123 122 120 117 114 111 107 101 94 88 84 82 82 81 81 80 81 85 91 98 104 111 117 126 135 142 142 139 134 128 120 112 104 97 91 84 76 68 63 60 57 57 62 69 76 82 88 92 95 97 97 98 98 99 100 102 103 103 104 104 104 104 104 103 103 102 100 98 95 92 89 86 84 82 80 77 75 73 71 69 66 63 60 58 56 55 56
92 86 85 86 88 91 93 95 96 98 99 100 101 102 104 107 110 112 114 115 117 119 120 120 119 120 121 122 121 122 122 122 123 123 122 119 117 114 110 106 99 92 87 83 81 81 81 81 80 82 87 93 100 106 113 121 130 140 146 146 142 137 130 122 114 106 100 93 86 78 70 65 62 59 59 63 70 77 83 88 93 96 98 99 99 99 100 101 103 104 104 104 105 105 105 105 104 104 102 100 97 93 90 87 85 82 80 78 76 74 72 70 67 65 62 59 57 55 55 56
90 84 83 84 86 89 92 94 96 97 99 99 99 100 103 107 110 113 114 116 118 120 121 121 120 121 122 121 121 122 122 122 122 122 121 119 116 114 110 105 98 91 85 82 81 82 82 81 81 83 87 93 100 106 114 122 133 143 149 148 145 141 134 125 117 109 102 95 88 80 72 66 63 61 60 64 71 78 84 88 93 96 98 99 100 101 102 103 104 105 105 105 105 105 105 105 104 103 100 98 95 91 88 85 83 81 79 77 75 72 70 68 66 64 61 58 56 55 54 55
88 82 81 82 84 87 90 93 96 97 98 98 98 100 103 106 109 111 113 115 117 119 120 121 121 121 121 121 121 121 121 122 122 121 120 118 116 113 109 104 97 89 84 81 81 82 82 82 82 84 88 93 99 106 114 124 136 146 152 151 148 143 137 128 120 112 105 98 90 82 74 68 65 63 62 64 71 78 84 88 93 96 99 100 101 102 103 104 105 105 105 106 106 105 105 104 103 101 99 96 93 89 86 83 81 79 77 75 73 71 69 67 65 62 59 57 55 54 54 55
89 82 79 80 82 85 88 91 94 96 97 97 98 99 102 105 108 110 111 113 115 118 120 121 121 121 120 120 120 121 121 121 120 119 118 116 114 111 108 103 95 88 83 81 81 83 83 83 83 84 88 93 100 106 114 125 138 149 153 151 148 144 138 130 122 114 107 99 91 83 74 69 65 64 62 64 71 79 85 90 94 97 100 101 102 103 104 104 105 105 105 105 105 105 104 103 102 100 97 94 91 87 84 81 78 77 75 73 72 70 68 66 64 61 59 56 55 54 54 55
89 82 79 79 80 83 86 88 91 94 95 96 97 99 101 103 105 107 109 111 114 116 118 120 121 120 120 119 120 119 119 119 118 117 116 114 112 110 106 101 95 87 83 81 81 83 83 83 83 85 88 93 100 106 113 124 137 147 151 149 146 142 139 132 124 116 108 99 91 83 75 69 65 64 62 62 69 78 86 91 95 99 100 102 102 103 104 104 104 104 104 105 104 103 102 101 99 97 94 91 88 85 81 79 76 74 73 71 69 68 66 64 63 60 58 56 54 54 53 54
89 82 78 78 80 81 84 86 89 91 93 94 96 97 99 101 102 105 107 109 112 114 116 119 120 120 119 119 119 118 117 116 117 116 114 113 111 108 105 100 94 87 82 81 81 82 83 83 83 85 88 93 100 107 113 122 133 142 146 145 142 139 138 133 126 117 108 100 92 83 74 68 64 62 60 60 65 75 84 92 97 100 102 102 102 103 103 103 103 104 104 103 103 102 100 99 97 94 92 89 86 82 79 77 75 73 71 69 68 67 65 64 62 60 57 55 54 54 54 55
88 82 78 78 79 80 83 85 87 89 91 92 94 96 98 99 101 103 105 108 110 113 115 118 119 119 119 118 118 117 116 115 115 115 114 112 110 108 104 100 94 87 82 80 80 81 82 82 82 84 87 93 100 107 113 119 128 135 139 138 136 135 135 132 125 117 108 99 91 81 73 66 62 60 58 57 61 70 81 90 97 101 102 103 102 102 102 102 103 102 102 102 101 100 98 97 95 92 89 87 83 80 78 75 74 72 70 69 68 66 65 63 61 59 57 55 54 54 54 56
87 82 78 78 79 80 82 84 86 88 90 91 93 95 97 98 100 102 104 106 109 112 114 116 117 118 118 118 116 116 115 114 114 114 113 112 110 107 104 100 95 88 82 79 78 79 80 80 80 82 85 90 97 104 111 116 122 128 131 131 130 130 130 128 122 115 106 97 88 79 70 63 59 56 54 54 56 64 75 87 95 100 102 103 103 102 102 102 102 101 101 100 99 98 97 95 93 90 87 85 82 79 76 75 73 72 70 69 68 66 65 63 61 59 57 55 54 53 54 58
85 82 79 78 79 80 82 84 86 88 89 90 92 94 95 97 99 100 103 105 108 111 113 115 116 117 117 116 115 114 114 113 114 113 113 113 110 108 105 101 96 89 82 78 76 75 76 77 76 78 81 86 92 99 106 111 116 121 124 125 124 123 125 123 118 111 102 93 84 74 66 59 54 52 50 50 52 58 69 82 92 98 101 103 103 103 102 102 101 100 99 98 97 96 94 92 90 87 85 82 80 77 75 74 73 72 71 70 69 67 66 64 61 59 57 55 53 53 55 59
84 81 79 78 79 81 83 85 87 88 89 90 92 93 94 96 98 100 102 104 107 110 112 114 115 116 116 116 115 113 112 112 112 113 113 113 112 109 107 104 99 92 83 77 73 71 71 71 71 72 75 79 84 92 99 104 109 114 117 118 117 117 118 116 112 105 96 87 77 68 60 54 49 47 46 47 48 53 63 76 88 95 99 101 103 103 102 101 99 98 97 96 95 93 91 89 87 85 83 80 79 77 75 74 73 72 71 71 70 69 67 64 62 59 57 56 56 55 57 64
82 81 78 78 79 81 83 85 87 89 89 90 91 93 94 95 97 99 101 104 106 108 111 113 114 115 115 115 114 113 112 112 112 113 114 114 113 111 109 107 103 96 86 77 71 67 65 64 63 63 65 69 74 81 89 94 100 105 109 110 111 110 111 109 104 97 88 78 69 60 53 48 44 43 42 44 45 49 56 69 82 91 96 100 101 102 101 100 98 96 95 94 92 90 88 87 85 83 81 79 77 76 74 74 73 72 72 72 71 69 67 64 61 59 57 57 60 62 67 76
79 79 78 78 79 81 83 85 87 88 89 90 91 92 94 95 97 98 101 103 105 108 110 111 113 114 114 114 114 113 112 113 113 114 115 115 113 112 111 110 107 102 91 79 70 64 60 57 54 54 55 58 62 69 77 83 90 96 100 102 103 102 103 101 95 87 79 69 59 52 46 42 40 39 40 42 43 46 52 63 77 88 95 99 101 100 99 98 96 95 94 92 90 88 86 84 83 81 79 78 76 75 74 73 73 73 73 72 71 69 67 64 61 58 57 58 63 69 78 95
76 77 77 77 79 81 83 85 87 88 89 90 91 92 94 96 97 99 101 103 105 107 109 111 112 113 114 114 114 114 113 114 115 116 116 116 114 113 113 112 111 106 95 81 69 60 54 50 47 45 45 46 50 57 64 72 79 86 90 92 93 92 93 90 85 76 67 58 50 43 39 37 36 37 38 40 42 44 49 59 73 85 94 99 101 100 98 97 95 94 93 91 89 87 85 83 82 80 79 77 76 75 74 73 73 73 73 72 71 69 66 63 60 57 57 61 65 72 84 106
76 78 78 77 78 80 83 85 86 87 89 90 91 92 93 95 97 99 101 103 105 107 109 110 111 112 113 113 114 115 115 116 117 118 118 117 116 115 115 115 114 110 100 86 70 59 51 45 41 38 37 38 42 47 54 61 69 74 78 81 82 81 81 78 72 64 56 48 41 36 34 33 34 36 38 40 42 44 48 56 69 83 92 98 100 100 99 96 94 93 92 90 88 86 84 82 81 80 78 77 75 74 72 72 73 73 73 72 70 68 65 62 59 56 56 64 70 77 92 115
75 78 78 78 79 80 83 84 86 87 89 89 90 92 93 95 96 98 100 102 104 106 108 109 111 112 113 113 115 116 117 118 119 119 120 119 118 117 117 117 116 113 106 94 77 62 51 44 39 36 34 34 36 40 44 51 57 62 66 69 69 68 69 66 60 53 46 40 35 32 31 32 33 36 38 40 42 44 48 55 67 80 90 97 100 100 99 96 94 93 91 89 88 85 83 82 80 79 78 76 75 73 73 72 73 73 72 71 69 66 63 60 57 55 58 71 78 83 100 123
76 78 78 78 79 80 82 84 85 87 88 89 90 91 93 94 96 97 99 101 103 105 107 109 110 111 113 114 115 117 118 119 120 121 121 120 119 119 119 119 117 115 110 102 87 70 57 48 43 39 36 36 36 37 39 43 47 51 55 57 57 56 57 55 50 45 40 36 32 30 30 31 34 36 38 40 42 44 47 54 64 78 88 95 99 99 99 96 94 92 90 89 87 85 83 82 80 79 77 76 75 74 73 73 73 73 72 70 68 65 62 59 56 55 60 74 84 90 108 133
76 78 78 78 78 80 82 84 86 87 88 89 90 91 92 94 95 97 99 101 103 104 106 108 109 111 113 114 116 117 119 120 121 122 123 122 121 120 120 119 118 116 112 107 95 81 66 56 50 45 43 42 42 40 39 39 41 43 45 47 47 47 48 46 44 40 37 34 31 30 31 32 35 37 39 40 42 44 47 53 63 76 87 94 98 99 98 96 94 92 90 89 87 85 83 81 80 79 78 77 76 75 74 73 73 72 71 69 67 64 61 58 55 56 66 79 88 96 115 138
74 78 77 77 78 79 81 83 85 87 88 90 90 91 92 93 95 97 99 101 102 104 105 107 108 110 112 114 116 118 120 121 123 123 124 123 121 121 120 120 118 116 113 109 101 89 74 64 58 53 52 52 52 50 46 43 41 40 40 40 40 41 41 40 39 38 36 34 33 32 33 34 36 38 39 40 42 44 49 55 65 77 87 94 97 98 98 96 93 91 89 88 86 84 83 81 80 79 78 77 76 75 75 74 73 72 71 68 65 62 59 57 54 56 68 82 92 101 118 141
72 76 77 77 77 79 80 82 84 86 88 90 91 91 92 93 95 97 99 100 102 103 104 106 108 110 112 114 116 118 120 121 122 123 123 122 121 120 119 119 117 115 113 110 104 96 85 76 69 65 63 63 63 61 57 52 46 42 39 38 37 37 37 37 38 38 37 36 35 35 35 36 37 39 40 41 43 45 50 57 67 78 88 94 97 98 97 96 93 91 89 87 85 84 82 81 80 79 79 78 77 76 75 74 73 71 69 67 64 60 58 55 53 56 70 88 99 110 126 144
69 75 76 76 77 78 80 82 84 86 89 90 91 91 92 93 95 97 99 100 102 103 104 105 107 109 112 114 115 117 119 121 122 122 122 122 120 119 118 118 116 114 112 110 106 101 94 86 80 76 73 73 73 71 68 62 55 49 43 40 38 37 37 37 38 38 38 37 37 37 37 37 38 39 40 41 43 47 52 59 70 80 89 95 97 98 97 96 93 91 88 86 85 83 82 81 80 79 78 78 77 76 75 74 72 70 68 65 62 59 56 54 53 58 73 91 103 116 132 150
66 73 75 76 76 77 79 81 84 86 88 90 91 91 92 93 95 98 99 100 102 103 104 105 107 109 111 113 115 117 118 120 121 121 121 120 119 118 117 116 115 113 111 109 106 103 98 93 88 83 80 79 79 78 75 71 65 58 51 45 41 40 39 38 39 39 38 38 38 38 38 38 39 39 40 41 44 49 55 63 73 83 90 95 98 98 98 95 93 90 88 86 84 82 81 80 80 79 78 77 77 76 75 73 71 69 66 63 61 58 56 54 53 60 76 95 107 120 138 155
62 71 75 76 76 77 79 81 83 86 88 89 90 91 92 94 96 98 99 100 101 102 103 105 107 108 111 113 114 116 117 119 120 120 120 119 118 117 116 115 113 111 110 108 106 104 100 96 91 87 84 83 82 81 78 76 71 66 59 53 48 45 42 40 40 40 39 39 38 38 38 39 39 39 41 43 46 51 57 67 77 85 91 95 97 98 97 95 93 90 87 85 83 82 81 80 79 78 77 76 76 75 73 72 70 67 64 61 59 57 55 54 54 63 80 99 112 125 144 160
58 69 74 76 77 77 78 80 82 84 86 88 89 91 92 93 96 98 100 101 101 102 103 105 106 108 110 112 113 114 116 117 118 118 117 117 116 115 114 113 111 110 109 107 106 104 100 97 93 90 88 86 85 83 80 78 75 71 66 61 56 52 47 44 43 42 40 39 39 39 39 39 39 40 42 45 48 54 61 70 79 86 91 94 96 97 96 95 92 89 86 84 82 81 80 79 78 78 76 75 74 72 71 70 67 65 63 60 58 57 55 54 55 66 84 102 116 131 150 166
54 65 72 75 76 77 79 80 82 83 85 87 88 90 91 93 95 97 99 100 101 102 103 104 106 107 108 109 110 112 113 114 115 115 115 114 114 113 113 112 110 109 108 107 105 103 101 99 95 93 91 89 88 86 83 81 78 75 72 68 64 61 55 50 47 45 43 41 40 40 40 40 41 43 46 48 51 57 65 73 80 85 89 91 93 94 94 93 91 88 85 83 80 79 78 78 78 77 76 74 73 71 69 68 66 64 62 60 58 57 55 54 57 70 88 105 120 137 156 172
51 63 71 74 76 78 79 80 82 83 85 86 88 89 91 93 95 97 99 100 101 102 103 104 105 106 106 107 107 108 109 110 112 113 112 111 112 112 111 110 109 107 106 105 105 104 102 100 97 95 93 92 91 88 86 84 81 78 76 73 71 69 63 58 55 51 48 45 44 43 43 43 45 47 51 52 56 62 70 76 81 84 87 89 90 91 90 90 88 86 84 81 79 77 77 77 77 76 75 74 72 70 69 67 66 64 61 59 58 57 56 55 60 74 92 109 125 145 165 178
48 61 69 74 76 78 79 80 81 83 84 85 87 89 90 92 95 97 99 100 101 102 103 103 104 104 103 103 102 103 104 106 108 110 109 109 110 110 109 109 107 106 105 105 105 104 103 101 99 96 96 95 95 93 91 88 85 82 80 79 79 79 75 70 66 61 56 53 51 49 49 49 51 54 58 60 64 70 75 79 82 84 86 87 87 87 87 86 85 83 81 78 76 75 76 76 76 75 75 74 72 70 68 67 65 63 61 59 58 57 56 55 62 78 96 115 136 159 177 186
44 56 67 72 76 78 79 81 82 83 84 85 87 88 89 92 94 96 99 100 101 101 102 102 102 101 100 99 98 98 100 102 105 107 107 107 108 108 109 108 107 106 105 105 105 105 104 103 101 99 99 99 100 98 96 93 89 87 85 85 86 88 87 84 79 74 69 64 61 59 57 57 58 61 65 67 71 75 78 81 82 83 84 85 85 84 83 82 81 80 78 76 74 74 74 74 75 74 74 73 72 70 68 66 64 62 60 59 58 57 56 57 67 84 101 120 142 165 182 190
40 51 62 70 74 77 79 81 82 83 84 85 86 87 89 91 93 96 98 99 100 101 101 101 100 99 97 95 95 95 97 99 103 105 105 106 107 108 108 107 107 106 106 105 105 105 106 106 104 102 103 104 104 104 101 98 94 92 91 92 93 96 96 95 92 88 82 76 73 70 68 67 68 70 73 75 77 79 80 82 82 83 83 83 83 82 81 79 78 77 75 73 72 72 72 73 73 73 73 72 71 69 68 66 64 62 61 59 58 56 56 60 73 90 106 125 148 170 187 194
36 46 58 66 72 76 79 81 82 83 84 85 86 87 88 90 92 95 97 98 100 100 100 99 98 96 94 92 92 93 95 98 101 103 104 105 106 106 107 107 107 106 106 106 106 107 107 107 106 106 106 108 108 108 106 103 99 97 97 98 101 103 103 102 101 97 92 87 84 81 79 78 77 77 79 80 80 81 82 82 82 82 82 82 81 81 80 78 76 75 73 71 70 70 70 71 72 72 71 70 69 68 67 65 64 62 61 60 58 56 56 62 76 93 110 130 153 176 192 198
34 44 55 63 70 75 78 80 82 83 84 85 86 87 88 89 91 94 96 98 99 99 98 97 96 94 92 91 91 92 95 98 101 102 103 103 104 105 105 106 106 107 107 107 107 107 108 108 108 108 108 109 110 111 109 107 105 104 104 105 107 109 108 107 105 102 97 93 90 88 86 84 83 82 83 82 82 82 82 83 82 82 81 80 79 79 78 77 75 73 71 70 68 68 69 70 70 70 70 69 68 67 66 65 63 62 61 60 58 56 59 70 85 100 116 136 160 181 195 201
30 40 50 59 67 72 77 79 81 83 84 85 86 86 87 88 91 93 95 97 98 98 97 96 94 93 91 90 91 92 95 98 100 101 101 102 102 102 103 103 104 105 106 106 106 106 107 108 108 108 107 108 109 110 111 110 109 108 109 110 112 113 112 111 107 103 99 95 92 90 88 86 84 84 83 83 82 81 81 81 81 81 80 79 78 77 77 76 74 72 70 68 67 67 68 69 69 69 69 68 67 66 65 65 63 62 61 59 58 57 62 76 90 104 121 143 166 186 198 205
27 36 46 55 63 70 75 78 80 82 84 85 86 86 87 88 90 92 94 95 96 97 96 94 92 92 91 90 91 92 93 96 97 98 98 98 99 99 99 99 100 101 103 103 103 104 105 105 105 104 103 103 104 107 109 109 110 110 111 112 113 113 112 110 106 101 97 93 90 88 86 84 83 81 80 80 80 78 78 78 78 78 77 77 76 76 76 75 73 72 70 68 67 67 67 68 68 68 68 68 67 66 65 64 63 61 60 59 57 59 69 84 96 110 128 150 173 191 202 208
25 33 43 52 60 67 72 76 79 82 84 85 86 86 87 88 89 91 93 94 95 96 95 93 91 91 90 90 90 90 91 92 92 92 91 92 92 92 93 93 94 95 97 97 97 98 98 97 97 96 95 95 96 98 101 103 105 107 109 109 109 108 107 104 99 94 90 87 84 82 80 79 77 75 74 75 75 74 73 73 72 72 73 73 74 75 75 74 73 72 70 68 66 66 66 67 68 68 68 67 67 66 65 64 62 61 60 59 57 63 77 92 103 116 136 159 180 195 205 211
25 31 40 48 57 64 70 74 78 81 83 84 86 86 87 87 88 90 91 93 94 95 94 93 91 90 90 90 89 88 87 86 85 83 81 82 82 82 83 84 85 86 86 86 86 88 88 86 86 86 84 83 83 86 89 92 95 98 100 100 99 97 96 92 87 82 79 76 73 71 70 69 68 67 66 68 69 68 67 66 65 66 68 70 72 73 74 74 73 72 70 68 66 66 66 66 67 67 67 67 67 66 65 64 62 61 59 58 58 67 83 96 107 122 143 167 186 199 208 213
24 30 38 45 54 61 67 72 76 79 82 84 85 86 86 86 87 89 91 92 93 94 94 93 92 91 91 90 88 86 83 79 76 74 72 71 71 71 72 73 74 75 76 76 77 78 77 76 75 74 72 70 70 71 73 77 80 84 86 86 84 82 81 77 72 67 64 63 60 59 58 58 58 57 57 61 61 61 60 59 59 61 64 66 69 72 73 73 73 72 70 68 66 65 65 66 66 66 66 66 66 65 64 63 62 61 59 58 61 72 88 101 112 129 152 174 192 204 210 214
23 27 35 42 50 58 65 70 74 78 81 83 84 85 86 86 86 88 90 92 93 93 93 93 92 91 91 90 88 84 80 75 71 69 66 64 62 61 61 62 64 66 69 69 71 70 68 66 64 62 60 59 58 58 60 63 66 68 70 70 69 66 65 61 57 53 51 50 48 47 46 47 47 47 48 53 53 54 53 53 54 56 59 63 67 70 72 73 73 72 71 68 66 65 65 65 65 65 65 66 65 64 63 63 61 60 58 58 64 79 93 104 117 137 161 182 197 206 212 214
23 25 32 38 45 54 62 67 72 76 79 81 83 84 85 85 85 87 89 90 92 92 93 92 92 92 91 90 88 84 79 74 72 69 66 62 58 56 55 54 56 58 61 61 62 61 59 58 56 54 54 53 53 52 53 55 57 58 60 60 59 56 54 51 48 46 44 43 41 40 39 39 39 39 41 44 45 46 47 48 50 53 56 61 66 70 73 74 74 73 70 68 66 64 64 65 64 64 64 64 64 63 62 61 60 58 57 59 70 85 98 108 124 148 172 189 201 208 211 213
22 23 30 37 42 50 58 64 70 74 77 80 82 83 84 85 85 86 88 89 90 91 92 92 92 92 91 90 88 85 82 78 76 73 69 64 60 56 54 52 52 53 54 54 55 54 54 54 54 53 53 53 54 53 52 53 54 56 57 56 55 52 48 47 45 43 42 41 39 38 37 36 36 36 36 38 39 41 43 45 49 53 58 63 68 72 74 75 75 73 70 67 65 64 64 64 63 63 63 62 62 61 61 59 58 57 57 62 75 90 102 114 133 156 177 192 201 206 208 209
23 22 28 35 40 47 55 62 67 71 75 78 81 83 84 84 85 85 86 88 89 90 91 92 92 91 91 91 90 88 87 86 84 82 80 75 70 65 60 57 55 54 54 56 57 57 58 60 61 61 62 62 63 62 61 61 60 60 59 59 57 55 52 52 51 51 49 47 45 44 43 42 41 40 40 38 40 42 46 50 56 62 67 72 75 77 78 78 76 73 70 68 66 64 64 63 62 62 62 61 61 60 60 58 57 56 57 66 82 95 106 120 141 164 182 193 199 202 204 204
22 21 27 36 40 44 52 60 66 69 73 76 80 82 83 84 84 85 86 87 88 89 90 91 91 91 92 92 93 93 94 96 96 95 93 88 81 75 69 64 61 60 60 62 62 63 65 67 68 70 71 72 73 73 72 71 70 69 69 68 67 64 61 61 61 60 58 55 54 52 51 50 48 48 48 46 47 50 54 60 67 74 80 84 86 85 84 82 78 75 72 68 66 64 63 62 61 61 61 61 60 59 58 57 55 55 60 73 87 100 111 127 150 170 184 192 196 196 196 195
22 21 24 34 41 43 49 57 64 68 71 75 78 81 82 83 84 84 84 85 86 88 89 90 91 93 94 95 97 99 102 104 104 104 101 96 90 84 78 73 69 67 66 67 68 69 70 71 74 77 79 80 81 82 81 80 80 80 80 80 78 75 73 71 70 68 66 63 60 58 57 55 54 53 53 53 54 57 62 68 75 82 89 93 93 92 89 85 80 77 73 68 66 64 62 61 60 60 60 60 59 58 57 55 54 57 66 80 94 106 119 137 159 175 184 190 191 189 187 184
22 20 22 31 40 43 47 55 62 66 69 72 76 79 81 82 83 83 83 84 85 86 88 89 90 92 94 97 99 102 105 107 108 107 105 100 96 91 86 81 77 74 72 72 71 72 72 74 78 82 85 87 88 89 89 88 87 87 87 86 85 83 81 79 77 75 72 68 65 62 59 58 57 56 57 57 59 61 65 71 78 85 91 95 96 95 91 87 81 77 73 68 65 63 61 60 60 59 59 59 58 57 55 54 54 60 72 87 101 115 129 147 166 178 183 186 184 181 176 172
22 20 22 27 38 45 47 52 59 65 67 70 74 78 80 81 82 82 82 82 83 85 87 88 89 91 93 97 100 103 105 107 108 107 105 102 98 95 91 86 83 79 76 75 74 73 74 75 78 82 85 89 91 93 92 91 90 89 89 89 88 86 84 82 81 78 74 70 66 62 60 58 58 58 59 60 62 64 68 73 80 85 91 94 95 94 91 87 82 77 72 67 64 62 61 60 59 58 58 57 57 55 54 53 56 67 81 95 107 120 137 155 170 176 178 179 175 170 165 160
21 20 22 25 32 45 49 50 56 64 67 69 73 76 79 80 81 81 81 81 82 83 85 87 88 90 93 96 99 102 103 105 106 106 104 101 99 96 93 90 87 83 79 78 76 75 75 75 76 79 82 85 87 89 89 88 87 86 86 85 85 84 83 80 78 75 72 68 65 62 60 59 58 59 60 61 63 65 69 74 79 84 88 91 92 92 89 86 81 76 70 66 63 61 60 59 58 57 57 56 55 54 52 53 61 76 90 102 112 126 145 160 170 173 171 170 165 160 153 148
21 20 21 24 28 40 49 51 53 61 67 68 71 74 77 79 80 80 80 80 80 81 83 85 87 89 91 94 97 99 101 102 103 103 101 99 97 96 94 91 89 85 82 80 77 76 75 74 74 75 76 78 79 80 80 80 80 79 79 78 77 77 77 75 72 70 68 65 63 61 60 59 58 59 60 62 64 66 69 73 78 82 86 88 89 88 86 83 79 74 69 65 62 60 59 58 57 56 56 54 53 52 50 53 66 80 91 104 116 131 148 160 167 168 165 161 155 149 142 136
20 19 21 24 27 35 48 54 54 59 64 67 69 72 75 77 79 79 79 79 79 79 81 83 85 87 89 91 94 96 97 99 99 99 98 97 95 94 92 91 89 86 83 80 78 76 74 72 71 71 71 71 71 71 71 70 71 70 70 69 68 69 69 68 67 65 64 63 61 59 58 57 58 59 60 62 64 67 70 73 77 80 83 85 85 85 83 80 75 71 67 64 62 60 58 57 56 55 54 53 51 50 49 54 68 81 90 104 118 134 148 157 162 161 157 153 146 139 132 125
20 19 21 24 26 31 43 56 56 58 61 64 68 71 74 76 78 79 79 78 78 77 79 81 83 85 87 89 91 93 94 95 96 96 95 94 93 92 91 90 89 86 83 80 77 75 72 70 68 66 65 64 63 62 61 61 61 60 60 59 59 60 61 61 60 59 59 59 57 56 55 56 58 59 61 63 65 68 70 73 76 79 81 82 82 81 79 76 72 69 66 63 61 59 57 56 55 54 53 51 50 49 49 55 68 79 87 101 118 133 145 153 155 153 149 144 138 130 123 116
20 20 22 24 26 29 37 51 57 57 63 66 66 68 71 74 77 78 78 78 77 77 78 79 81 83 85 87 89 90 91 91 92 92 92 92 91 90 90 89 87 86 83 80 77 74 71 68 65 63 60 58 57 55 54 54 53 53 52 52 52 53 54 54 54 54 55 55 54 54 55 57 58 60 62 63 66 68 71 73 75 77 79 79 80 78 76 72 70 67 64 62 60 58 56 54 54 53 51 49 48 47 48 55 66 76 82 96 114 128 138 145 147 145 141 136 130 123 115 108
20 20 22 24 26 29 34 44 57 59 61 66 67 67 69 72 75 77 78 77 77 77 77 78 80 82 84 86 87 87 88 88 89 89 89 90 89 89 88 87 86 84 82 79 76 73 70 67 64 62 59 57 56 53 52 51 50 49 49 48 48 49 49 50 51 52 53 54 55 56 57 58 59 61 63 64 66 69 71 73 74 76 77 77 77 75 72 69 67 64 62 60 58 56 55 53 52 51 50 48 46 46 49 57 66 73 78 88 108 123 133 139 140 136 131 126 119 112 106 99
20 20 22 24 26 29 33 38 54 59 59 63 66 67 68 70 73 76 77 77 77 77 77 77 79 81 83 85 86 86 85 85 86 86 87 88 87 87 87 86 85 84 81 79 76 73 70 67 65 63 61 59 57 55 54 52 51 50 50 49 50 49 49 50 51 52 54 54 55 57 58 59 61 62 64 66 68 69 71 72 73 74 75 75 74 72 70 68 65 63 60 58 56 55 54 53 51 50 48 47 46 45 48 56 65 70 73 82 101 117 127 132 131 128 122 116 109 103 97 91
20 20 22 24 26 29 32 35 48 60 60 62 66 67 67 68 71 74 76 77 77 77 77 77 78 80 83 84 85 85 84 84 84 84 85 86 86 86 86 86 84 83 82 80 78 75 72 69 66 65 63 61 59 58 57 56 55 54 54 53 53 52 51 52 52 53 54 55 56 57 59 60 62 64 65 67 69 70 72 72 73 73 74 73 72 71 69 66 64 62 60 58 57 55 54 52 50 48 47 46 45 44 47 54 61 65 68 77 94 108 117 122 122 118 114 108 102 96 91 86
20 20 22 24 26 28 31 33 41 56 63 65 68 69 67 67 68 72 74 76 77 77 77 78 78 80 82 84 85 85 85 84 84 84 85 85 86 86 86 85 84 83 82 81 79 77 75 73 70 69 67 66 65 64 63 62 61 60 60 59 59 57 56 55 55 56 56 57 58 59 60 62 64 66 67 68 70 71 72 72 73 73 73 72 71 69 68 66 64 62 60 59 57 55 53 51 49 47 46 45 44 44 46 52 58 61 64 72 87 100 109 114 113 110 105 100 95 90 86 82
20 20 22 24 26 28 31 32 36 49 64 68 69 72 71 67 66 69 72 74 75 76 77 77 78 80 82 85 86 87 87 86 86 86 86 86 87 87 87 86 84 84 83 82 81 79 78 77 75 74 73 72 71 70 69 69 68 66 66 65 65 64 62 61 61 61 61 61 62 63 64 65 66 68 69 70 71 72 73 73 73 73 72 71 70 69 68 66 64 62 61 59 57 55 53 50 48 46 45 44 44 44 46 51 55 58 61 68 82 94 101 105 104 101 97 93 88 85 81 78
19 20 23 25 26 28 30 31 36 46 61 69 70 74 74 70 66 67 69 71 73 74 75 76 78 80 82 85 87 88 89 89 88 88 88 88 88 89 88 88 87 86 86 85 84 83 82 82 82 81 79 78 77 75 75 74 72 71 71 71 71 70 68 68 68 68 68 67 67 67 68 69 70 71 72 72 73 73 73 74 74 73 72 71 70 69 68 67 64 63 61 59 57 55 52 50 47 46 45 44 43 44 46 50 53 56 58 64 77 87 94 97 96 93 90 87 83 80 77 74
20 21 23 24 25 27 29 31 34 41 56 69 74 78 79 73 68 66 67 68 70 71 73 75 77 79 82 85 87 89 91 91 90 90 90 90 91 91 91 91 91 90 90 89 88 87 86 87 87 86 85 83 81 80 79 78 76 76 76 77 77 76 75 75 75 75 74 73 73 72 73 74 74 75 76 75 76 76 76 76 76 75 74 73 71 70 69 67 65 63 61 59 57 54 52 50 48 46 44 43 43 44 46 49 52 55 57 62 73 82 87 90 89 87 84 82 79 77 74 72
21 21 23 24 25 26 27 30 33 39 50 68 78 83 83 78 71 66 65 65 67 69 71 73 75 77 81 83 87 90 92 94 93 94 94 94 95 95 96 96 95 94 93 93 91 90 89 89 90 90 89 87 85 83 81 80 79 79 79 80 81 81 81 81 81 82 81 80 80 79 79 80 80 80 80 80 80 80 79 79 78 77 76 74 72 70 69 67 65 63 61 58 56 53 51 49 47 46 44 43 43 44 46 49 52 54 56 60 69 77 81 84 83 82 80 78 76 74 72 70
21 21 23 24 24 25 27 29 32 37 47 64 80 89 87 82 76 69 64 63 64 66 68 70 72 75 79 82 86 90 93 95 96 97 97 97 99 100 100 100 100 99 97 96 94 93 92 91 91 91 90 89 87 84 82 81 80 80 81 83 84 84 85 86 87 89 89 88 89 88 88 87 86 86 85 84 84 83 83 82 81 79 77 75 73 71 69 67 64 62 60 57 54 52 50 48 47 45 44 44 44 45 47 49 52 53 55 59 66 73 77 80 79 78 77 75 74 72 70 69
22 22 23 24 24 24 27 28 31 37 47 64 83 93 92 86 80 73 66 63 62 63 65 67 69 73 77 81 85 89 93 96 97 99 100 101 102 103 104 104 104 103 102 101 100 98 96 93 92 91 90 88 86 83 82 81 81 81 83 85 86 87 89 91 94 96 96 97 96 96 95 94 92 91 91 89 88 87 86 84 83 80 78 75 73 71 69 66 64 61 59 56 53 50 49 47 46 44 44 44 44 45 47 49 52 53 55 58 64 70 74 76 76 75 74 73 72 70 69 69
23 23 24 24 24 25 27 26 29 38 51 67 86 97 95 90 84 77 69 64 61 61 62 64 67 71 75 79 82 87 92 96 98 99 102 103 104 105 106 107 108 107 106 105 104 101 99 95 92 91 89 87 85 82 81 81 81 82 84 86 88 91 93 95 97 99 100 101 101 101 100 99 98 97 96 92 91 89 88 86 83 81 78 75 72 70 67 64 62 59 57 54 51 49 47 46 44 43 44 44 45 46 47 50 52 53 55 57 63 68 71 73 73 73 72 71 70 69 69 68
23 23 24 25 25 26 27 25 27 37 52 67 85 101 100 94 90 83 74 67 62 60 60 61 64 68 72 76 79 84 90 94 97 99 102 104 105 105 107 107 109 109 107 106 105 103 100 97 94 91 89 87 84 82 81 81 81 82 84 87 89 92 95 97 99 100 102 102 102 102 101 100 100 99 98 95 92 90 89 86 83 79 76 73 71 67 64 61 59 56 54 51 49 47 45 44 43 43 44 45 45 46 48 50 52 53 55 58 63 67 70 70 70 70 69 69 68 68 68 68
24 24 24 25 25 27 25 23 26 37 52 66 83 102 106 99 94 89 81 72 65 60 59 59 62 66 69 73 77 82 88 92 95 98 101 102 103 104 105 107 107 108 107 105 104 103 101 99 96 93 91 88 85 83 82 81 81 82 85 87 90 92 95 97 98 99 101 101 102 101 100 99 99 99 97 95 92 90 88 85 81 77 74 71 68 65 61 58 55 53 51 49 47 45 44 43 43 43 44 45 46 47 48 50 52 53 55 57 60 64 66 68 68 68 68 68 67 67 67 67
24 25 25 26 27 27 24 22 26 38 53 67 84 102 110 104 97 94 88 78 70 62 59 59 60 63 68 72 77 81 86 90 93 96 98 100 101 101 102 103 104 105 104 103 102 102 102 101 100 97 95 92 89 86 84 83 83 85 87 89 91 93 94 96 97 97 99 100 100 99 97 97 97 97 96 94 92 89 86 82 78 75 72 69 66 62 59 55 52 50 48 46 45 44 43 43 43 43 44 45 46 47 48 49 51 53 55 56 57 59 62 64 65 65 66 66 67 67 67 67
25 26 27 29 28 26 23 22 26 39 55 70 89 104 112 108 101 97 95 86 76 66 60 59 59 62 66 71 76 81 85 87 90 93 95 97 97 98 98 99 100 100 100 99 99 101 102 102 102 101 99 96 93 90 87 86 87 88 89 90 92 93 93 93 94 95 96 96 96 95 94 94 94 94 94 92 89 86 83 79 75 72 69 66 63 59 55 52 49 47 46 44 43 42 42 42 43 43 44 45 46 47 48 49 51 53 54 55 56 56 57 58 59 61 62 64 65 65 66 66
27 28 30 31 29 25 22 21 27 41 58 77 93 103 110 112 106 100 96 91 82 71 63 59 59 61 65 70 74 79 82 85 87 90 91 93 94 95 95 95 95 94 94 94 95 96 97 99 101 101 100 97 95 92 90 89 89 91 92 93 93 93 93 92 92 91 91 92 92 92 91 91 92 91 91 89 86 83 79 75 72 69 66 63 59 56 52 49 47 45 44 42 42 42 42 42 43 44 45 45 46 47 48 49 51 52 52 52 52 52 52 53 54 55 58 60 61 63 64 65
30 32 33 32 28 24 21 21 28 43 61 81 96 102 107 112 110 103 100 98 91 79 68 62 59 60 63 67 71 75 78 81 84 87 89 90 91 92 92 91 90 90 90 89 90 91 92 95 98 98 98 96 95 94 92 91 91 93 94 95 94 93 93 91 89 88 88 87 88 88 88 89 89 88 87 86 83 80 76 72 69 67 63 60 57 53 50 47 45 43 42 41 41 41 42 42 43 44 45 46 46 47 48 49 49 49 49 49 49 48 48 48 49 50 52 54 56 58 60 62
32 34 35 32 28 23 21 23 31 46 65 84 98 103 106 111 114 107 102 102 98 87 75 66 60 59 60 62 67 72 74 77 80 84 86 87 88 89 89 89 88 87 87 86 86 86 88 91 94 95 95 94 93 93 93 92 92 93 96 96 95 93 92 90 88 86 85 84 85 85 86 86 86 85 83 83 80 76 73 69 66 63 60 57 54 50 48 45 44 42 41 41 41 41 42 43 44 45 45 46 46 47 48 48 47 46 46 46 45 45 44 44 45 46 47 49 51 53 55 58
34 35 34 31 26 23 24 29 35 50 69 88 99 104 105 109 114 110 105 104 102 95 83 72 63 59 58 59 62 67 70 73 76 79 82 84 84 86 87 87 86 84 84 83 82 82 83 86 89 91 92 91 91 91 92 92 92 93 95 95 94 93 91 89 86 84 83 82 83 84 84 83 83 82 81 80 78 75 71 67 63 60 57 54 51 49 46 44 42 41 41 40 41 41 42 43 44 45 45 46 47 47 47 47 45 44 43 43 42 41 40 41 41 42 43 45 46 48 50 53
35 36 34 30 26 23 26 32 41 55 74 92 102 105 106 108 114 113 105 104 105 101 90 78 68 61 58 57 60 63 66 70 73 76 78 80 82 83 84 85 84 82 81 80 80 80 80 82 84 86 88 88 89 89 89 90 91 92 93 93 92 91 89 87 84 82 81 81 82 83 83 82 81 80 79 78 76 73 70 65 61 57 54 52 49 47 45 43 42 41 40 40 41 42 43 44 45 45 46 46 46 47 47 46 44 42 41 39 37 36 35 36 37 38 40 41 43 44 46 50
37 37 34 30 26 24 29 36 45 60 78 94 103 106 107 107 111 115 109 104 106 106 99 85 73 64 59 57 57 59 62 65 69 72 75 77 79 81 82 82 82 81 79 79 79 78 78 79 80 82 84 86 86 87 87 89 89 89 89 89 88 87 86 84 82 80 80 80 81 82 82 81 80 78 76 75 73 70 66 62 58 54 51 49 47 45 44 42 41 41 40 41 42 43 44 44 45 46 46 46 47 47 47 46 43 41 39 37 34 31 29 29 31 33 35 37 39 41 42 46
38 36 33 29 25 25 32 40 50 65 81 96 104 107 107 106 109 115 113 106 105 107 104 95 81 69 61 56 55 56 57 60 64 67 71 74 76 78 79 80 80 79 78 78 78 78 78 77 77 79 81 82 83 84 85 86 86 86 85 84 84 84 83 81 79 78 78 78 79 79 80 79 78 76 74 72 69 66 63 59 55 51 49 47 45 44 43 42 41 41 41 42 42 43 44 45 46 46 46 46 47 47 47 45 42 40 38 36 32 28 26 25 25 26 29 32 34 36 39 43
38 35 31 27 25 27 35 45 54 69 86 100 105 107 107 106 106 112 116 110 106 108 108 101 89 77 66 58 54 53 53 55 59 62 66 69 72 74 75 77 78 78 77 77 78 78 77 76 76 76 77 78 79 80 82 83 82 82 81 80 80 80 80 78 76 76 76 77 78 78 78 77 75 72 71 69 66 62 60 56 53 49 47 45 43 42 41 41 41 41 41 42 43 44 45 46 46 47 47 47 47 47 46 45 42 40 38 35 32 28 24 23 22 22 24 27 29 32 35 41
38 34 31 27 25 28 38 48 59 72 88 101 106 107 107 106 105 108 115 114 107 108 111 107 95 85 74 62 55 52 50 51 54 57 61 64 67 69 72 73 74 75 75 75 76 77 76 75 74 74 74 75 75 77 78 79 79 78 77 76 76 76 76 74 73 73 74 75 75 76 75 74 72 69 67 65 62 59 56 53 50 48 45 43 42 41 41 41 41 41 42 43 44 45 46 46 46 47 47 47 47 47 47 45 42 40 38 35 32 28 24 21 20 19 21 23 26 28 32 38
37 34 30 27 25 29 39 51 62 74 88 100 106 106 106 105 104 105 111 116 110 105 109 113 105 92 81 70 59 54 49 48 49 52 55 58 62 64 67 69 70 72 72 72 73 74 73 73 73 72 72 72 72 73 73 74 74 74 73 72 72 72 72 71 71 72 73 73 72 72 72 70 68 65 63 61 58 55 52 50 48 46 44 42 41 41 40 40 41 42 43 43 44 45 46 46 47 47 47 47 47 47 46 45 42 39 37 35 32 28 25 22 20 19 19 21 23 25 28 35
36 32 29 26 25 30 40 53 65 76 88 99 105 106 105 105 104 105 108 116 113 106 107 112 110 102 90 78 66 57 50 46 45 47 50 53 56 59 61 64 65 67 67 68 68 69 69 69 69 69 68 68 68 68 69 69 69 69 69 68 68 68 68 68 69 70 71 70 69 68 67 66 63 61 59 56 54 51 50 48 46 44 42 41 41 40 41 41 42 43 43 44 45 46 46 46 47 47 47 47 47 47 46 45 42 40 37 35 32 29 26 23 20 19 19 20 21 22 25 32
34 30 27 25 26 30 40 55 67 76 86 97 104 105 105 104 104 105 107 113 117 110 107 111 111 107 99 88 75 63 54 48 44 43 45 47 50 52 55 58 60 61 62 63 64 64 65 65 65 64 64 64 64 64 64 64 64 64 64 64 64 64 65 66 67 67 67 67 65 65 64 61 59 56 55 53 51 49 48 46 44 43 41 41 40 41 41 42 42 43 44 45 46 46 46 47 47 47 47 47 47 47 46 45 42 40 37 35 32 29 27 24 21 20 19 19 20 21 23 31
33 29 26 25 25 30 40 55 67 75 84 95 102 104 104 104 104 105 106 110 116 114 107 109 113 111 104 97 87 72 60 52 45 42 41 42 43 46 48 51 53 56 56 57 58 59 59 60 60 59 59 58 58 58 58 59 60 60 60 60 60 61 62 62 63 64 64 63 62 61 59 57 54 52 52 50 49 47 46 44 43 42 41 41 41 41 42 43 43 44 45 45 46 47 47 47 47 47 47 47 47 47 46 45 43 40 38 35 33 30 28 25 23 21 20 19 20 20 22 29
32 28 25 24 25 30 39 56 68 75 83 92 99 102 103 103 104 105 106 108 114 117 110 107 112 114 108 101 95 83 69 58 49 43 39 38 39 40 42 44 47 49 50 51 53 53 53 54 54 54 53 53 53 53 53 53 54 55 55 55 55 57 57 58 59 59 60 59 58 56 55 53 51 49 49 48 47 45 44 43 42 42 42 42 42 42 43 43 44 44 45 46 46 47 47 47 47 47 47 47 47 46 46 45 43 40 38 36 33 30 28 26 24 22 20 19 19 20 22 29
31 28 25 25 26 30 39 55 68 74 81 90 98 101 102 102 103 105 106 108 112 118 115 107 109 113 112 107 100 92 79 66 55 47 40 37 36 36 37 39 41 43 44 46 47 47 48 49 49 49 49 48 48 48 48 49 49 50 51 51 51 53 53 54 54 55 55 54 53 52 50 49 48 47 47 46 45 44 42 42 42 42 42 42 43 43 44 44 44 45 46 46 47 47 47 47 47 47 47 47 46 46 46 45 43 41 39 37 34 31 28 27 25 23 21 20 20 21 22 29
32 28 26 25 26 30 37 53 66 72 78 87 95 99 101 102 103 105 107 108 110 117 120 111 108 112 113 110 105 100 90 75 63 53 45 38 35 34 34 35 36 38 39 41 41 42 42 43 44 44 44 44 43 44 44 44 44 45 46 46 47 48 48 49 49 50 50 49 48 47 46 46 45 45 45 44 43 42 42 42 42 43 43 43 44 44 44 45 45 46 46 47 47 47 47 47 47 47 47 46 46 46 45 44 43 41 39 37 35 32 29 28 26 24 22 21 21 22 23 29
30 28 26 25 27 30 38 53 65 71 76 85 93 98 100 101 102 104 106 109 110 115 119 116 109 111 115 113 108 103 97 86 71 60 51 43 37 34 32 32 33 34 36 36 37 37 38 39 39 40 40 40 40 40 40 41 41 41 42 42 43 44 45 45 45 45 45 45 44 43 43 43 43 43 43 42 42 42 42 42 43 44 44 44 44 44 45 45 46 46 46 47 47 47 47 47 47 47 47 46 46 46 45 44 43 41 39 38 36 33 30 28 27 26 25 24 23 22 23 29
29 27 26 26 27 31 41 55 66 71 76 84 92 97 99 101 102 104 107 109 111 116 119 118 112 111 113 114 112 106 102 94 80 66 55 48 40 35 32 31 31 32 33 33 34 34 35 35 36 36 37 37 37 37 37 38 38 38 39 39 40 41 41 41 41 41 41 41 41 41 41 41 41 41 42 42 42 43 43 44 44 45 45 45 45 45 45 46 46 46 46 47 47 47 47 47 47 47 47 46 46 45 45 44 43 42 40 38 36 34 31 28 27 27 26 26 25 24 24 29
29 27 26 26 27 31 41 54 65 70 74 82 90 95 98 101 103 105 107 109 111 115 121 121 115 112 111 112 114 112 105 100 88 74 61 53 45 39 34 32 31 31 31 31 32 32 33 33 34 34 35 35 35 36 36 36 36 37 37 37 37 38 38 38 38 38 38 39 39 39 40 40 41 41 41 42 42 43 44 45 45 45 45 46 46 46 46 46 46 46 46 47 47 47 47 47 47 47 47 46 46 45 45 44 43 42 40 39 37 34 32 29 28 28 28 28 28 26 25 28
