119 119 120 120 120 120 120 120 121 121 122 122 123 123 124 125 126 126 127 129 131 132 134 135 137 139 142 144 147 149 152 154 154 155 156 156 157 158 158 157 156 154 153 152 151 150 149 148 147 146 146 145 145 144 144 144 145 146 146 146 147 148 149 150 151 150 151 152 152 152 153 152 151 151 150 148 146 144 142 140 140 140 139 136 134 131 129 126 124 122 120 118 116 114 113 111 109 109 108 108 108 108 108 108 109 108 107 106 104 104 103 102 100 98 94 92 89 85 81 77
118 119 120 120 121 121 122 122 123 123 124 124 125 126 126 127 128 128 129 130 132 133 135 136 137 140 142 145 147 149 151 154 156 156 157 158 159 159 159 157 156 155 154 153 152 150 149 149 148 147 145 144 143 143 143 144 146 146 146 147 148 149 149 150 151 151 151 153 152 152 152 152 151 151 149 147 145 143 141 140 139 139 138 136 134 132 129 127 125 123 122 120 118 116 114 113 110 110 110 110 110 110 110 109 109 108 107 105 104 103 103 101 100 97 94 92 88 85 81 76
119 120 120 121 121 122 123 124 125 125 126 126 127 129 129 130 131 131 131 132 133 134 135 136 138 140 143 145 147 150 153 155 157 159 160 161 160 161 161 159 158 155 153 152 150 149 149 149 148 146 144 143 143 143 143 144 146 146 147 146 146 147 149 150 151 152 152 153 153 153 153 152 151 150 148 147 145 143 141 140 140 139 139 137 135 133 130 128 126 125 123 120 119 118 115 114 112 111 110 110 110 110 110 109 109 107 106 105 104 103 102 100 99 96 94 91 88 84 80 75
119 120 121 121 122 123 124 125 126 127 128 129 130 131 132 133 133 134 134 134 135 136 136 137 138 140 142 144 147 150 152 155 157 158 159 160 159 159 160 159 157 154 152 150 149 149 149 147 146 143 143 143 142 143 143 144 144 145 146 146 146 147 149 150 152 152 152 152 152 153 152 152 151 150 148 146 145 143 142 141 140 139 139 138 136 134 131 128 127 125 123 121 120 118 116 114 113 111 111 110 110 110 110 109 109 107 106 105 104 103 102 100 98 95 93 90 87 83 79 75
118 120 121 122 123 125 126 127 128 129 129 130 131 133 134 135 135 136 136 136 137 138 138 138 139 140 142 144 147 149 152 154 157 158 158 159 159 159 159 158 156 153 152 151 150 149 148 147 145 143 143 143 142 142 142 142 143 144 145 146 147 147 148 149 150 150 150 151 151 151 151 150 149 148 147 146 145 144 143 141 140 139 139 137 136 134 131 129 127 125 123 122 120 118 117 114 113 112 111 111 110 110 110 109 108 108 107 105 105 103 101 100 97 95 92 90 86 82 78 73
118 120 121 122 124 125 126 127 129 130 131 132 133 134 135 136 137 138 138 138 138 139 139 139 139 140 142 144 146 149 151 153 156 157 158 159 158 158 157 156 155 153 151 150 150 149 148 147 145 144 143 143 142 141 141 141 142 143 145 146 146 147 148 149 149 150 150 150 150 150 150 150 149 148 147 147 146 145 143 142 140 139 138 137 136 134 132 129 128 126 124 122 120 118 117 115 113 112 112 111 111 110 110 110 109 108 107 106 105 103 102 100 97 94 91 89 85 81 76 71
118 119 121 122 123 125 126 128 129 131 132 134 135 135 136 137 138 139 139 139 140 140 139 139 140 140 141 142 145 147 149 151 153 155 157 158 157 157 155 154 153 152 150 148 147 147 147 146 144 144 144 144 143 142 141 141 142 143 145 146 146 148 149 149 149 150 149 149 149 149 150 150 149 148 147 147 146 144 143 142 141 140 139 138 136 134 133 131 129 127 125 123 121 119 117 115 114 113 112 112 112 111 111 110 110 109 108 107 105 104 102 100 97 94 91 88 85 80 76 71
118 119 120 121 123 125 126 128 130 132 133 135 136 136 136 138 138 139 139 140 140 140 139 139 139 140 140 141 144 146 148 149 151 153 155 157 157 156 154 153 152 151 149 148 147 146 145 144 144 144 143 142 142 141 140 141 141 142 143 144 145 146 148 149 149 149 148 148 148 149 149 150 149 148 147 147 146 145 144 143 142 141 140 138 137 135 134 132 130 127 125 123 121 119 117 115 114 114 113 113 113 112 112 111 111 110 109 107 106 104 102 100 97 94 91 87 84 80 75 70
118 119 120 121 123 125 127 129 131 132 133 135 136 137 137 138 139 139 139 139 140 140 140 138 139 139 140 140 141 144 146 147 149 151 153 154 155 155 153 152 150 150 149 148 146 145 145 144 144 144 142 142 141 141 141 141 140 141 142 144 145 146 147 148 149 149 149 148 148 148 149 149 149 148 147 147 146 145 144 143 142 141 140 138 136 135 133 131 129 127 125 122 120 118 117 115 115 114 114 114 114 113 113 113 112 111 110 108 107 105 103 100 98 94 91 88 85 80 76 70
118 119 120 122 124 126 127 129 131 132 134 135 136 137 137 138 139 139 139 139 139 139 139 138 138 138 138 139 140 142 143 145 147 149 150 151 152 153 152 150 148 148 148 147 145 145 144 144 144 143 143 142 141 141 140 140 139 140 141 142 143 144 145 146 147 148 148 148 148 148 149 149 149 148 148 147 146 145 144 143 141 140 138 137 135 133 131 130 128 126 124 122 120 118 116 115 115 114 114 114 115 115 114 114 114 112 111 110 108 105 103 101 98 95 91 88 85 80 76 71
118 119 120 122 124 126 128 130 131 133 134 135 136 136 137 137 138 138 138 138 137 137 136 136 136 136 136 137 138 139 141 142 144 146 147 149 149 150 150 148 145 145 145 145 144 143 142 142 142 142 142 141 140 139 139 138 138 139 139 140 141 141 143 144 146 147 148 149 148 148 149 150 149 148 147 146 146 145 143 141 139 138 136 135 133 131 130 128 126 125 123 121 119 117 115 115 114 114 114 114 115 115 115 115 115 113 112 110 108 106 104 101 99 95 92 89 85 80 76 71
117 119 120 122 124 126 128 130 132 133 134 135 135 136 136 137 137 137 137 136 136 135 134 134 134 134 134 135 136 137 138 139 141 142 144 145 145 146 147 146 144 143 143 142 142 141 140 140 140 140 141 140 139 138 137 136 135 136 136 137 138 139 140 142 144 145 146 147 147 147 148 148 148 147 146 145 144 143 142 140 138 136 134 132 130 128 127 125 124 123 121 119 117 115 114 114 114 114 114 114 115 115 115 115 115 114 112 111 109 106 104 102 99 95 92 88 84 80 75 71
117 119 120 122 124 126 128 129 131 133 134 134 135 135 135 135 135 135 135 134 134 133 132 131 131 131 131 131 132 133 135 136 137 138 140 141 142 142 142 142 142 141 140 140 140 139 138 137 138 138 138 138 136 135 134 133 132 133 133 133 134 135 136 137 139 141 142 144 145 146 146 146 145 144 144 143 141 140 139 137 135 133 130 129 127 125 125 123 122 121 118 117 115 113 112 113 113 113 113 114 114 115 115 115 114 113 112 110 108 106 104 102 98 95 91 87 83 79 75 70
116 118 119 121 123 125 127 128 129 131 132 133 133 133 132 132 133 133 132 132 131 131 129 128 128 128 128 128 128 129 130 132 132 133 135 137 138 138 138 138 138 138 137 137 137 136 135 135 135 135 134 135 134 132 131 130 129 129 129 128 129 130 131 133 135 136 138 140 142 142 143 142 142 141 140 139 138 136 135 133 131 129 127 125 124 123 122 121 119 118 116 114 112 111 110 111 111 112 112 112 113 113 114 114 114 113 112 111 108 106 104 102 98 94 90 86 82 78 74 69
114 116 119 120 122 123 125 127 128 129 130 130 130 130 130 129 129 130 129 129 129 128 126 125 125 124 124 124 125 125 126 127 128 128 130 132 132 133 134 133 134 133 133 134 134 133 132 132 131 131 132 132 130 129 127 126 125 125 125 125 126 126 127 129 130 132 134 136 137 138 138 137 137 137 136 135 133 132 130 129 127 125 123 122 120 119 118 117 116 114 112 110 109 108 108 109 109 110 110 110 111 111 112 113 113 112 111 110 108 106 104 101 98 94 90 85 81 77 73 69
113 115 117 119 121 122 123 124 125 126 127 127 127 127 126 126 126 126 126 126 125 125 123 122 122 121 120 120 120 120 121 121 122 123 125 126 126 127 128 127 127 128 128 129 129 128 128 128 128 128 128 128 127 126 124 122 121 120 121 121 121 121 122 124 125 127 129 131 132 132 132 132 132 132 131 130 128 127 125 124 122 121 119 118 117 116 115 114 112 111 109 107 106 106 106 106 107 107 108 108 108 109 110 111 111 111 110 108 107 105 103 100 97 93 89 84 80 76 72 69
111 113 115 117 119 119 120 121 122 122 123 123 123 123 122 122 122 122 122 122 121 121 120 118 118 117 116 116 116 115 115 116 116 118 119 120 120 120 121 121 121 121 122 122 122 123 123 123 124 124 124 124 123 122 120 118 117 116 117 117 117 117 118 120 121 122 123 125 126 127 126 126 126 126 125 124 123 121 120 118 117 116 115 114 113 112 111 110 109 107 105 105 104 103 103 103 104 105 105 106 106 107 107 108 109 109 108 107 105 103 101 98 95 92 88 83 79 75 71 68
109 110 112 114 115 115 117 117 118 118 118 118 118 118 117 116 116 116 116 116 116 116 115 114 113 112 111 111 111 110 109 109 110 111 112 112 113 114 114 114 114 114 115 116 117 118 118 118 119 119 120 120 118 117 116 115 113 113 113 113 113 114 115 116 117 118 119 120 121 121 120 120 119 119 118 117 116 115 114 112 111 110 109 109 108 108 106 105 104 102 101 101 100 100 100 101 101 102 103 103 103 103 103 104 105 105 105 104 103 100 98 96 93 90 86 82 77 74 71 68
106 108 109 110 111 111 112 112 112 111 111 112 111 111 110 110 109 109 110 110 110 110 110 108 108 106 104 104 104 104 103 103 102 103 105 105 105 106 107 107 107 108 109 110 111 112 112 113 114 114 115 115 114 113 112 111 111 110 110 110 111 111 111 112 113 114 114 114 115 115 114 113 112 112 111 109 108 107 107 105 105 104 103 103 103 103 101 100 99 98 97 97 97 97 97 97 98 99 100 100 99 99 98 99 100 100 100 100 98 97 94 92 90 86 83 79 75 72 69 67
103 105 106 106 107 107 106 105 105 104 104 104 103 103 103 104 103 102 102 103 102 103 102 100 100 98 97 96 97 96 95 94 94 94 96 97 97 98 100 100 101 102 102 103 104 105 107 108 109 110 110 111 110 109 108 108 108 107 107 107 108 108 109 109 109 109 109 109 109 108 107 106 104 104 103 102 100 99 99 98 97 97 97 96 96 96 95 95 94 92 92 92 92 92 92 93 93 94 94 94 93 93 92 92 93 93 94 94 93 92 91 89 86 83 80 77 73 70 68 66
100 101 101 102 102 101 100 99 98 96 96 95 95 94 95 95 95 95 95 94 93 93 93 92 91 89 87 87 88 87 86 85 84 84 86 87 87 88 90 91 93 93 94 96 97 99 100 102 104 105 106 107 106 105 105 105 105 105 105 105 105 105 105 105 105 105 104 103 102 101 100 98 96 96 94 93 92 91 91 90 89 89 89 89 89 89 89 88 87 86 85 86 86 85 86 87 86 87 87 87 86 85 84 85 85 86 86 87 87 87 86 84 83 80 77 74 71 69 67 65
95 96 96 96 95 95 94 92 90 89 87 86 85 84 85 85 85 86 86 85 84 83 83 82 81 80 78 77 78 77 77 77 76 75 76 77 78 79 81 83 84 85 86 88 90 92 94 97 99 100 102 103 102 101 101 101 102 102 102 102 102 103 102 101 101 100 99 97 96 94 92 90 88 87 85 84 83 82 81 80 80 80 80 80 80 81 80 80 79 78 78 78 78 77 78 79 78 78 78 78 78 78 77 77 78 78 79 81 81 82 81 80 78 76 74 71 69 67 65 63
90 90 89 89 88 88 87 84 82 81 79 77 75 74 74 74 75 76 75 74 74 74 73 72 71 70 69 68 69 68 68 68 67 67 68 68 69 70 72 74 74 76 78 80 82 84 87 90 93 95 97 99 98 98 98 98 98 99 100 99 99 99 98 98 97 95 93 92 89 87 84 82 80 78 76 75 73 72 71 69 69 69 69 69 70 70 70 69 70 69 68 69 68 68 68 69 68 69 68 69 69 70 70 70 71 72 73 74 75 76 76 76 74 71 70 68 65 64 63 62
84 83 83 81 80 80 79 76 75 73 72 70 67 65 64 63 64 64 64 64 64 64 63 62 61 60 60 59 60 59 59 60 59 60 60 60 61 62 64 65 65 67 69 72 74 77 80 83 86 89 91 94 94 94 95 95 95 96 97 96 96 96 95 94 92 90 88 86 83 80 77 73 71 69 67 65 63 62 60 58 58 58 57 57 58 59 58 58 59 59 58 59 58 58 58 59 58 59 59 59 61 62 63 63 65 66 66 68 69 70 71 71 69 67 66 64 62 62 61 60
77 77 75 74 73 72 72 69 67 66 64 63 61 59 57 55 55 55 55 56 56 55 53 52 52 51 51 50 51 50 51 51 52 52 52 52 53 55 56 57 58 59 61 64 66 70 73 77 80 83 86 89 90 91 91 92 92 93 93 93 93 92 90 89 87 85 82 80 77 73 69 65 63 60 58 56 54 52 49 48 47 47 46 46 47 47 47 47 48 48 48 49 49 49 49 50 50 50 51 52 53 55 56 57 59 59 59 60 62 64 65 65 64 63 62 61 59 59 59 59
70 69 68 67 66 65 64 62 60 58 57 56 54 53 51 49 48 47 48 48 47 46 45 44 43 43 43 43 44 43 43 43 44 44 45 45 46 48 49 50 51 52 54 57 59 63 67 70 74 77 80 84 85 86 88 89 89 90 89 89 89 88 86 84 82 79 76 73 69 66 62 57 55 52 49 48 46 43 41 39 39 38 37 37 38 38 38 38 39 39 39 40 40 40 41 42 42 43 44 45 47 48 49 50 52 52 53 54 55 57 58 59 59 58 57 57 56 56 57 57
64 63 61 60 58 58 57 56 54 53 52 50 49 48 46 44 43 42 42 42 41 40 39 38 37 37 37 37 37 37 37 37 38 38 39 40 41 42 43 44 45 46 48 51 53 57 60 64 68 71 75 79 80 82 84 86 86 86 86 86 85 84 82 80 77 74 70 66 63 59 55 51 48 45 43 41 39 37 35 33 32 32 31 31 31 31 31 31 32 32 33 33 34 34 35 35 36 37 38 39 41 43 43 44 45 45 47 49 51 52 53 52 51 51 52 52 52 53 54 55
58 57 55 53 53 52 52 51 50 49 48 47 46 45 43 42 41 42 42 39 37 36 35 34 34 33 33 33 33 33 33 34 34 34 35 35 36 37 38 39 40 41 43 45 48 51 54 58 62 66 70 74 76 78 80 81 83 83 83 83 82 80 78 75 72 69 64 61 57 53 49 45 43 40 38 36 35 33 32 30 29 29 28 28 27 27 27 27 28 28 28 28 28 29 30 30 31 32 34 35 36 38 38 38 38 39 41 46 53 49 48 47 46 45 46 46 47 49 50 52
53 51 50 49 49 48 48 47 46 46 45 45 44 43 42 44 42 45 46 40 37 35 34 33 33 33 32 32 32 31 31 31 31 31 32 32 33 33 34 35 36 37 38 40 42 45 49 53 57 61 66 70 72 75 77 79 80 82 81 81 79 77 74 71 67 64 59 55 52 47 44 41 39 37 35 34 33 32 31 30 29 28 28 26 25 24 24 24 24 25 25 25 25 26 27 28 28 28 30 31 33 34 34 35 35 35 37 41 49 47 46 46 45 42 41 42 43 45 48 50
49 47 46 45 44 44 44 43 44 44 44 44 44 43 43 49 47 45 45 42 39 36 35 34 33 32 31 31 31 31 30 30 29 30 30 31 31 32 33 33 34 35 36 37 39 41 44 47 52 56 62 66 70 73 76 79 82 83 82 81 79 76 72 68 64 60 55 51 48 44 41 39 37 35 34 34 34 33 34 33 31 30 28 27 25 24 23 23 24 25 25 25 25 26 27 27 28 29 30 32 33 34 35 35 34 35 38 38 41 43 45 49 47 42 41 40 40 42 44 46
46 44 42 41 41 41 42 42 43 43 44 44 44 43 43 44 48 47 45 46 49 45 42 36 33 32 31 31 30 30 29 29 29 29 30 31 31 31 32 32 33 33 34 35 36 38 40 44 48 53 59 65 71 76 80 84 86 87 87 85 82 78 73 68 63 57 52 48 44 41 38 36 35 34 32 34 40 41 44 46 41 37 32 28 25 25 25 26 26 27 27 28 28 29 30 31 32 33 34 35 35 34 35 35 35 35 35 36 38 40 45 47 44 44 42 40 41 42 41 43
46 43 41 41 41 41 42 43 43 43 44 45 44 44 44 45 49 54 71 75 61 67 64 46 36 33 32 31 31 30 30 29 30 30 30 30 30 31 31 31 31 32 32 33 34 35 37 41 47 53 59 67 74 81 86 91 94 95 95 92 88 82 77 70 63 57 51 46 42 38 36 33 32 31 30 34 44 61 61 55 50 49 43 33 29 28 29 29 30 30 31 32 33 34 34 35 36 37 38 39 39 38 38 38 38 38 37 37 39 39 40 40 41 44 42 42 43 43 43 43
49 45 43 42 42 42 43 44 45 46 48 49 49 49 48 48 49 54 77 92 78 82 72 51 39 35 33 32 31 30 29 28 28 28 28 28 28 29 29 29 29 30 30 31 31 33 35 40 46 54 62 71 80 89 95 100 104 106 106 104 99 91 84 75 67 59 51 45 39 35 32 29 28 27 28 37 46 56 55 53 44 46 47 37 32 31 32 32 33 33 34 35 36 37 38 39 41 42 43 43 43 42 42 42 41 40 40 39 38 39 38 38 38 39 41 43 44 46 46 44
49 45 43 42 42 43 44 47 49 52 52 52 53 54 55 54 55 60 72 86 83 74 61 49 42 40 37 36 33 32 30 28 27 27 26 26 26 26 26 26 27 27 28 29 30 31 34 39 47 56 66 76 87 97 105 111 116 119 119 116 110 101 92 82 71 61 51 42 35 31 28 26 27 27 28 32 34 36 35 37 42 42 38 33 32 31 31 32 34 35 35 36 38 39 41 43 44 45 46 47 46 45 45 44 43 42 41 39 38 38 38 38 38 39 40 42 44 48 50 48
53 49 48 48 48 50 53 55 57 58 59 59 60 61 62 61 61 63 69 84 82 68 57 50 45 43 41 40 37 35 34 32 31 30 29 28 27 25 25 25 25 26 26 27 29 31 34 39 47 58 70 81 93 104 114 123 129 132 131 127 120 111 100 88 75 62 49 39 34 31 29 28 29 29 29 29 29 32 33 31 33 37 35 30 29 30 31 32 34 36 36 38 40 42 43 44 46 47 48 48 48 47 47 46 44 43 42 40 39 39 39 39 39 40 40 42 44 47 50 50
60 56 54 53 52 54 56 58 59 59 60 61 62 62 62 61 61 61 64 75 72 60 55 52 48 46 43 40 37 35 33 32 31 30 30 29 29 28 28 28 28 28 28 29 31 32 35 40 48 59 71 84 95 107 119 129 137 140 138 133 126 116 104 91 76 61 48 40 36 34 32 32 32 31 30 29 29 32 37 32 29 29 29 29 29 30 30 31 33 35 37 38 40 42 42 43 44 46 47 47 47 47 47 46 44 43 43 42 41 40 40 40 40 41 42 43 45 48 49 49
65 61 59 57 56 56 56 57 57 57 57 58 58 57 57 57 57 58 58 58 57 55 52 50 48 45 42 39 36 34 33 32 31 31 30 29 28 29 29 30 31 32 34 36 37 37 37 41 49 57 69 83 96 108 118 127 133 134 131 126 118 110 98 86 73 58 50 44 39 37 36 35 33 32 31 30 30 31 34 31 29 28 28 28 28 29 29 30 32 33 35 37 37 38 39 40 40 41 43 43 44 44 44 44 44 43 43 42 42 41 41 41 42 42 43 45 47 49 50 50
72 68 65 62 61 59 58 57 56 54 53 52 51 49 49 50 50 52 52 52 49 47 46 44 42 39 36 34 34 33 32 32 31 31 30 29 28 28 29 31 33 36 38 41 44 46 44 42 46 51 61 74 87 95 101 105 107 104 100 95 88 84 75 69 63 54 48 44 42 41 40 39 36 35 34 33 32 30 29 29 28 27 28 28 28 29 29 29 29 30 32 33 33 33 33 35 35 36 37 37 38 40 40 41 41 41 42 42 42 42 42 43 43 44 45 46 48 50 51 51
78 75 71 68 65 62 59 56 52 49 47 44 43 42 42 43 44 45 46 45 43 40 38 36 34 31 30 29 30 29 30 31 31 31 30 28 28 27 29 31 35 40 46 49 53 55 53 45 39 40 47 57 74 85 90 83 71 66 64 62 58 55 51 49 45 42 42 42 43 44 44 43 41 39 38 37 35 32 31 30 29 28 29 30 30 31 29 28 27 26 26 26 26 27 28 29 30 31 32 32 33 34 34 35 36 37 39 40 42 43 44 45 46 47 47 48 50 51 52 53
84 81 79 75 71 66 60 55 50 46 42 40 39 38 38 38 39 39 40 40 37 34 31 29 28 26 26 26 27 28 30 32 33 33 33 33 32 31 34 37 41 48 55 60 63 64 60 49 39 37 38 49 62 74 81 72 60 57 56 55 53 49 46 42 37 34 34 38 44 48 50 50 49 47 46 45 44 40 38 37 35 34 33 33 34 35 33 30 28 26 24 23 23 23 24 26 26 27 28 28 29 29 29 30 31 32 35 38 40 43 45 47 48 49 50 51 52 53 54 55
88 88 85 81 77 71 64 58 53 48 44 41 40 38 36 36 36 36 36 36 34 32 29 27 26 26 27 27 28 31 33 35 37 38 39 41 42 44 48 52 57 62 67 70 72 71 63 51 43 41 42 48 53 57 67 73 68 68 68 66 65 60 55 48 40 35 33 35 42 49 54 57 57 57 58 59 59 57 56 54 50 47 45 43 43 42 39 36 32 28 26 24 23 23 24 25 26 26 27 27 28 29 29 28 29 31 33 36 39 43 46 49 51 53 54 56 56 57 58 59
91 93 91 88 84 77 72 67 63 58 52 48 45 42 39 37 36 36 37 37 36 35 33 31 30 31 32 33 34 37 40 41 43 45 47 49 54 59 65 71 75 78 79 80 79 73 63 50 42 41 42 46 53 62 75 87 92 96 98 95 92 83 74 62 49 42 37 36 40 48 56 60 64 66 68 71 73 77 78 76 71 65 60 56 53 51 48 43 39 35 31 28 26 26 27 27 28 28 29 30 30 31 31 31 32 34 36 38 42 45 49 53 56 59 60 61 62 62 64 65
94 97 97 95 92 88 85 82 78 71 65 60 55 50 46 43 41 40 41 42 41 40 38 37 38 40 41 42 42 45 47 48 49 51 53 56 61 68 75 82 87 90 89 87 83 73 59 48 40 38 42 51 64 80 94 107 121 130 132 129 122 113 101 85 66 51 42 39 39 44 52 59 65 70 74 77 81 85 87 84 79 73 66 62 59 57 54 52 47 44 40 36 34 34 33 32 33 33 34 34 34 35 35 35 37 40 43 46 49 52 56 59 62 65 66 68 68 68 70 71
98 103 106 104 103 101 99 96 92 85 78 71 64 58 53 50 47 46 47 47 47 47 46 45 48 51 51 51 50 51 51 51 52 53 56 60 66 74 81 87 91 93 92 87 79 66 54 44 37 39 47 62 79 96 111 126 142 154 156 151 143 133 122 106 84 64 49 43 40 40 43 50 61 69 76 79 82 85 86 83 79 73 67 64 61 59 57 55 53 50 49 46 43 42 41 40 40 39 40 40 39 39 40 41 44 47 52 56 59 63 65 68 69 71 72 74 74 73 74 77
99 107 111 112 113 111 109 107 103 96 89 80 72 66 61 57 54 52 52 52 52 52 52 52 55 57 54 54 55 55 53 52 53 55 58 63 68 75 81 86 89 91 88 80 69 57 48 40 36 42 56 75 93 109 125 142 159 169 170 163 153 143 131 115 94 70 53 43 39 37 36 40 53 66 74 78 80 81 81 79 75 70 65 62 59 57 55 53 52 51 51 50 48 47 47 46 46 45 45 45 44 44 45 46 50 55 61 66 70 74 76 77 78 77 77 79 78 78 79 81
99 108 115 117 118 117 115 113 109 102 95 87 79 72 67 64 61 58 57 57 57 56 55 56 57 58 57 57 58 58 57 57 57 59 61 65 69 74 79 83 87 89 85 72 59 48 42 36 36 45 62 81 100 116 131 147 162 172 173 167 158 149 138 124 105 79 58 44 38 35 33 37 47 61 71 76 77 77 76 75 72 69 66 62 59 57 55 53 51 51 51 52 51 50 50 50 50 50 50 50 49 50 51 52 56 62 67 74 80 83 85 86 85 83 81 82 81 82 83 85
99 109 117 120 120 118 116 114 110 105 99 92 85 78 73 70 67 65 63 62 61 60 60 60 60 61 61 62 62 62 63 64 64 64 66 69 73 75 80 84 89 91 85 70 56 44 38 34 36 47 65 87 105 120 132 146 159 169 171 166 159 151 141 130 113 88 63 47 39 35 34 37 46 57 69 76 78 77 77 76 74 72 69 65 62 60 58 56 54 53 53 54 54 53 53 53 53 54 54 55 55 55 57 59 62 66 72 78 84 88 90 91 89 87 85 84 84 85 86 87
100 110 117 119 119 117 115 113 110 106 101 95 89 83 79 76 74 71 69 68 67 66 65 65 66 67 68 68 67 69 71 72 71 72 73 76 80 82 86 90 94 96 90 75 59 47 40 35 38 51 71 92 109 122 133 146 159 169 172 167 160 152 143 132 117 95 69 50 42 38 37 41 48 58 68 77 80 81 81 80 78 76 74 70 67 65 63 61 59 58 57 57 57 57 56 56 56 57 59 60 60 61 63 65 68 71 76 80 85 89 92 93 92 90 88 86 86 86 87 88
97 106 112 116 117 116 113 111 108 106 102 98 94 89 86 84 81 77 76 74 73 72 72 73 74 75 76 76 75 77 80 82 82 81 82 85 87 90 93 96 99 101 98 87 69 56 47 41 44 58 76 96 112 124 135 146 159 169 171 168 161 153 143 132 118 101 77 57 49 44 43 47 52 60 69 78 83 86 86 85 83 81 79 76 74 72 69 67 66 64 63 63 63 63 62 61 61 62 64 65 66 68 70 72 74 77 81 83 86 89 91 92 92 91 89 89 89 88 88 89
94 101 107 112 114 114 112 110 108 107 105 103 100 97 95 92 89 85 84 82 82 82 83 84 86 87 88 86 86 88 90 92 92 90 91 93 95 97 100 102 104 105 104 97 82 68 57 51 54 66 81 100 114 125 135 146 157 167 170 168 161 153 143 131 118 104 86 67 57 51 50 53 57 64 72 80 87 90 92 91 89 87 85 83 81 79 77 75 74 73 72 71 71 71 70 68 68 70 71 73 74 76 78 79 81 84 86 88 90 91 92 92 92 91 90 91 91 90 90 90
90 96 103 110 112 113 112 111 110 109 109 108 106 104 102 101 99 96 94 94 93 95 97 99 100 100 100 98 98 99 100 101 101 99 99 101 101 103 105 107 108 108 106 101 89 77 66 61 65 76 90 104 116 125 135 145 155 165 169 167 161 152 142 130 118 106 93 78 67 59 57 59 64 70 77 84 89 94 97 97 96 94 92 90 87 86 85 83 83 83 82 82 81 81 80 78 78 79 80 81 81 83 85 86 88 90 92 93 94 94 94 93 92 92 91 92 92 91 92 91
86 93 102 108 110 112 113 113 113 113 112 112 112 110 109 108 108 107 106 106 106 108 110 111 111 111 111 108 107 107 107 108 107 106 106 107 107 108 110 111 110 109 108 103 94 83 75 72 76 85 96 108 118 127 136 145 154 162 167 165 160 152 141 129 116 106 95 84 74 67 65 68 72 78 83 88 93 98 101 103 102 100 99 97 95 94 93 92 92 91 91 91 91 91 90 88 87 88 89 89 89 91 92 93 95 96 97 98 98 98 97 95 94 93 93 93 94 94 94 93
86 94 101 105 109 113 115 116 116 116 116 116 116 115 114 114 115 115 115 115 116 118 119 120 120 119 118 116 114 113 113 112 112 112 112 112 113 114 115 114 113 111 109 105 98 89 82 81 87 94 102 111 119 127 135 144 153 161 165 164 158 149 139 128 116 105 97 88 80 74 72 75 79 84 88 92 96 100 105 107 107 106 105 103 102 102 102 100 99 99 99 99 99 99 98 97 96 96 97 97 96 98 99 100 100 101 102 102 101 101 100 99 97 95 95 95 96 97 97 94
92 96 100 105 111 116 118 118 119 119 119 120 119 119 119 119 121 121 122 123 123 125 126 126 125 124 123 122 120 118 117 117 117 116 116 117 118 119 119 118 116 114 111 108 102 94 89 90 95 101 106 113 119 126 134 143 152 159 162 161 156 147 137 127 116 106 97 90 84 79 77 79 82 87 91 94 97 102 106 110 111 111 110 109 108 108 107 106 106 105 105 105 105 106 105 105 104 104 104 104 103 104 104 105 105 105 105 104 104 103 103 102 100 98 97 97 97 97 96 95
97 99 102 107 113 118 120 121 121 122 122 122 123 122 123 124 126 127 129 129 129 129 130 129 127 126 126 125 124 122 121 121 121 121 121 121 122 122 122 120 118 116 113 110 104 97 95 98 102 107 110 115 120 125 133 142 150 156 159 157 152 143 135 125 114 105 97 91 86 82 80 82 86 89 92 95 99 103 107 111 113 113 114 114 114 113 112 111 110 109 109 109 110 111 111 111 111 110 110 110 109 109 109 108 108 108 108 107 105 105 104 103 101 99 98 97 96 96 96 95
103 103 105 110 115 119 122 124 124 124 124 125 126 127 128 129 131 133 134 134 133 132 131 130 130 129 128 128 128 127 126 126 126 126 126 126 127 126 125 123 121 118 115 111 104 99 100 103 107 110 113 116 120 126 132 140 148 154 157 154 148 140 132 123 113 104 96 91 87 84 82 84 89 92 94 97 100 104 109 113 115 116 117 118 119 119 117 115 114 113 112 112 113 114 114 114 115 115 114 114 114 113 112 111 111 110 109 107 106 105 103 102 101 100 99 97 97 96 95 93
111 109 111 114 118 120 123 125 126 127 127 128 129 131 133 134 136 137 138 137 136 135 134 133 133 133 133 133 133 132 131 131 131 131 132 132 132 131 129 126 123 120 116 109 103 101 104 107 110 113 114 117 121 125 132 139 147 153 156 155 149 140 131 122 112 103 95 90 88 86 83 84 88 92 95 97 101 105 110 113 116 117 119 121 123 123 122 120 118 116 115 115 116 117 116 116 117 118 118 118 117 116 115 114 112 111 109 107 105 103 102 101 100 99 98 97 96 94 92 91
116 114 116 117 119 121 124 125 126 127 128 129 131 134 136 138 139 140 141 140 139 139 139 138 138 138 140 139 138 137 137 136 136 136 136 135 135 133 131 128 125 120 113 105 100 102 106 109 112 114 115 117 121 126 133 139 146 153 156 155 150 141 131 121 112 103 96 90 88 87 86 83 81 84 90 94 99 104 109 112 115 118 120 122 124 125 125 124 122 120 118 118 119 119 119 118 118 119 119 119 118 117 116 114 112 110 107 105 103 101 100 99 98 98 97 96 94 93 91 88
118 115 116 118 119 120 123 125 126 128 129 129 131 134 137 139 140 141 140 141 142 143 142 142 142 142 142 142 142 141 140 139 139 138 138 137 135 133 130 127 121 113 105 98 98 103 107 111 114 115 116 118 122 127 134 141 148 153 156 155 150 142 131 121 112 103 95 90 87 87 86 85 81 79 81 85 91 98 103 109 113 117 120 122 124 124 124 124 123 122 121 121 122 122 121 121 119 119 119 120 119 118 116 114 112 110 107 105 102 101 99 98 97 97 96 94 93 91 89 85
119 116 114 115 115 116 118 122 124 125 126 127 128 130 135 138 139 140 141 141 142 143 143 143 142 143 142 142 143 143 143 143 141 141 140 137 134 131 126 121 112 104 97 95 99 103 107 111 113 114 117 119 122 128 134 142 149 154 156 155 151 143 132 121 111 103 95 89 86 85 85 85 84 82 79 79 83 88 95 102 108 112 116 120 122 123 124 125 125 125 126 125 126 126 125 125 124 123 123 122 122 121 119 116 113 111 108 106 103 100 98 97 96 95 94 93 92 90 87 84
120 117 114 112 111 111 113 116 119 120 122 123 124 126 130 133 135 137 139 139 140 141 141 141 140 142 142 142 143 144 146 145 143 141 139 134 131 126 118 110 102 96 93 94 97 102 107 110 112 113 116 119 122 128 135 142 149 154 157 156 152 144 133 122 112 103 95 88 84 83 83 83 83 83 81 80 80 83 88 95 102 107 112 117 121 123 125 127 128 129 130 130 130 130 129 129 128 128 126 125 123 121 120 117 115 112 109 105 102 100 98 96 95 93 93 92 90 88 86 83
120 117 114 111 109 109 111 113 115 116 119 121 123 125 126 128 132 135 138 140 140 141 143 144 144 144 145 145 146 146 145 145 141 138 134 129 123 115 107 99 93 90 90 92 95 100 105 107 109 111 115 118 123 128 136 143 149 154 156 156 152 144 134 123 112 103 95 87 83 81 81 81 81 81 80 79 79 81 85 90 97 103 109 115 119 122 124 126 127 129 131 131 132 131 131 131 130 129 127 126 123 121 119 117 115 112 109 106 103 100 97 96 94 93 92 91 89 87 84 81
118 116 113 110 109 108 109 110 112 114 116 118 120 123 124 126 129 132 135 139 141 142 143 145 145 145 146 145 145 144 142 141 137 132 127 121 113 105 99 93 89 88 89 91 94 98 102 105 106 109 114 118 123 129 136 144 151 156 157 157 153 145 134 123 112 103 94 86 81 78 78 78 78 77 76 76 78 81 86 91 96 103 109 113 117 121 123 126 127 128 130 131 132 132 132 132 131 130 128 127 124 121 119 117 115 113 111 108 105 101 98 96 94 93 92 90 88 85 83 79
117 115 112 109 108 107 106 107 109 111 113 115 118 121 124 127 129 131 134 137 139 141 141 142 143 143 143 144 143 141 140 137 134 127 120 114 107 102 97 94 91 89 88 89 92 95 99 102 104 107 112 117 122 129 137 145 153 158 159 158 154 146 136 125 114 104 95 86 80 76 76 76 76 73 72 72 76 81 88 94 101 108 112 116 120 122 125 128 130 131 132 133 134 134 133 132 132 130 129 127 126 124 122 119 117 116 114 111 108 105 102 99 97 95 93 91 88 84 81 78
116 115 113 110 109 109 107 108 109 112 115 117 119 122 126 129 131 133 137 139 140 140 141 142 143 144 143 143 142 141 139 136 132 126 120 115 110 106 101 97 93 90 87 87 90 94 98 100 103 107 111 117 123 130 137 146 155 161 162 160 155 148 138 126 115 105 95 87 79 75 75 75 74 71 68 68 72 79 87 95 103 112 118 123 128 129 131 133 135 137 138 138 139 138 136 135 134 133 131 130 129 127 126 124 122 121 118 116 113 110 107 104 101 99 97 94 90 85 81 78
116 115 114 113 112 113 113 113 115 118 120 123 126 128 131 134 135 138 141 143 144 145 145 146 146 147 147 145 144 142 140 137 133 129 125 120 115 110 104 99 94 89 87 87 90 95 98 100 103 106 111 117 124 131 139 148 159 167 168 165 159 151 140 128 117 106 97 87 80 75 75 75 74 70 67 66 70 77 86 95 104 113 120 127 132 136 138 140 143 143 144 145 145 144 142 141 140 139 138 136 134 132 131 129 127 125 123 121 117 114 111 108 105 102 100 97 92 88 83 79
114 115 115 116 116 117 118 120 123 124 126 130 134 137 140 142 145 148 150 152 154 154 153 152 152 151 151 149 147 144 142 138 135 132 127 121 116 110 105 99 92 88 87 89 93 97 99 101 104 107 112 119 125 132 141 152 164 174 174 169 162 152 141 129 118 108 98 88 80 77 77 77 75 71 68 66 69 75 85 94 103 112 120 127 133 138 141 144 147 148 149 148 149 149 148 148 147 147 145 142 138 136 135 134 132 130 127 124 121 116 114 111 108 104 102 99 95 91 86 80
113 114 116 117 119 120 122 125 129 131 133 137 141 144 147 150 154 156 158 159 160 160 159 157 155 154 153 150 148 146 142 138 133 130 125 119 114 108 102 96 89 87 89 93 97 100 101 102 105 109 114 120 126 134 143 155 169 179 178 171 162 153 141 129 118 107 98 88 81 79 80 80 78 75 71 67 68 73 82 92 102 111 119 127 134 139 143 146 148 149 150 150 151 152 153 152 151 150 147 144 142 139 137 135 134 132 129 127 123 119 116 113 110 107 104 101 98 93 88 83
112 114 116 118 120 121 124 127 131 134 137 140 145 148 151 153 156 159 161 161 163 163 161 159 156 153 152 151 148 144 139 134 130 125 121 116 111 105 99 93 88 88 92 97 100 101 102 104 106 109 115 121 127 135 144 156 169 177 176 168 160 151 142 129 117 107 97 89 83 81 83 83 81 78 74 70 69 73 80 90 100 109 117 125 132 139 143 145 147 148 150 151 152 153 154 153 152 150 147 145 142 140 137 135 133 131 129 126 123 119 116 113 110 108 106 103 99 95 89 84
110 113 115 118 120 122 124 128 132 135 138 141 145 149 152 154 156 158 160 161 162 162 160 157 154 152 151 150 145 140 136 130 125 121 117 112 108 102 96 90 88 91 96 99 101 103 105 106 107 110 114 120 126 133 142 153 163 169 169 162 156 148 139 127 116 107 98 90 84 84 86 86 84 82 79 73 69 71 78 87 97 106 115 123 129 136 141 143 145 147 149 149 151 152 153 152 151 149 147 145 142 139 137 135 131 129 126 124 121 118 114 111 108 106 104 102 99 95 90 86
109 111 114 117 119 122 126 128 131 135 139 141 144 148 151 153 155 156 157 158 157 157 155 153 150 149 147 145 142 137 132 126 121 116 112 108 103 98 92 88 89 94 99 102 104 106 107 107 107 109 113 118 124 131 139 148 156 160 159 154 149 143 135 126 116 107 98 91 85 85 87 88 87 85 82 77 72 70 76 84 94 104 112 120 126 132 137 141 143 145 146 147 149 150 151 151 150 148 146 144 142 139 136 133 130 127 124 122 119 116 112 109 106 104 102 100 98 95 90 86
108 110 113 116 119 122 126 128 130 134 138 141 143 145 148 151 153 153 154 154 153 152 151 150 148 146 144 141 138 133 128 122 117 113 108 104 99 93 89 88 91 97 102 106 108 108 108 107 106 108 112 116 122 128 136 142 147 150 148 145 141 135 129 122 113 104 96 89 85 85 87 89 89 88 86 81 74 71 75 83 92 102 110 118 124 128 133 137 140 142 143 145 147 147 148 148 147 146 144 142 140 137 134 131 128 125 123 120 117 114 111 108 105 102 100 97 95 92 89 85
107 109 112 114 117 120 124 127 129 133 136 139 142 144 146 149 151 150 151 151 151 149 148 148 147 145 141 137 133 129 125 119 114 109 105 101 95 90 87 88 93 98 104 109 110 109 107 106 104 106 110 113 118 124 130 135 138 140 139 137 133 127 123 117 108 100 93 88 84 85 87 88 89 89 88 83 76 72 75 82 91 100 108 116 122 126 130 133 137 140 142 143 144 145 144 144 143 143 142 140 138 135 132 130 127 124 122 118 116 113 109 107 103 101 98 95 92 89 86 83
105 108 110 112 115 119 122 126 129 131 134 137 141 142 144 146 148 148 148 148 149 149 148 147 146 143 139 134 129 125 121 116 111 107 102 98 93 87 85 88 92 98 103 107 107 106 104 102 101 103 106 109 113 118 124 128 131 132 131 129 126 121 117 111 103 96 90 84 82 83 84 87 87 88 87 83 77 72 73 80 88 97 105 113 119 124 128 130 133 137 139 141 141 142 142 141 140 140 139 137 135 133 131 128 125 122 120 117 114 110 108 105 102 99 96 93 91 87 84 80
103 106 108 110 113 117 121 125 128 130 132 134 137 140 142 143 144 145 144 144 145 146 146 145 144 142 137 132 127 122 118 113 108 104 99 95 90 85 84 86 89 93 96 99 100 98 97 96 94 97 100 103 107 111 116 120 123 123 123 121 119 114 109 104 97 90 85 80 77 78 80 81 82 82 81 79 74 70 71 77 86 94 102 110 116 122 125 128 131 133 136 138 139 139 140 139 138 137 136 135 134 131 129 127 123 120 118 115 112 109 106 103 100 98 95 92 89 86 83 79
102 104 106 109 112 115 119 123 127 129 130 131 133 137 139 140 141 141 142 141 142 143 144 142 140 137 133 130 125 120 115 110 105 101 96 92 87 84 83 83 84 85 85 85 85 84 84 84 83 89 93 96 100 104 108 111 114 114 114 113 111 106 102 96 90 83 78 73 71 71 71 72 73 73 72 71 69 65 66 73 82 90 99 106 113 119 123 126 128 131 133 135 136 137 138 136 135 135 134 133 132 129 127 124 121 119 116 114 110 107 104 101 98 96 93 90 88 84 81 77
101 103 106 108 111 114 117 121 125 128 130 130 131 133 136 137 139 139 139 138 138 139 139 138 136 133 129 126 122 117 112 107 103 99 94 90 87 84 83 80 78 76 73 69 66 63 65 68 69 77 82 86 91 95 98 101 104 104 104 103 101 97 93 87 81 75 71 66 62 61 59 59 60 61 61 61 61 59 61 68 78 87 95 103 109 115 120 124 126 128 130 132 133 134 134 134 134 132 131 131 129 127 124 122 119 117 115 112 109 106 103 100 97 95 92 89 86 83 80 76
99 102 104 107 110 113 116 119 123 126 128 129 130 131 133 134 136 136 136 136 135 134 133 132 130 128 125 122 118 114 109 105 101 97 93 89 87 87 84 80 74 69 63 56 50 47 47 50 53 63 70 75 80 85 88 91 92 93 93 93 90 87 83 78 72 67 62 56 51 49 46 46 46 47 48 51 53 53 56 64 74 84 92 99 106 112 117 121 123 126 127 128 130 131 132 131 131 131 129 129 127 125 122 120 118 116 114 111 107 104 101 98 95 93 91 88 85 82 79 75
98 100 103 105 108 112 115 118 121 124 126 128 129 130 131 132 133 134 133 133 132 130 129 128 126 124 122 119 115 111 107 102 98 94 91 90 89 90 88 82 75 67 59 52 45 41 39 38 40 47 56 63 69 74 77 80 81 82 81 81 79 76 73 69 63 58 52 46 41 38 35 34 35 37 39 43 47 49 53 60 71 81 89 96 103 109 114 118 120 123 124 126 127 128 128 128 129 128 127 126 125 123 121 118 116 113 112 109 106 103 99 96 93 92 89 86 84 81 77 73
96 99 102 105 108 111 114 117 120 122 124 126 128 129 129 130 130 131 131 130 129 127 125 124 123 121 118 116 112 108 104 100 96 93 91 90 91 94 94 89 81 72 62 54 48 42 37 35 36 37 43 51 59 64 67 69 70 70 70 69 67 65 63 59 54 48 43 38 34 32 29 28 29 32 35 40 44 48 51 59 69 80 88 95 101 106 110 114 117 120 121 123 124 125 126 126 126 125 125 124 122 120 118 116 114 111 109 107 105 102 98 95 92 90 87 85 82 79 76 72
95 98 101 104 107 110 112 115 118 121 122 124 127 128 128 128 128 128 129 127 126 124 122 121 119 117 115 112 108 104 101 98 95 93 91 92 95 99 100 97 90 80 71 62 55 49 43 38 37 33 37 43 49 55 58 59 60 59 59 58 57 55 53 50 46 41 37 33 30 28 27 27 29 32 35 40 45 48 52 59 70 81 90 96 101 105 109 111 114 117 119 120 121 122 123 123 123 123 122 121 119 118 117 115 112 110 107 105 103 100 97 94 91 88 86 83 81 77 74 71
94 97 99 102 105 108 111 114 117 119 121 122 124 125 126 125 125 125 126 126 125 123 121 119 116 114 111 108 105 102 99 97 95 94 95 96 99 103 106 105 99 89 79 70 63 58 52 48 45 38 39 41 45 49 51 51 51 51 50 49 48 46 45 42 40 37 34 32 30 29 30 30 32 34 38 42 46 50 55 63 73 84 93 98 102 105 107 109 112 114 116 118 119 120 120 121 121 120 119 118 117 116 115 113 110 108 106 103 101 98 95 93 90 87 84 81 79 76 73 69
93 96 98 101 104 107 110 112 115 117 119 120 122 123 124 124 124 124 124 125 124 122 119 117 114 111 108 106 103 100 98 96 96 96 99 101 104 108 111 111 106 98 87 78 71 66 62 60 58 51 50 48 47 47 47 47 46 45 43 43 42 41 40 39 38 36 34 33 33 33 34 34 36 38 41 44 49 55 61 69 79 89 96 100 103 105 106 107 109 110 113 114 115 117 118 119 119 117 116 116 116 114 113 111 109 107 104 102 99 97 94 91 88 85 82 80 77 75 72 68
93 95 97 100 103 106 109 112 114 116 118 119 120 122 123 123 123 123 123 123 122 120 118 115 112 109 106 104 101 100 98 97 97 99 103 106 109 112 114 114 111 105 97 88 81 77 75 73 71 65 62 59 54 50 47 45 43 42 40 39 38 38 38 37 37 35 35 36 37 37 38 38 39 41 44 48 54 61 68 76 85 94 101 103 104 104 105 105 106 108 110 111 113 115 116 116 116 115 115 116 115 114 112 110 107 105 102 100 97 94 92 89 86 84 81 78 76 73 70 66
92 94 97 99 102 105 108 111 113 115 117 118 119 120 121 122 123 122 121 121 120 118 116 113 110 106 104 102 101 100 99 100 102 104 108 111 114 115 116 115 114 109 104 97 91 86 84 83 80 74 72 68 62 57 52 47 44 41 39 38 37 37 37 36 36 36 37 38 40 40 41 41 43 45 49 54 60 69 76 84 93 102 107 107 105 104 104 104 104 106 108 109 111 113 114 113 113 114 114 114 114 112 110 108 106 103 100 98 95 92 90 87 85 82 79 76 74 71 68 65
92 93 95 98 100 104 106 109 111 114 115 117 118 119 120 121 122 122 121 119 118 116 114 111 108 105 102 102 101 100 100 102 106 110 113 116 117 117 116 116 114 111 107 102 98 93 91 89 86 81 78 73 69 64 59 54 49 44 42 40 39 38 38 37 38 39 39 40 41 42 44 46 48 52 57 63 69 78 86 94 102 108 111 110 108 105 103 103 103 105 106 107 109 110 111 111 112 112 112 112 111 110 108 106 104 101 98 96 93 91 88 86 83 81 78 75 72 69 66 63
91 93 94 96 99 101 104 107 109 112 113 115 116 117 118 119 121 121 120 118 116 114 112 109 107 105 103 102 101 101 103 106 110 113 117 119 119 118 117 116 114 112 109 104 102 99 97 94 90 85 81 76 72 69 67 63 57 51 47 45 43 42 40 41 41 41 41 42 43 45 48 52 56 60 66 71 78 87 94 102 108 112 114 113 110 106 103 102 102 103 105 106 107 109 110 110 110 109 109 109 108 107 105 103 101 98 96 94 91 89 86 83 81 78 76 73 70 67 65 62
90 92 94 95 97 100 102 104 107 109 111 113 115 116 117 117 118 118 118 117 115 113 111 109 107 105 103 102 101 102 105 108 113 116 119 119 119 118 116 114 112 110 108 105 104 101 99 97 93 88 84 78 73 72 72 71 67 62 56 53 50 48 47 46 45 44 43 44 46 49 53 57 61 67 73 78 85 94 101 107 111 114 115 114 111 107 104 103 103 103 104 104 106 107 108 109 108 107 106 106 106 105 103 101 99 96 94 92 90 87 85 82 79 77 74 71 69 66 63 60
90 92 94 95 97 98 101 103 106 108 110 112 113 115 115 116 116 116 115 114 113 111 109 108 106 104 102 101 101 103 106 110 113 116 118 119 119 118 115 111 109 107 106 105 103 101 99 97 94 90 85 79 75 74 75 76 75 71 67 62 59 57 56 54 52 50 48 49 50 53 58 63 68 74 80 86 92 99 106 109 112 114 115 114 111 108 106 104 103 103 103 104 105 105 106 107 107 106 106 105 104 103 101 100 98 95 93 91 89 87 84 81 78 75 73 70 68 65 62 59
89 91 93 95 96 98 100 102 104 107 109 111 112 114 114 115 115 114 113 111 110 108 107 105 104 102 101 100 101 103 107 110 112 114 117 118 118 117 113 109 104 103 103 104 102 100 98 96 95 91 86 80 77 75 76 79 80 78 75 70 67 66 64 62 60 57 55 56 56 60 65 69 75 81 87 92 97 103 107 109 111 112 113 112 111 109 107 105 103 103 103 103 104 104 104 106 106 106 105 104 103 102 101 99 97 94 92 90 88 86 83 80 77 74 72 69 67 64 61 59
89 90 92 94 95 97 99 101 103 106 108 110 111 112 113 113 113 112 110 109 107 106 104 103 101 100 99 100 101 104 106 110 112 114 115 116 117 115 112 107 103 99 99 100 100 99 97 97 95 93 88 83 79 77 78 80 82 82 80 76 74 73 71 69 68 65 63 64 65 67 72 76 80 85 92 96 100 104 106 108 109 110 111 111 110 108 106 105 104 103 102 103 103 103 104 104 105 105 104 103 102 101 99 98 96 93 91 89 87 85 82 79 76 73 70 68 65 62 60 57
90 90 92 93 95 96 98 100 102 105 107 109 110 111 111 111 111 109 108 106 104 103 102 100 99 97 97 99 102 104 107 110 112 114 115 116 116 114 111 107 101 96 95 97 97 96 95 96 96 94 90 86 82 80 81 82 84 84 83 81 80 79 77 77 76 74 73 73 73 75 78 81 85 90 94 98 100 102 104 106 107 108 109 109 108 107 106 104 103 103 103 103 103 103 103 104 103 104 104 103 101 100 98 96 95 93 90 88 86 84 81 78 76 73 70 67 64 62 59 56
92 91 92 93 95 96 97 99 101 104 106 108 109 110 109 109 109 108 106 104 103 101 99 97 96 95 95 98 101 105 108 110 111 112 113 115 115 113 110 105 99 95 94 95 95 94 93 95 95 94 93 89 85 84 84 84 85 86 85 84 84 84 82 83 83 82 81 81 80 81 84 86 88 91 93 96 98 100 102 103 105 107 108 107 106 105 105 104 103 103 103 103 102 102 103 103 103 103 103 102 101 99 97 95 93 92 90 88 85 83 81 78 75 72 69 66 64 61 58 56
95 92 92 93 95 96 97 99 101 103 105 107 108 108 108 107 107 106 105 103 102 100 98 97 96 95 95 96 100 105 108 109 110 112 112 113 112 109 105 102 99 97 95 94 94 93 93 93 95 96 96 93 88 86 85 86 86 87 86 85 86 87 86 86 86 86 86 86 86 87 89 90 91 91 93 94 95 97 98 100 102 104 105 105 104 104 104 104 103 102 101 101 101 101 102 102 102 102 101 101 100 98 96 94 93 91 89 87 85 82 80 77 75 72 69 66 63 60 57 55
97 92 91 92 94 97 98 99 101 102 104 106 107 108 107 106 105 104 104 103 102 100 97 96 96 96 96 96 99 102 105 107 109 110 111 111 108 104 99 98 96 95 94 94 94 93 92 93 96 97 97 94 90 87 86 86 87 87 86 85 87 88 88 87 87 88 88 89 90 91 92 92 91 90 89 91 92 93 95 97 98 100 102 102 103 103 103 103 102 100 99 99 99 99 100 101 101 101 101 100 99 97 95 94 93 91 89 87 84 82 79 76 74 71 68 65 62 59 57 54
98 94 91 91 94 96 98 99 101 102 103 105 107 107 107 107 105 104 103 103 102 100 97 95 95 96 97 97 98 100 101 103 105 106 108 108 104 99 95 94 93 91 90 91 91 91 91 93 96 98 98 96 92 88 86 86 87 87 86 86 87 88 88 87 87 88 88 89 92 92 92 92 89 87 86 87 88 89 91 93 93 95 97 99 100 101 102 102 100 98 97 97 98 99 99 100 100 101 101 100 99 97 96 94 93 91 89 87 84 81 78 76 73 70 67 64 61 58 56 54
99 95 92 90 92 95 98 99 101 103 104 106 107 108 108 108 106 105 105 104 102 99 97 95 95 96 97 98 98 98 98 99 102 102 103 103 100 95 92 90 88 86 86 87 88 88 89 92 95 98 99 98 93 89 87 87 87 88 87 87 88 89 88 86 86 85 86 88 90 89 89 89 87 85 84 83 84 86 87 88 89 90 92 95 97 99 100 100 98 97 96 96 97 98 98 99 100 101 101 101 99 98 96 95 93 91 89 86 84 81 78 75 72 69 65 62 60 57 55 54
101 96 93 90 91 93 96 99 101 103 105 107 108 109 109 109 107 106 104 102 101 99 97 96 96 96 96 97 97 96 95 96 98 97 97 96 93 90 87 86 84 82 83 85 86 88 89 91 95 98 100 100 96 92 90 90 90 90 90 89 89 90 90 88 86 84 85 86 86 86 86 86 84 82 81 81 81 82 82 83 84 86 89 92 95 97 97 97 96 95 95 95 95 96 98 99 100 101 102 101 100 99 97 96 94 92 89 86 84 81 78 74 71 68 64 61 59 56 54 55
100 95 93 90 89 92 95 98 100 103 105 107 108 109 110 109 107 105 103 102 101 100 99 98 97 97 96 97 97 96 94 93 94 92 92 91 88 86 85 83 81 81 82 83 85 87 90 93 97 99 101 101 98 96 95 95 95 94 94 92 92 93 93 90 89 86 85 84 84 84 83 83 81 80 79 79 79 78 79 79 81 83 87 92 95 96 95 94 94 94 94 94 94 95 97 98 100 101 101 101 101 99 97 96 94 92 89 86 83 80 77 74 70 66 63 60 58 55 53 57
103 95 93 92 90 91 94 97 99 102 104 106 107 109 109 108 108 106 104 103 102 101 100 99 98 98 97 97 97 95 91 89 89 89 88 87 86 85 83 82 81 81 82 83 85 87 90 92 96 98 100 102 100 98 98 99 99 99 98 96 96 97 94 92 90 87 85 83 83 81 80 80 79 78 77 77 77 76 76 76 78 83 88 92 93 94 94 94 94 93 92 92 93 95 96 97 99 100 100 100 100 99 97 96 94 91 88 86 83 79 76 72 69 65 62 59 57 55 54 60
107 96 93 91 89 90 93 95 98 101 103 105 106 108 109 109 109 107 106 104 103 101 101 101 100 99 96 95 94 92 89 86 86 87 86 86 86 84 83 82 81 82 83 84 86 87 88 90 93 97 98 100 100 99 100 101 101 102 100 98 97 97 94 92 90 87 85 83 82 79 78 78 78 77 76 76 74 73 73 74 76 81 87 90 92 92 93 93 94 93 91 91 92 94 95 97 99 100 100 99 99 98 97 96 93 91 88 85 82 78 74 71 67 64 61 58 56 53 55 62
117 98 92 89 87 89 91 94 97 99 102 104 106 108 109 110 110 109 108 106 104 103 103 102 100 97 95 92 91 90 87 85 85 84 83 84 84 83 81 81 81 82 82 83 85 85 86 87 90 95 96 97 98 99 100 101 103 102 101 98 97 95 93 91 89 87 86 84 81 78 77 77 78 77 76 74 72 71 71 72 75 78 83 87 89 91 92 92 92 90 89 88 89 92 94 96 99 100 100 99 99 98 97 95 93 90 87 84 81 77 73 69 66 63 60 57 55 53 56 64
126 103 93 91 88 87 89 92 95 98 100 103 106 108 109 111 111 112 111 108 107 106 105 102 99 95 92 90 89 87 85 83 82 80 80 80 80 80 80 79 79 79 80 80 81 81 81 82 85 90 91 92 94 96 98 99 101 100 98 96 94 91 89 87 86 85 83 81 79 77 76 76 76 75 74 72 71 69 70 70 72 75 79 84 87 89 89 89 89 87 86 86 87 90 93 96 98 99 99 99 99 98 97 95 92 89 86 83 79 76 72 68 64 62 59 56 54 53 57 65
137 111 95 92 90 87 88 90 93 96 99 103 106 108 109 111 112 113 112 110 109 107 105 103 99 95 90 87 86 85 82 81 80 78 77 76 77 77 77 76 76 76 76 75 75 76 76 77 79 82 83 84 85 87 88 90 92 92 91 89 87 84 83 81 79 80 77 76 76 74 73 74 73 72 70 69 69 68 67 67 68 71 75 80 83 85 86 86 85 85 85 84 85 88 92 95 97 98 99 100 99 98 96 94 91 87 85 81 78 74 70 66 63 60 58 55 54 57 62 67
145 121 100 93 91 88 87 89 92 95 98 102 105 107 109 110 112 112 112 111 109 106 104 101 97 93 89 85 83 82 80 79 78 76 74 72 72 73 72 71 71 71 69 68 67 68 69 71 72 75 75 75 76 77 78 80 82 83 82 81 79 76 75 73 72 72 70 70 71 69 68 70 71 69 68 66 65 64 63 63 64 66 71 75 78 80 82 82 83 84 83 82 82 85 90 94 96 98 99 100 99 97 95 93 90 86 83 80 76 72 68 64 61 58 56 54 55 60 64 68
153 133 108 95 91 89 86 87 90 93 96 100 103 106 108 110 111 111 110 109 107 104 101 98 94 89 86 82 79 77 75 74 73 70 69 67 67 66 66 66 65 64 62 61 61 62 64 65 66 69 69 68 68 69 69 71 72 72 72 71 70 68 68 66 65 64 64 65 65 64 62 64 65 65 64 63 62 60 59 59 60 62 65 68 72 75 77 79 80 81 80 80 81 83 88 92 96 98 99 99 98 96 94 92 89 86 82 78 74 70 65 62 59 57 55 54 56 59 64 69
162 144 120 99 91 89 87 86 88 91 95 98 101 104 107 109 110 110 110 108 106 102 98 94 90 86 83 79 76 74 72 71 67 65 63 63 63 62 61 61 60 59 59 60 61 63 65 66 67 66 67 66 65 65 65 65 66 66 66 66 65 65 65 64 63 62 62 63 62 60 59 57 59 59 58 59 57 57 57 58 57 58 59 62 66 70 73 75 77 78 78 79 81 83 87 91 94 97 98 98 97 95 93 90 87 84 80 75 71 67 63 60 58 55 54 55 56 59 64 70
168 151 130 104 92 89 88 86 87 90 93 97 100 103 105 107 109 110 110 108 105 101 97 91 86 82 79 76 73 71 69 69 65 63 62 62 62 61 61 62 63 64 66 68 68 69 71 73 74 71 72 71 70 69 69 70 70 70 71 70 70 69 70 69 69 67 66 67 64 62 60 58 59 59 59 58 57 56 56 56 56 55 57 59 63 67 69 71 73 75 77 78 81 85 87 90 93 95 96 96 95 94 92 88 85 82 77 73 70 66 62 59 57 54 53 54 56 59 64 75
175 157 140 115 96 89 88 87 86 88 91 95 98 101 104 106 108 110 110 107 105 101 95 90 84 79 76 73 71 69 69 69 66 67 67 67 69 71 72 72 73 75 76 76 76 76 78 80 82 81 82 81 80 80 80 80 79 79 79 79 79 79 79 79 78 75 74 73 70 68 66 63 63 63 63 61 59 57 56 57 56 56 55 58 61 64 66 69 72 75 77 79 82 85 87 90 92 95 96 96 94 92 89 86 82 79 75 71 67 64 60 57 55 53 52 54 55 58 66 76
180 166 150 127 101 90 86 86 86 86 89 92 96 99 102 105 107 108 109 107 104 100 95 89 83 79 76 73 71 71 71 72 73 77 79 82 85 86 85 84 83 83 84 83 83 82 83 86 88 90 91 91 91 91 91 90 89 89 88 87 87 87 86 85 84 83 82 81 78 76 74 70 68 68 67 65 63 61 61 61 61 60 58 59 60 62 65 68 72 74 77 80 82 85 87 89 92 94 95 94 92 90 87 83 80 76 72 69 65 61 58 55 53 51 51 53 54 58 68 77
184 171 155 138 110 94 87 86 86 85 86 90 93 96 99 103 105 107 108 107 105 101 95 89 83 78 75 74 73 74 76 79 82 87 92 95 97 97 96 93 91 90 89 88 88 88 89 91 92 95 97 99 99 99 99 98 98 97 96 96 96 95 92 92 90 90 88 87 84 82 79 75 72 72 71 69 69 69 67 67 67 66 63 63 62 63 66 68 71 74 77 80 82 84 86 88 91 93 93 92 90 87 85 81 77 73 70 66 62 59 56 54 52 50 50 52 54 60 70 78
186 177 158 139 120 98 85 84 85 85 85 88 91 95 97 101 104 106 107 107 105 101 95 89 84 79 76 75 75 77 82 87 91 96 100 103 104 104 102 100 98 96 94 93 92 92 93 95 96 98 100 102 102 101 101 101 101 100 100 100 99 99 97 96 94 93 92 89 86 83 80 77 74 73 73 73 74 75 75 75 75 73 71 69 67 67 69 69 71 74 77 79 82 84 85 88 90 91 91 90 88 85 82 79 74 71 67 63 60 57 54 52 50 49 50 51 54 62 71 78
187 182 169 145 127 109 89 83 84 85 84 85 89 92 95 98 101 105 107 106 104 100 96 91 87 82 78 78 80 82 87 93 97 102 105 107 109 109 107 105 103 100 98 96 95 94 95 96 99 100 102 102 102 101 100 99 99 99 98 97 97 96 96 96 94 94 92 90 87 84 80 77 75 74 75 76 77 79 82 83 83 82 80 78 75 73 73 72 73 75 77 80 82 84 86 87 89 90 90 89 86 83 80 76 72 68 65 61 58 55 52 51 49 48 49 51 54 63 72 77
187 184 179 158 135 121 98 84 83 85 84 83 86 89 92 95 98 101 105 105 104 101 97 94 90 85 82 83 85 88 93 98 102 105 107 109 110 110 109 108 106 103 101 99 96 95 96 96 99 101 101 100 99 98 96 94 93 93 92 92 91 91 92 92 92 91 90 88 86 84 81 78 77 77 78 79 81 83 85 87 88 89 88 86 83 81 79 77 76 77 78 80 82 84 86 88 89 89 88 87 84 81 77 72 69 65 61 58 55 53 51 50 48 48 48 50 55 62 68 72
189 186 184 170 145 129 110 89 81 83 85 83 83 86 89 93 96 99 102 104 104 103 99 95 91 88 87 89 92 96 99 102 104 106 107 108 109 109 109 108 106 104 102 100 97 95 94 94 96 97 98 96 93 91 88 86 84 83 84 83 83 84 85 86 86 87 87 85 84 83 81 80 79 79 79 80 82 84 87 89 91 92 93 93 91 88 86 83 81 80 80 81 83 84 85 87 87 87 87 84 81 78 74 70 66 62 59 56 53 51 49 48 48 47 47 49 53 58 63 67
194 188 185 179 157 133 117 96 81 81 83 82 81 83 86 90 93 96 99 102 103 102 99 95 92 92 92 95 99 102 105 105 106 106 107 108 108 108 108 106 104 102 100 98 96 94 93 91 91 91 89 87 84 81 78 75 73 73 73 73 73 74 75 76 78 80 81 80 80 80 80 80 80 80 80 81 83 85 88 91 93 94 95 96 96 94 92 89 86 84 82 82 83 83 84 85 87 86 85 82 79 76 72 67 64 60 57 54 52 50 48 47 47 46 46 48 52 55 58 60
198 189 185 184 170 143 123 106 83 77 76 75 77 80 83 87 90 93 96 98 99 98 96 94 93 94 96 99 102 104 107 108 108 107 107 107 107 107 107 105 103 100 98 95 94 91 89 87 85 83 79 77 74 71 68 65 64 64 64 64 63 65 67 68 71 73 74 75 76 76 77 78 78 79 80 82 84 87 90 92 94 95 96 98 98 98 97 95 91 89 86 84 85 84 84 85 86 84 82 79 76 73 69 65 61 58 56 53 50 49 47 46 45 45 46 49 53 56 57 57
200 192 182 179 171 153 128 106 83 72 69 70 73 76 79 82 85 88 92 94 94 95 95 94 94 95 96 99 102 104 106 107 107 107 106 105 105 105 105 103 101 98 95 92 90 88 85 82 78 76 72 69 65 62 60 59 58 58 58 57 57 59 60 62 64 66 68 69 71 72 73 75 76 78 80 82 86 89 91 93 94 95 97 99 100 100 100 98 94 92 88 86 85 85 85 85 83 81 79 76 73 70 66 63 59 56 54 51 49 47 46 45 44 44 45 48 52 58 59 60
197 191 180 174 168 155 137 115 92 74 67 68 70 72 74 78 81 84 88 90 91 92 93 93 94 95 96 98 101 102 103 104 105 105 105 105 104 104 104 102 99 96 93 91 89 86 82 78 73 69 66 63 61 58 57 57 56 55 54 53 53 55 56 58 60 62 64 65 67 69 71 73 76 78 81 84 88 91 92 93 95 95 96 98 100 101 101 99 96 93 90 87 86 85 84 83 81 78 76 73 70 67 63 60 57 54 52 49 47 46 45 44 43 43 43 45 49 54 58 60
189 187 178 170 166 157 144 126 102 79 67 65 66 68 70 74 77 80 83 86 88 88 89 90 91 94 96 99 100 101 101 101 101 101 103 104 103 103 102 100 98 96 94 92 89 86 82 78 72 68 64 62 61 59 58 58 57 56 55 54 55 56 57 59 61 62 65 66 67 70 72 74 77 80 84 87 91 93 94 95 95 96 96 98 100 101 101 100 97 94 91 88 86 84 82 80 78 75 72 69 66 63 60 57 54 52 50 48 46 45 44 43 43 42 42 43 48 53 58 61
180 177 170 163 160 151 135 116 102 84 67 62 63 65 66 70 73 76 80 82 84 85 87 88 90 93 96 99 101 102 101 99 98 99 101 102 102 101 101 101 99 98 96 94 91 88 84 80 75 71 68 65 65 63 62 62 61 60 59 59 59 60 62 64 66 67 69 70 72 74 75 77 80 84 87 91 93 95 95 96 96 96 97 98 100 100 100 99 97 94 90 87 85 82 80 78 75 72 68 66 63 60 57 54 52 50 48 46 45 45 44 43 42 43 43 44 49 55 60 64
173 170 163 149 132 122 116 103 89 76 64 60 61 62 66 67 69 72 75 78 80 82 85 87 89 92 95 98 101 102 101 99 99 99 100 101 101 101 101 101 101 100 98 97 95 91 88 84 80 76 74 71 70 68 68 69 67 66 65 65 66 67 68 70 72 74 75 77 78 79 81 83 86 89 93 94 96 96 96 97 97 97 97 99 100 99 99 98 96 93 89 86 83 80 77 74 71 69 66 63 59 56 54 52 50 48 46 45 44 43 42 42 41 42 44 44 48 55 60 65
164 155 140 119 107 103 102 92 76 68 61 57 58 60 65 66 67 68 71 74 76 79 81 83 85 88 92 95 98 100 101 101 101 100 100 101 101 101 102 102 102 102 102 101 99 96 93 90 86 83 80 78 75 74 75 75 74 73 72 72 74 74 76 78 80 81 83 84 85 86 88 89 92 95 97 97 98 98 98 97 97 97 98 99 99 99 99 97 95 91 88 84 81 78 74 71 69 66 63 59 56 53 51 49 47 45 44 43 43 42 41 40 40 41 44 47 48 53 58 63
133 118 101 84 80 79 76 72 66 59 55 53 55 57 63 67 66 66 68 70 73 76 78 79 81 84 89 92 94 98 101 102 102 101 101 101 102 103 104 104 105 105 105 104 102 101 99 96 92 88 87 84 82 81 82 82 81 81 80 81 82 82 84 86 88 89 91 92 93 94 95 95 97 99 100 100 99 99 98 98 98 98 98 98 99 99 98 96 93 90 86 83 79 75 71 68 66 62 59 57 54 52 49 47 45 44 43 42 42 41 40 40 40 42 44 47 50 52 55 59
87 79 71 62 58 58 59 59 57 49 47 48 51 54 61 66 65 64 65 67 70 73 75 77 79 82 86 89 92 96 100 102 103 103 102 102 103 104 105 106 107 108 108 107 106 105 105 103 99 95 92 89 89 88 89 90 89 88 88 89 89 90 91 93 95 97 98 98 99 101 101 101 103 104 103 102 101 100 99 99 99 99 99 99 99 98 97 95 92 89 84 80 77 73 69 65 62 59 57 54 52 50 47 46 44 43 42 41 41 40 39 39 40 42 44 47 49 52 56 59
58 59 54 49 48 51 53 56 52 44 41 43 46 50 58 63 64 64 64 65 68 71 73 75 77 80 84 87 90 94 98 101 102 104 103 103 103 105 106 107 109 110 110 111 110 109 109 107 104 100 97 95 94 94 96 97 97 97 96 96 97 96 98 99 100 103 104 104 105 105 106 106 107 107 106 105 104 103 101 101 100 100 99 99 99 98 96 94 91 87 82 78 75 71 67 63 60 57 55 52 50 48 46 45 43 42 41 40 40 39 39 39 40 42 44 47 50 52 55 61
50 48 45 43 44 48 48 51 48 42 39 42 43 48 57 61 62 63 63 64 65 68 70 73 75 78 82 86 89 92 96 99 102 103 103 103 103 105 107 109 111 112 113 114 114 113 113 111 108 106 103 101 101 101 103 103 104 104 102 102 103 103 104 104 106 107 108 108 109 109 110 111 111 111 109 107 106 105 104 102 102 101 101 100 100 98 96 93 90 86 81 77 73 69 65 62 59 55 53 50 48 47 45 43 42 41 40 39 39 38 39 39 41 42 45 49 53 53 55 60
45 43 41 39 43 47 46 47 45 41 38 44 44 46 58 60 59 60 61 62 62 65 67 69 71 74 79 83 87 91 95 99 101 102 103 103 104 106 108 110 113 114 115 116 117 117 116 115 113 111 108 107 106 106 108 109 109 109 107 108 109 107 107 108 110 111 111 111 112 113 113 114 114 114 112 110 108 107 105 103 103 102 102 101 100 98 95 92 88 84 80 75 71 67 64 60 57 54 51 49 47 45 43 42 41 40 39 38 38 38 38 39 40 42 45 49 54 55 57 60
40 38 35 36 42 47 47 47 44 40 38 44 46 46 58 60 57 57 59 60 60 61 63 65 67 70 75 80 84 90 93 98 100 102 103 104 104 106 108 111 114 116 116 118 119 120 119 117 117 115 113 112 111 112 113 113 113 112 111 112 113 111 110 110 113 114 114 114 114 114 115 115 116 115 113 111 110 108 106 104 103 103 102 101 99 97 94 91 87 82 78 73 69 65 61 58 55 52 50 47 45 43 42 40 40 38 38 37 38 38 38 39 41 43 45 49 54 58 60 62
35 32 31 35 40 46 47 47 45 40 38 45 48 48 60 62 57 54 55 57 58 59 60 61 64 67 72 77 82 87 92 96 99 100 102 103 104 105 108 111 114 116 117 119 121 121 120 120 120 119 117 115 113 114 115 115 114 113 113 114 114 112 113 113 114 114 115 115 115 116 116 116 116 115 114 113 110 108 106 104 103 102 101 99 98 96 93 89 85 80 75 70 66 63 59 56 53 50 48 45 43 41 40 39 38 37 37 37 37 37 39 40 41 43 46 49 54 58 62 65
30 30 31 35 39 44 45 48 48 41 38 46 52 52 64 69 60 53 52 53 55 56 58 58 60 64 68 73 79 84 90 94 97 99 100 101 103 104 107 110 113 115 117 119 120 121 121 121 122 121 119 116 115 116 116 116 115 114 114 115 114 113 114 115 114 115 114 114 115 116 116 116 115 115 114 112 109 107 105 103 102 102 99 97 95 93 89 85 81 77 72 67 63 60 56 53 50 48 45 43 41 40 38 38 37 36 36 36 37 38 39 40 41 44 47 50 54 58 62 66
28 29 30 34 37 41 47 51 47 40 36 45 54 58 70 78 67 57 52 50 51 53 55 57 58 60 65 70 75 80 86 92 95 96 98 100 102 103 106 108 111 113 116 117 119 120 121 122 122 120 119 117 116 116 117 117 116 114 114 115 115 115 115 114 114 115 114 114 114 114 114 114 114 114 112 111 108 106 104 102 101 100 97 95 92 89 86 81 77 72 68 63 59 56 53 50 47 45 43 40 39 38 37 36 35 35 35 36 37 38 39 40 42 45 47 51 54 58 62 66
27 27 29 34 36 39 45 51 48 41 36 47 57 60 71 83 75 63 54 50 49 50 52 54 57 59 63 67 71 77 83 89 92 94 97 98 100 103 104 107 109 111 114 114 116 118 119 120 120 120 118 117 116 115 115 115 114 114 114 114 115 116 115 113 114 114 113 113 112 111 112 112 112 111 110 108 107 105 103 101 99 97 94 92 89 86 82 78 73 68 63 59 55 53 50 47 44 42 40 38 37 37 35 35 34 35 35 36 37 38 40 41 43 45 48 51 55 58 62 65
26 26 28 33 36 39 44 49 46 42 40 47 58 66 75 84 81 70 59 52 48 47 49 50 53 57 61 64 68 74 79 85 89 92 95 97 99 101 103 105 107 109 111 112 114 115 117 117 118 117 117 116 115 114 113 113 113 113 113 113 114 115 114 113 114 112 111 110 110 109 109 109 109 107 106 105 104 103 101 99 96 94 91 89 86 82 77 73 68 63 59 54 51 48 46 43 41 39 38 36 36 35 34 34 34 35 35 36 37 39 40 42 44 46 49 52 55 58 62 65
24 25 27 31 35 39 44 47 44 42 42 47 57 70 82 88 85 74 63 55 48 45 45 47 50 53 59 62 66 71 76 81 86 89 92 94 96 99 100 102 104 105 108 110 112 113 113 114 115 114 114 114 113 112 110 110 111 111 112 112 113 113 113 113 112 110 108 107 106 107 107 106 105 104 103 102 101 100 99 96 93 91 88 85 82 78 72 68 64 59 55 50 46 44 42 39 38 37 36 35 34 34 33 33 34 35 36 37 38 40 42 43 45 47 50 53 56 59 62 66
24 24 26 30 33 37 44 47 44 41 42 48 57 68 84 96 90 79 70 62 53 47 44 44 46 49 55 59 63 68 73 78 82 85 89 92 93 96 97 99 101 103 106 108 110 110 109 111 113 113 112 110 109 108 108 108 109 109 110 111 112 111 111 110 109 107 106 104 103 104 103 102 101 100 100 99 98 97 95 92 90 88 84 81 77 72 66 62 58 53 49 45 42 40 38 36 35 35 34 34 33 33 33 33 34 35 36 38 39 41 43 44 46 48 51 53 56 59 62 65
23 23 25 30 32 35 42 46 43 41 42 47 58 68 82 96 96 85 77 69 61 53 46 43 43 45 49 54 58 63 68 74 78 82 86 89 90 93 94 95 98 100 102 103 105 106 106 107 110 110 108 107 106 105 106 107 108 108 108 108 108 109 109 108 106 105 103 100 99 99 98 97 97 97 97 96 94 94 91 88 86 83 79 75 71 66 61 57 53 48 44 40 38 37 35 34 33 33 33 33 32 32 33 34 35 36 37 39 41 42 44 46 48 50 52 54 57 60 62 66
22 23 25 29 30 33 40 44 43 41 42 48 58 68 81 96 98 91 83 76 68 60 52 47 43 43 45 49 54 59 63 68 73 77 82 85 86 88 89 91 93 96 97 99 101 102 102 103 105 105 105 104 103 103 104 106 107 107 106 106 105 106 106 104 103 103 100 98 96 95 94 93 93 94 94 93 90 90 87 83 82 78 74 70 66 61 55 52 48 43 40 37 35 34 33 32 32 32 32 32 32 33 34 34 35 37 39 40 42 43 45 47 49 51 53 55 58 60 63 66
22 24 28 29 29 30 36 42 42 41 42 49 58 67 81 95 99 95 89 82 75 67 59 53 46 43 42 45 49 55 59 63 69 74 78 80 82 83 84 86 89 92 93 94 96 98 98 99 101 101 101 102 102 103 103 103 104 104 103 103 102 102 102 100 100 99 97 94 92 91 91 90 90 91 91 89 86 85 83 80 77 73 69 65 61 55 50 47 43 40 37 34 33 32 32 31 31 31 31 32 33 33 34 35 36 38 39 41 43 44 47 48 50 52 54 56 59 61 63 66
21 23 26 28 28 28 34 41 42 41 41 47 56 66 80 95 99 97 93 88 82 74 67 60 52 46 41 41 45 48 54 59 64 69 74 76 78 79 80 82 84 87 89 90 91 93 94 96 98 97 97 98 99 101 101 101 100 100 99 98 98 97 97 96 97 96 93 90 88 87 87 86 86 86 86 84 82 81 78 75 71 68 62 58 55 50 45 42 39 36 34 32 31 31 31 31 31 31 31 32 33 34 34 36 37 38 40 42 44 46 48 49 51 53 55 57 59 61 63 66
20 22 25 27 28 27 31 39 42 41 40 45 54 63 78 94 101 98 95 92 88 82 75 68 61 53 46 42 42 44 49 55 58 64 69 72 74 74 75 78 80 82 84 86 88 89 90 92 94 94 94 95 96 98 98 97 97 96 94 94 94 92 92 92 92 90 88 86 84 82 82 82 81 80 80 79 77 76 73 69 66 62 57 52 49 45 41 38 35 33 31 31 30 30 30 31 31 31 32 33 34 34 35 36 38 39 41 43 45 47 49 50 52 54 56 58 59 61 64 66
20 21 24 26 27 26 29 37 41 40 39 43 51 60 74 92 103 101 96 94 92 89 82 75 69 61 54 47 43 42 45 51 55 59 63 67 70 70 71 73 75 77 79 81 84 86 87 88 90 90 90 90 92 93 92 91 90 90 89 89 88 87 87 86 86 84 84 82 80 78 78 78 77 75 75 74 73 71 68 64 60 57 52 48 44 40 37 35 33 31 31 30 30 30 30 31 31 32 32 33 34 35 36 37 39 41 43 45 46 48 50 51 53 55 57 58 60 62 64 66
20 20 22 25 26 26 27 35 40 40 39 41 49 57 70 88 101 103 99 96 94 92 89 82 76 67 61 55 48 44 43 48 51 55 58 61 64 66 68 68 71 73 75 77 80 81 82 84 86 85 84 85 86 87 86 85 84 83 83 83 82 82 82 82 80 79 79 78 74 73 73 73 72 71 71 70 69 67 63 59 55 51 46 42 40 37 34 32 31 30 30 30 30 30 31 31 32 32 33 34 35 35 37 38 40 42 44 46 47 49 50 52 54 56 57 59 60 62 64 66
19 19 21 24 26 25 26 32 39 40 39 40 46 55 66 84 98 103 102 99 95 93 92 88 83 75 67 60 54 48 44 45 48 51 53 55 58 60 63 64 66 68 70 72 74 76 76 79 81 80 79 79 79 80 79 79 78 77 77 76 75 76 76 76 74 74 73 71 69 67 67 68 66 65 65 65 63 61 58 54 50 46 41 38 36 34 32 30 30 30 30 30 30 31 31 31 32 33 33 34 35 36 37 40 41 43 45 47 48 50 52 53 55 56 58 59 60 62 64 66
18 18 20 23 25 25 25 29 37 39 39 39 44 53 63 79 95 101 103 101 98 95 93 91 88 82 74 66 60 55 48 45 45 46 50 51 53 55 57 59 61 63 64 66 69 70 71 73 74 74 73 73 73 73 73 72 72 72 71 69 69 70 70 69 68 68 67 65 64 62 62 62 61 60 60 60 58 56 53 48 44 41 38 35 33 31 30 29 29 30 30 30 30 31 31 32 32 33 33 34 35 36 39 41 42 44 45 47 49 51 53 54 55 57 58 59 61 63 65 66
18 18 19 22 24 24 24 27 34 38 38 38 40 49 61 75 91 99 101 101 100 97 94 92 91 86 81 74 67 61 53 47 43 43 46 48 50 52 53 54 56 58 59 61 64 65 65 66 68 67 67 67 66 66 66 66 65 65 64 63 63 64 64 63 63 61 61 59 58 56 56 56 56 55 55 55 52 50 47 43 40 37 34 32 30 29 29 29 29 30 30 30 30 31 31 32 33 33 33 35 36 38 40 42 43 44 46 48 50 52 54 55 56 58 58 60 62 64 65 66
17 17 18 20 23 24 24 26 31 37 38 38 41 47 57 69 85 97 100 100 100 99 96 93 91 88 83 78 73 67 59 53 47 43 43 45 46 48 50 50 51 53 54 55 58 59 59 60 61 61 60 60 59 59 59 59 59 59 58 57 58 58 58 57 56 55 54 53 52 51 50 50 50 50 50 48 46 45 42 38 35 33 31 30 29 28 29 29 29 30 30 30 31 31 32 32 33 33 34 35 37 39 41 42 44 46 48 49 51 53 54 55 57 58 59 61 63 64 65 65
17 17 17 19 22 23 24 25 28 34 37 37 40 45 53 65 80 93 98 99 100 100 97 94 91 89 87 82 77 71 65 59 53 46 43 42 43 44 46 47 47 48 49 50 51 52 52 53 54 53 53 53 53 52 52 53 53 53 52 52 52 52 51 51 50 48 47 46 46 45 45 45 45 45 45 44 42 40 37 34 32 30 29 28 28 28 29 29 29 30 30 30 31 32 32 32 33 34 35 37 38 40 42 43 45 47 49 50 52 54 55 56 57 59 60 62 63 64 65 64
17 16 17 17 20 23 24 26 28 32 35 37 38 42 49 60 74 89 97 98 99 99 97 94 91 89 88 87 81 75 70 63 57 51 45 41 40 41 42 43 43 43 43 44 45 45 45 47 47 46 46 46 46 46 46 47 46 46 46 45 45 45 45 44 44 42 41 41 41 40 40 41 41 40 39 38 37 35 33 31 29 28 28 27 28 29 29 29 29 30 30 31 31 31 32 32 33 34 36 38 39 41 42 44 47 48 50 51 53 55 56 57 59 60 61 62 63 64 63 62
16 16 17 17 18 22 23 25 27 29 33 36 36 40 45 54 67 82 94 97 97 98 97 96 94 90 89 89 86 80 74 67 60 53 48 43 40 38 39 39 39 39 39 40 40 40 39 40 41 41 41 40 40 40 40 40 40 40 40 40 39 39 39 38 37 36 36 36 36 35 36 36 36 35 34 33 32 31 29 28 27 27 27 27 28 28 29 30 30 30 30 31 31 31 32 33 34 36 38 39 40 41 44 46 48 49 51 52 54 55 57 59 60 61 62 63 63 64 62 62
