58 57 58 60 62 64 64 63 60 57 54 53 53 51 49 48 48 49 49 51 52 53 55 56 56 58 60 63 65 67 70 74 76 78 81 84 85 84 82 82 82 76 68 63 62 64 69 76 81 87 93 98 102 104 105 104 100 96 92 88 85 81 79 77 75 74 73 73 73 74 76 78 81 84 86 89 91 94 97 101 104 107 109 110 111 112 113 114 115 116 116 115 114 112 109 105 101 97 92 89 86 83 81 80 79 78 77 75 74 73 72 70 68 66 64 61 59 56 53 51
59 59 61 64 66 69 69 67 64 61 58 57 56 53 50 49 49 50 51 52 53 54 55 56 57 59 63 66 68 72 76 80 83 85 89 92 93 91 88 88 85 77 69 65 65 69 75 80 86 93 99 103 106 108 108 105 101 96 91 88 84 80 78 76 75 74 73 73 74 75 77 80 83 85 88 90 93 96 100 104 107 109 111 112 113 113 114 114 115 116 115 115 113 111 109 105 102 97 93 89 86 83 81 79 78 77 76 75 74 73 72 70 68 66 64 62 60 57 54 51
62 63 66 69 72 74 74 72 70 67 63 61 58 54 52 51 51 52 53 53 54 55 57 58 60 63 67 70 74 78 84 89 93 96 100 103 102 98 95 94 88 78 71 69 70 75 80 86 93 101 106 110 113 114 113 108 102 97 92 87 83 80 78 76 75 74 74 75 76 78 80 83 86 88 90 92 95 100 104 108 111 113 114 115 116 116 116 115 115 115 115 114 113 112 110 106 103 99 94 90 86 83 81 79 78 77 76 75 74 73 72 71 69 67 65 63 60 58 55 52
68 70 72 75 78 79 80 79 76 73 70 65 60 56 53 53 53 54 54 55 56 57 59 61 64 68 73 77 80 86 94 99 103 107 111 112 108 104 102 99 90 78 73 73 77 82 88 96 104 111 115 119 122 120 115 109 103 97 91 86 82 79 77 76 75 75 75 76 78 79 82 86 90 91 93 95 98 103 107 110 113 115 117 118 119 119 118 116 115 114 113 113 113 112 109 107 103 99 96 92 88 84 82 79 78 77 76 75 74 73 72 71 70 68 66 63 61 59 56 53
74 76 78 80 83 85 86 85 83 80 76 71 65 59 56 56 56 56 56 57 58 61 63 66 69 74 79 83 88 95 103 108 112 117 120 120 115 109 108 104 92 79 75 78 84 90 97 105 112 118 121 124 124 120 114 108 103 96 88 83 80 77 75 75 75 75 75 76 78 80 84 88 92 93 95 98 102 106 110 113 115 117 119 121 121 121 119 117 116 114 113 112 112 111 109 106 103 100 97 93 90 86 83 80 78 76 75 74 73 72 71 71 70 68 66 64 62 59 56 54
80 82 84 86 89 92 92 91 90 87 82 76 69 62 59 59 59 58 58 59 62 65 68 71 76 81 85 90 96 103 110 116 122 126 128 126 120 115 114 108 94 81 78 84 91 97 103 111 118 122 124 124 122 117 112 106 100 92 86 80 77 75 74 74 74 75 76 77 79 82 86 90 93 96 100 104 107 110 113 115 117 120 122 123 123 122 121 119 117 115 114 112 111 110 108 106 104 101 98 94 91 88 84 81 78 76 75 73 72 72 71 71 70 68 66 64 62 59 57 55
86 87 88 91 95 97 98 98 96 93 88 81 73 67 64 64 62 60 61 63 66 70 74 78 83 89 93 98 105 112 120 127 132 134 134 131 125 121 119 110 94 82 81 89 98 105 112 120 125 128 128 125 121 115 109 102 96 88 82 78 75 74 73 74 74 76 77 80 83 86 90 94 98 102 106 110 112 114 116 118 121 123 125 125 125 124 123 122 120 117 114 113 111 109 108 106 104 101 98 95 93 90 86 83 79 77 75 73 72 71 71 71 70 68 67 64 62 59 56 54
90 91 93 96 100 103 104 103 101 98 94 87 79 73 71 69 66 65 66 68 71 76 81 86 92 97 102 107 114 122 130 137 141 141 141 138 132 127 121 110 95 85 87 98 108 115 123 129 133 133 130 126 119 112 106 99 92 85 80 77 75 74 73 74 76 78 81 85 88 91 96 100 105 110 113 116 119 120 122 124 126 128 129 129 128 127 126 124 122 118 115 112 110 108 106 105 103 101 98 95 92 90 87 84 81 78 75 74 72 71 71 70 69 68 66 64 62 60 57 54
94 96 98 101 104 107 108 108 106 103 100 94 86 80 77 75 72 71 72 75 78 84 89 95 101 107 112 117 124 132 138 144 147 147 146 144 140 134 127 114 100 90 94 107 116 123 131 137 140 138 133 126 118 111 104 97 89 83 80 77 75 74 74 75 78 82 86 89 93 98 103 109 113 117 120 122 124 126 126 128 130 132 132 131 130 128 127 125 123 119 115 112 110 107 105 104 102 99 97 94 91 89 87 85 82 79 76 74 72 71 70 70 69 68 66 64 61 59 56 54
99 100 102 104 107 110 112 111 110 107 104 99 92 86 83 81 79 79 80 82 87 92 99 105 111 117 122 127 132 138 145 150 151 151 150 147 144 139 131 117 103 95 100 114 124 131 139 145 146 142 134 126 118 110 102 94 88 83 80 78 75 74 76 78 82 86 91 95 100 105 111 117 121 123 126 128 130 131 132 133 135 134 134 133 131 130 128 125 123 120 116 113 110 108 106 103 101 99 96 93 91 88 86 84 82 79 76 74 72 71 70 69 69 68 66 63 61 58 55 52
103 104 106 108 110 112 113 114 113 110 107 103 97 90 88 87 85 87 88 91 96 102 110 116 122 126 132 138 142 147 152 155 156 156 154 150 147 142 134 121 108 102 107 122 132 140 146 150 148 142 132 123 114 106 98 92 87 84 81 78 76 76 79 83 87 92 97 103 109 115 121 125 127 130 133 135 136 137 139 139 139 137 136 135 133 131 129 126 123 120 117 114 112 109 107 104 102 99 96 93 91 88 86 84 82 79 77 75 72 71 70 69 68 67 65 63 60 58 55 52
105 107 109 110 111 113 114 115 114 112 108 106 100 95 94 93 93 94 97 101 105 113 121 126 131 136 141 147 151 154 156 158 159 160 157 154 152 146 137 125 115 112 117 129 140 148 150 149 145 137 127 118 109 101 94 89 86 84 81 79 78 80 84 88 94 100 105 111 118 126 130 133 136 139 141 141 141 141 142 143 141 138 137 134 132 131 129 126 124 121 118 116 113 111 108 105 103 100 98 95 92 90 87 85 83 81 78 76 74 72 71 69 67 66 64 62 60 58 55 52
106 108 110 111 112 113 115 116 115 113 111 109 104 100 100 99 100 102 105 110 116 123 130 135 139 143 148 152 156 157 157 157 158 159 156 155 154 148 139 128 122 122 127 138 147 152 151 146 137 128 120 112 102 95 90 86 84 82 81 80 82 85 90 95 101 107 115 122 130 135 138 142 145 146 146 144 143 143 143 142 140 138 136 134 132 130 128 126 124 122 120 118 115 112 109 106 104 102 99 96 94 91 89 87 85 83 81 79 76 74 72 70 68 65 63 61 59 58 55 53
106 108 109 111 112 114 116 117 117 115 114 112 108 106 105 106 107 110 114 119 125 132 137 140 143 146 151 154 157 159 158 156 156 155 154 153 152 148 141 132 129 131 137 146 153 154 150 142 133 121 113 104 95 90 86 84 82 80 81 83 86 91 97 102 109 117 126 135 139 142 146 149 151 150 148 147 145 143 142 141 140 137 135 134 132 130 128 126 124 122 121 119 116 113 110 108 105 102 99 97 95 93 91 89 87 85 83 81 79 76 74 72 68 66 63 61 59 57 55 53
105 107 109 110 112 114 116 117 118 118 117 115 113 112 111 113 115 118 122 127 132 137 140 143 145 148 151 154 156 157 157 156 154 153 152 150 148 147 143 136 135 138 143 149 153 152 145 136 125 112 103 95 89 86 84 82 81 81 83 87 91 97 103 110 118 127 135 141 146 151 153 155 156 154 152 149 146 144 142 141 138 136 134 133 131 130 127 125 124 123 122 120 117 114 111 108 105 102 99 97 94 92 91 89 88 86 85 83 81 79 76 73 70 66 63 61 59 57 55 53
105 107 108 109 111 113 115 117 119 120 120 119 118 118 119 122 123 126 129 133 137 140 143 144 146 148 151 154 155 155 154 154 153 151 150 148 146 145 142 138 136 139 145 148 149 145 138 128 115 104 96 90 87 85 83 82 82 84 87 92 97 102 109 118 126 134 141 146 151 154 154 154 154 153 152 149 145 142 139 137 134 132 131 130 129 128 126 124 122 122 121 120 117 115 112 108 106 103 100 97 94 92 91 90 89 87 86 84 83 80 78 75 71 67 64 61 59 57 55 53
104 106 108 109 111 113 115 117 120 122 122 123 124 125 126 129 130 133 135 138 140 142 144 145 146 148 150 151 152 152 151 150 148 146 145 144 143 141 139 138 137 139 144 145 143 136 128 119 107 98 93 89 86 84 83 84 86 89 93 97 102 108 115 123 131 139 144 148 151 152 152 151 150 149 149 146 142 137 134 131 130 128 127 126 126 125 123 122 120 120 119 118 117 114 112 108 105 103 100 97 95 93 92 91 90 89 87 86 84 82 79 76 72 68 65 61 59 56 55 53
104 106 108 109 111 112 115 117 120 123 124 126 127 129 131 133 136 138 139 141 142 143 143 144 145 146 147 148 148 148 146 145 143 142 141 140 140 139 138 138 138 140 141 140 136 129 122 112 102 96 92 90 87 85 86 89 92 95 99 103 109 115 121 127 134 139 144 148 148 148 147 147 146 146 145 141 137 133 130 127 125 123 122 122 122 122 121 120 119 118 117 117 116 113 111 108 104 102 100 98 96 94 92 91 91 90 89 87 85 83 81 77 73 69 65 62 59 56 54 53
104 106 107 108 110 112 114 117 120 122 124 126 128 131 134 137 138 140 141 141 142 142 142 143 143 144 144 143 143 142 141 140 139 138 136 136 137 136 135 137 138 137 138 136 132 126 118 109 102 98 96 92 89 89 91 95 98 101 105 110 115 121 125 130 134 137 140 142 143 143 142 142 142 141 140 136 132 129 125 123 121 119 119 119 119 119 119 119 117 116 115 115 114 112 110 107 104 101 99 97 96 94 93 91 91 90 89 88 86 84 81 78 74 70 66 62 59 56 54 52
104 105 107 108 110 111 113 116 118 120 122 125 128 132 135 138 139 140 141 141 141 141 140 141 141 141 141 140 139 138 136 135 134 132 131 132 132 132 133 135 136 136 135 133 128 123 116 110 105 102 100 96 92 93 97 100 103 107 111 116 121 125 128 131 134 136 138 138 139 139 138 138 137 137 135 132 128 125 122 119 117 116 115 115 116 117 117 116 115 114 113 113 112 111 109 106 103 100 98 96 95 94 92 91 90 89 88 87 85 83 81 78 74 71 66 63 59 56 54 52
102 104 106 108 109 110 112 114 115 116 119 123 126 130 133 135 137 138 139 140 140 139 139 139 138 138 137 136 136 134 132 130 129 128 128 129 129 130 132 134 136 135 134 131 127 122 117 112 109 106 103 99 97 99 102 106 108 112 117 122 125 128 129 131 133 135 135 135 135 134 133 133 133 132 130 128 124 121 119 116 114 112 112 112 113 115 115 114 113 112 112 111 110 108 106 104 101 98 96 94 93 92 91 90 89 87 86 84 82 80 78 76 73 70 66 63 60 57 54 53
101 103 105 106 107 109 110 111 111 112 114 117 121 123 126 129 131 133 134 135 136 136 134 134 134 133 132 132 132 130 128 126 124 123 124 125 127 129 131 133 134 134 132 130 126 122 118 115 111 109 107 103 101 103 107 111 114 118 123 126 128 129 129 130 131 132 133 133 131 130 129 128 128 128 126 124 121 118 115 113 111 110 110 110 111 112 112 112 111 110 109 108 106 104 102 100 97 95 93 91 90 88 87 86 84 83 81 79 77 75 73 71 70 68 66 63 60 57 55 53
100 102 103 104 105 106 107 107 106 106 106 107 110 112 117 120 123 124 125 127 128 128 127 127 127 127 125 124 123 122 120 119 117 117 119 121 123 126 129 130 131 131 130 128 125 122 120 117 114 111 109 107 106 107 110 115 119 122 125 127 128 128 127 127 128 129 130 130 129 127 126 125 125 124 122 120 117 114 112 110 108 108 108 108 109 109 108 107 106 105 104 102 100 98 96 94 92 90 87 85 83 82 80 79 76 74 72 71 70 68 66 64 64 64 63 61 59 57 55 53
99 100 101 101 102 103 102 101 99 97 96 96 98 101 106 109 112 113 114 115 116 116 116 117 117 115 113 112 112 111 110 109 108 109 112 114 117 120 123 124 126 126 125 123 122 120 118 117 115 112 110 109 108 109 112 117 121 123 125 125 125 124 124 124 125 126 126 127 126 125 123 122 121 120 118 116 113 110 108 106 105 104 104 105 104 104 103 102 100 98 96 94 91 88 87 86 83 81 79 77 75 73 71 69 67 65 63 63 61 60 59 57 57 57 57 57 57 56 54 52
98 98 98 98 98 97 96 94 91 89 87 87 89 92 95 97 99 100 100 100 101 102 102 103 103 101 99 97 98 97 97 96 96 97 100 102 106 110 113 115 117 117 117 116 116 115 115 114 112 110 109 108 108 110 113 117 121 123 123 122 121 121 121 122 123 123 123 123 123 122 120 118 117 116 113 110 107 105 102 100 99 97 96 96 96 96 96 94 92 89 86 82 79 76 75 74 72 71 69 67 65 63 62 60 59 57 56 56 54 53 52 51 50 50 50 51 51 52 52 51
95 95 94 93 91 89 87 85 83 81 79 80 83 85 87 88 87 87 87 87 87 87 86 87 87 85 83 82 81 81 81 80 80 81 84 87 91 96 100 103 106 107 107 107 108 108 108 107 107 106 106 106 107 109 112 116 120 121 120 119 118 117 118 119 120 120 119 118 118 118 116 114 112 110 107 104 101 98 95 93 90 88 86 85 84 84 83 81 78 75 73 69 65 62 61 61 60 59 58 56 55 54 53 52 52 51 51 51 50 49 48 46 45 45 45 45 46 47 48 48
93 91 90 87 84 81 79 78 76 74 74 75 78 79 79 79 78 78 77 77 76 75 74 74 73 72 70 68 67 66 65 64 65 66 69 73 77 82 87 90 94 97 97 98 98 100 100 100 100 101 102 103 105 108 111 115 117 118 117 116 116 115 115 115 115 115 113 112 112 112 110 107 105 103 100 97 93 90 87 83 80 78 74 72 70 68 66 64 62 61 59 56 53 51 49 49 49 49 48 48 47 47 47 46 46 46 47 47 47 46 45 43 42 42 42 41 41 42 43 44
88 85 83 81 78 76 73 72 71 69 70 71 72 73 73 72 71 70 69 68 67 66 65 64 63 61 60 57 56 54 52 51 52 54 57 60 64 69 73 78 82 86 87 88 89 90 91 91 92 94 96 99 102 105 109 112 115 116 116 115 113 112 111 111 111 109 107 107 107 106 104 101 97 94 91 87 84 80 77 73 69 66 62 59 57 55 52 51 49 49 48 46 44 42 41 41 40 40 41 41 41 41 41 42 42 43 43 44 44 44 43 41 40 39 39 38 38 39 40 41
83 80 77 76 75 73 71 69 68 67 67 68 68 68 68 66 64 63 62 61 59 58 57 56 55 52 50 48 47 45 43 42 43 44 46 49 53 57 61 66 71 75 77 78 79 81 82 82 83 86 90 94 97 102 106 110 113 114 114 113 111 109 108 107 105 103 101 100 100 99 97 92 88 84 81 77 74 71 67 63 59 55 51 49 47 45 44 43 41 41 40 39 37 36 36 35 35 35 35 36 36 37 38 38 39 40 41 42 42 42 41 40 39 38 38 37 37 37 38 40
80 78 77 76 75 73 71 69 68 67 66 66 66 65 64 63 61 59 57 55 53 51 50 49 48 46 43 41 40 39 37 37 37 37 39 41 44 48 52 56 60 64 67 69 71 72 74 74 76 79 84 89 93 97 103 107 110 111 111 110 108 107 105 103 100 98 96 95 94 92 89 84 79 74 70 68 65 61 57 54 50 47 43 41 40 38 37 37 36 35 34 33 32 32 32 32 32 32 33 33 34 35 36 36 37 38 40 40 41 40 40 39 38 38 37 37 37 38 39 40
79 77 76 75 74 72 70 68 67 66 65 64 62 61 60 59 57 55 53 50 48 46 45 44 43 41 39 38 36 35 34 33 34 34 36 37 39 42 45 48 53 56 58 61 63 65 68 69 70 74 79 84 89 95 100 104 107 108 108 107 106 104 102 100 97 93 91 88 87 84 80 76 71 66 62 58 56 53 49 46 43 40 37 36 35 34 33 32 31 31 30 29 29 29 30 30 31 31 32 33 34 35 36 36 37 38 38 39 40 40 39 39 38 38 38 38 38 38 39 41
78 76 75 74 74 72 70 67 66 65 63 61 60 59 57 56 55 53 50 48 46 45 43 42 41 39 37 35 34 32 32 32 32 32 33 35 36 38 40 43 46 50 52 54 57 59 63 65 67 71 76 81 87 92 97 102 105 106 106 105 104 102 100 97 93 89 84 81 79 76 72 67 62 58 54 50 48 45 43 40 38 36 34 32 31 31 30 29 28 28 28 28 29 29 30 31 31 32 33 34 34 36 36 37 37 38 38 39 40 40 40 40 39 39 39 39 40 40 41 42
79 77 76 76 75 73 71 67 65 64 62 60 59 57 57 55 54 53 51 48 47 47 46 44 41 38 36 34 33 31 30 30 30 30 31 32 33 35 37 40 42 45 47 50 52 55 58 61 64 69 74 79 85 91 97 101 104 105 105 104 103 100 97 93 89 83 78 74 71 68 64 60 55 52 48 44 42 40 38 36 34 33 31 30 29 29 28 27 27 27 27 27 28 28 29 30 31 32 33 34 34 35 36 37 38 38 39 39 40 40 41 41 41 41 41 41 41 42 43 44
82 79 78 77 76 74 71 68 66 64 62 60 58 57 56 55 54 53 52 50 50 52 53 50 45 41 38 35 32 31 29 28 28 28 29 29 30 32 34 36 39 41 44 46 49 52 55 59 63 67 73 79 86 93 98 102 105 106 106 105 103 99 95 89 84 78 73 68 64 61 57 53 50 46 43 40 38 36 34 33 31 30 29 28 27 27 26 25 25 25 25 25 26 26 27 29 30 30 31 32 33 34 35 36 36 37 38 38 39 40 40 41 41 42 42 43 43 43 44 45
87 84 80 77 75 72 70 67 65 63 61 60 59 58 55 54 53 52 53 55 57 60 62 59 53 47 42 38 35 33 31 29 29 28 27 28 28 29 30 32 35 38 40 43 45 49 52 56 61 67 74 81 88 95 101 104 106 107 107 105 102 97 92 86 80 75 69 64 60 56 52 48 44 41 38 36 34 32 30 29 28 27 26 26 25 24 24 23 23 24 24 25 25 26 28 29 30 30 31 31 32 32 33 34 34 34 35 36 37 38 39 40 41 42 43 44 44 45 46 47
92 87 82 78 74 71 69 66 63 61 59 57 55 53 54 56 56 57 60 64 67 69 70 67 59 51 45 40 38 36 35 34 33 32 30 29 29 28 28 28 31 33 37 40 42 46 50 55 60 67 75 83 91 98 103 106 108 108 108 106 102 97 91 85 78 72 67 61 56 52 47 43 40 37 34 31 30 28 27 26 25 25 24 24 23 23 23 22 23 23 23 24 25 26 27 29 30 31 32 32 33 33 33 33 32 32 32 33 34 35 37 39 40 41 42 44 45 46 47 48
95 90 85 80 75 72 69 66 62 58 55 52 52 55 59 63 65 66 67 66 64 63 62 58 52 46 41 37 36 34 35 36 36 36 35 33 32 31 29 29 29 30 33 36 40 44 49 54 60 67 76 85 93 101 106 109 110 111 111 107 103 98 92 85 78 72 66 60 54 49 44 39 36 33 30 28 26 25 24 23 23 24 24 24 24 23 22 22 22 21 21 22 23 24 25 26 28 31 33 34 35 35 35 34 33 33 32 32 32 33 35 37 39 41 42 44 45 47 48 49
99 94 88 83 79 74 70 66 61 57 53 53 56 60 63 65 66 66 61 55 49 45 43 44 41 35 31 30 30 30 34 36 37 37 37 36 35 34 34 33 32 31 32 35 39 44 49 55 62 70 79 89 98 105 110 113 115 116 115 111 107 101 94 87 80 73 66 59 52 46 40 36 32 30 28 26 24 23 23 23 23 24 25 25 25 24 22 21 20 19 19 18 19 20 21 22 25 30 33 35 36 36 36 35 35 34 34 33 33 34 35 37 39 41 43 45 46 47 48 50
102 98 93 88 84 79 75 70 66 61 59 59 60 61 61 60 59 56 50 44 38 33 29 34 32 25 24 26 28 30 35 42 44 42 39 38 37 37 37 38 38 38 38 39 43 47 52 59 66 73 83 94 102 109 114 119 121 123 122 117 112 105 98 90 82 75 67 59 51 44 38 33 30 28 26 24 23 23 23 23 23 24 25 27 27 25 23 21 20 18 17 16 16 18 19 21 23 27 33 36 37 37 35 35 35 35 35 35 35 36 37 39 41 42 44 46 47 48 49 50
106 103 98 94 90 85 81 77 74 69 66 63 60 60 57 55 54 53 50 43 35 31 29 27 24 21 22 27 31 32 38 48 53 51 46 41 39 40 42 46 48 48 49 52 55 56 60 65 71 78 87 97 106 113 120 125 130 132 130 125 118 111 102 94 86 79 70 61 51 43 37 33 30 28 26 25 24 24 23 23 23 24 26 28 30 28 25 23 22 20 18 17 18 19 21 22 24 28 34 38 39 39 38 37 36 35 36 36 37 38 40 42 43 45 46 48 48 49 50 51
110 108 105 101 97 93 89 85 81 76 71 66 62 62 60 59 60 61 58 48 37 33 33 30 26 25 26 30 33 35 42 51 57 57 52 47 44 46 54 61 62 60 61 67 72 72 71 74 78 83 90 100 110 118 125 133 139 143 140 133 126 117 107 98 91 83 73 62 52 44 39 35 32 30 28 27 26 26 25 26 26 27 29 31 33 32 29 26 25 24 22 21 21 22 24 26 29 33 37 42 45 46 44 42 40 39 39 39 40 41 42 44 45 47 48 50 50 51 51 52
115 113 111 108 105 101 97 93 89 84 78 73 69 69 71 72 73 72 67 55 43 37 37 35 32 31 32 33 35 39 47 57 62 63 60 57 55 56 63 73 75 73 74 82 90 88 82 81 84 87 92 101 111 121 129 139 147 151 149 141 133 123 113 104 96 87 76 64 54 46 41 38 36 35 34 32 31 31 33 33 34 34 36 38 40 40 37 33 31 30 28 27 26 28 30 34 38 42 46 51 53 53 51 49 47 45 44 44 44 45 46 47 48 49 51 52 53 53 53 54
119 118 117 115 113 109 107 103 100 95 90 85 80 77 80 85 87 85 81 71 58 48 42 40 37 36 36 39 44 51 59 67 72 72 70 69 68 70 77 86 91 91 94 99 103 99 91 87 88 90 94 101 111 121 131 141 151 157 155 148 139 129 120 110 101 90 79 67 56 49 44 41 40 40 40 40 40 42 44 46 46 46 47 49 52 54 53 49 46 43 41 40 39 40 43 47 51 55 58 61 61 60 59 57 54 52 51 49 49 49 50 51 51 52 53 54 55 55 56 56
123 123 123 122 120 118 116 112 109 106 101 96 90 85 85 89 94 94 93 90 84 74 65 58 54 52 54 58 62 68 74 79 82 81 79 78 80 83 91 103 110 114 116 115 111 105 97 92 92 94 97 103 111 121 132 143 153 160 159 151 143 135 125 115 105 94 82 69 59 52 48 45 44 44 46 49 52 55 59 63 63 63 63 63 66 70 71 70 65 62 58 56 55 55 57 59 62 66 70 72 71 69 67 63 60 58 55 54 54 54 54 55 55 55 56 57 57 57 57 58
128 129 129 128 127 126 123 120 118 115 111 106 99 94 91 93 96 98 99 100 100 97 89 85 79 76 76 76 76 79 82 84 86 87 87 88 91 96 105 115 123 129 131 124 115 107 99 96 97 98 100 105 113 122 133 145 155 162 161 154 146 137 128 117 107 96 84 72 63 56 52 50 49 50 53 59 65 71 77 80 81 81 81 81 83 85 87 86 83 78 75 72 71 70 70 71 75 78 81 82 80 76 72 67 64 61 59 58 58 58 58 59 59 59 59 60 59 59 59 60
132 133 134 133 133 131 128 126 123 121 118 113 107 102 99 98 99 101 103 104 105 104 98 94 90 86 83 83 85 88 90 90 92 94 95 99 103 109 116 124 132 137 136 127 117 109 102 100 101 102 104 107 114 122 132 144 155 163 162 156 148 139 129 120 110 100 88 76 67 60 57 55 55 56 60 67 75 83 88 91 94 94 94 94 94 96 96 95 94 91 88 86 85 84 84 84 87 89 88 86 82 78 74 69 66 63 62 62 62 63 63 64 64 64 64 64 63 62 62 62
134 136 137 137 137 135 133 130 127 125 123 120 115 110 106 104 103 105 108 110 110 109 108 104 100 97 95 95 98 100 100 100 101 103 105 109 113 117 123 130 135 137 134 126 117 110 105 104 106 106 107 109 115 122 131 143 156 164 163 156 149 141 131 121 112 102 90 79 70 64 62 61 61 62 66 72 80 88 95 99 101 103 103 102 101 101 101 100 99 97 95 93 91 90 89 89 89 90 88 86 82 79 75 72 69 67 66 66 67 67 68 69 69 70 71 71 69 67 66 66
136 137 139 140 140 139 136 133 131 130 128 126 124 120 116 113 111 111 113 114 114 113 113 113 112 111 111 111 109 111 110 111 113 114 117 119 121 125 129 133 136 135 130 124 117 112 108 108 110 110 110 112 116 123 131 142 156 163 162 156 150 142 132 122 113 104 93 82 73 67 65 65 65 68 71 76 83 91 96 101 104 106 108 108 107 108 108 107 106 104 102 99 96 94 93 92 91 89 88 86 83 79 77 74 72 71 71 72 73 73 74 75 75 77 78 78 76 73 71 71
136 138 140 142 143 142 140 137 136 135 133 132 131 128 125 122 120 119 120 120 121 120 120 121 121 122 123 123 121 123 125 126 127 126 126 127 129 131 135 138 138 135 129 124 119 114 112 112 114 114 113 114 118 123 130 141 155 163 161 156 149 141 132 123 113 104 93 83 75 70 68 68 69 71 75 79 84 90 96 101 105 107 109 110 111 112 112 112 111 110 108 106 103 100 97 95 93 91 89 86 83 81 79 77 77 77 77 78 79 79 81 82 82 83 84 84 82 79 77 76
137 139 141 143 145 145 144 142 140 139 138 137 136 135 132 130 129 127 127 127 128 128 129 129 130 131 134 135 136 138 138 139 138 133 131 132 134 136 140 142 140 135 130 126 121 117 116 116 117 117 116 116 118 122 129 139 152 161 161 156 148 140 132 123 113 104 93 84 76 72 70 70 71 73 78 82 86 91 95 100 104 107 110 112 113 114 115 115 115 114 113 110 108 105 101 99 97 94 91 89 86 85 84 83 83 84 84 84 85 86 88 89 90 90 90 89 87 83 81 81
136 139 142 145 147 149 149 147 145 144 143 141 140 139 138 136 135 133 133 133 135 135 136 137 138 140 143 146 146 146 146 145 141 138 136 136 138 141 143 143 139 135 131 128 123 120 119 120 120 119 118 118 119 122 128 136 148 158 161 157 149 140 132 122 113 104 94 85 78 73 72 71 72 74 78 83 88 91 95 99 104 108 111 113 114 115 116 117 117 116 116 114 112 109 105 103 100 98 95 93 91 91 90 90 90 90 90 90 91 93 95 96 97 96 95 93 90 87 84 83
136 139 143 146 149 151 151 151 150 148 146 144 143 142 141 140 138 137 138 138 139 140 140 141 143 145 148 150 150 150 148 147 144 141 140 140 142 144 145 142 139 136 133 129 125 122 122 122 122 121 120 119 119 122 127 134 144 156 160 156 149 140 131 122 112 103 94 85 78 74 72 72 72 74 78 83 88 92 95 99 104 109 112 114 116 117 117 117 118 118 117 116 115 112 109 106 103 101 100 98 97 96 96 96 97 97 97 97 98 99 101 103 103 102 100 97 92 89 86 85
137 140 143 148 152 154 155 155 154 151 150 148 146 145 144 143 142 142 142 142 142 143 144 145 147 148 151 152 152 151 150 148 145 144 142 141 143 145 145 142 139 137 134 130 126 124 124 124 124 123 122 121 120 121 125 132 141 152 157 155 148 140 131 122 112 103 94 85 78 74 72 72 73 74 77 81 86 91 95 99 103 108 113 116 118 119 118 118 118 118 117 117 116 114 111 108 106 105 104 103 102 101 101 102 103 104 104 104 104 105 107 108 108 106 103 99 94 89 86 86
136 139 144 149 153 156 158 159 158 156 154 152 150 149 149 148 147 146 147 146 148 149 151 152 154 156 157 157 155 152 149 147 146 145 143 142 143 145 144 142 139 137 134 130 127 125 125 125 124 124 123 122 121 121 124 130 138 148 153 152 147 139 130 121 112 103 94 85 79 75 72 73 73 75 77 80 84 89 93 98 103 108 112 117 120 121 121 120 119 118 118 117 116 114 112 110 108 108 107 106 106 106 106 107 108 110 111 110 110 111 112 112 111 108 104 100 94 89 87 87
135 139 144 149 154 158 161 162 161 160 159 157 155 155 155 154 152 150 151 151 153 156 157 159 160 161 160 157 153 149 146 145 145 145 143 143 144 145 144 142 139 136 133 129 126 125 124 124 124 123 122 121 121 121 123 128 135 144 149 149 144 137 130 122 113 103 93 85 79 75 73 73 74 75 76 79 83 87 91 96 102 107 112 116 120 123 123 121 120 119 119 118 117 115 114 112 110 110 109 109 110 110 111 112 114 115 116 116 116 116 115 115 113 109 105 99 94 89 86 87
134 138 143 149 154 158 162 164 164 164 163 162 162 162 161 159 158 156 155 156 158 160 161 162 162 161 159 154 149 143 141 142 143 143 144 146 146 145 144 142 138 135 131 128 124 123 123 122 123 123 122 120 119 120 122 126 133 141 146 145 141 135 129 122 113 103 94 85 79 75 73 73 73 74 76 78 81 85 89 94 100 106 111 115 120 122 123 122 121 121 120 119 118 117 116 114 112 112 112 113 114 115 115 116 118 119 120 121 120 120 118 116 113 109 104 98 92 88 86 87
133 137 142 148 153 158 162 165 167 168 168 169 170 169 167 166 164 162 159 158 160 162 163 163 163 162 158 152 145 140 139 141 143 145 146 147 146 145 143 140 136 132 129 125 122 121 121 121 121 121 121 119 118 119 121 124 129 137 143 144 140 134 127 121 113 103 94 85 79 74 72 72 73 74 75 77 80 83 86 91 97 104 110 115 118 121 122 122 122 122 122 121 120 120 118 116 114 114 114 116 117 118 119 120 121 123 123 124 124 122 120 117 113 108 102 96 90 86 84 87
131 136 141 146 152 157 161 165 168 171 173 175 176 175 174 173 170 167 164 161 161 161 162 163 163 161 156 149 143 139 139 141 145 148 149 148 146 144 142 138 133 130 128 124 121 119 118 118 119 119 119 118 117 117 119 122 128 136 141 143 139 133 126 119 111 103 94 85 78 73 71 71 72 72 73 75 78 82 85 89 95 101 108 114 117 120 122 123 123 123 123 123 123 122 120 119 117 116 117 119 120 121 123 123 124 125 125 125 125 123 120 117 112 107 100 94 88 84 83 86
129 133 138 144 149 155 159 163 168 173 176 179 181 180 179 178 176 173 169 166 163 161 161 162 161 158 152 146 141 139 141 144 148 150 150 149 147 144 140 136 132 129 126 123 120 117 116 116 116 116 117 116 115 115 117 121 127 134 140 141 138 131 124 116 109 101 93 85 78 73 70 70 71 71 72 74 77 80 83 88 93 100 107 113 117 120 122 123 123 123 124 124 124 123 121 120 119 119 119 120 121 122 123 124 125 125 125 125 124 122 119 115 110 104 98 92 86 82 82 85
125 130 136 141 146 152 157 161 166 171 176 180 182 183 182 182 181 179 174 169 164 161 161 160 159 155 149 142 138 139 144 149 152 152 151 150 148 143 138 134 131 127 124 122 119 117 115 114 114 114 114 114 114 114 115 119 124 131 137 140 138 131 123 115 108 101 93 85 78 73 70 69 69 70 71 73 75 78 82 86 92 99 106 113 117 120 122 124 124 123 124 125 124 123 121 120 119 119 119 121 121 121 123 123 124 124 124 123 122 120 116 112 107 101 95 89 83 80 80 88
122 128 133 138 143 148 153 158 161 166 172 177 181 184 184 185 185 183 178 171 166 163 161 159 156 154 149 141 136 140 148 154 155 154 151 150 148 143 138 134 131 127 124 121 118 115 113 112 112 112 112 112 112 113 114 118 122 128 133 137 136 131 123 115 108 101 94 86 79 73 69 67 67 68 69 71 74 76 80 85 91 97 105 111 116 119 122 124 124 124 124 124 124 122 120 118 118 118 119 120 121 121 121 122 122 122 121 120 119 116 113 109 104 98 92 86 81 78 80 89
119 125 130 135 139 145 150 154 157 161 166 173 178 181 184 186 186 185 181 174 169 167 164 161 158 156 152 145 140 145 154 158 157 155 153 152 149 145 139 134 130 126 123 120 116 114 112 111 110 110 111 111 111 112 113 116 120 124 129 133 133 129 122 115 108 101 94 87 80 73 69 66 66 66 68 70 73 75 79 85 91 97 105 111 114 118 121 123 124 124 124 124 124 123 119 118 118 118 118 119 120 119 119 119 119 119 118 117 115 112 109 105 100 95 89 83 79 77 80 91
116 122 126 131 135 140 146 150 153 156 161 166 172 177 182 185 186 186 183 180 175 171 169 166 163 161 157 152 151 154 159 161 160 158 157 155 151 146 141 136 131 125 121 118 115 113 111 109 107 108 109 109 109 110 112 114 117 121 126 130 130 127 122 116 109 102 95 88 80 74 68 65 64 64 65 68 71 74 78 84 91 99 105 110 113 117 120 123 124 125 124 124 124 122 120 118 117 117 117 118 118 117 117 116 116 115 114 113 111 108 105 101 97 92 86 80 76 76 80 93
113 118 122 127 132 136 141 145 148 152 156 160 165 171 175 178 181 183 184 182 179 175 172 170 168 164 161 159 160 160 162 164 163 161 159 156 152 147 142 136 131 125 121 117 114 111 109 107 106 106 106 107 108 108 110 112 115 118 122 126 127 125 121 116 109 102 95 89 82 74 68 64 62 61 62 65 69 73 78 84 91 98 105 110 112 115 118 121 123 125 124 124 123 122 120 118 117 117 116 116 116 116 115 115 113 112 110 109 107 104 101 97 93 88 83 78 74 75 82 97
112 115 119 123 128 132 136 139 143 147 152 155 159 162 165 169 174 177 180 180 179 177 176 173 169 166 164 164 165 165 165 166 164 162 159 156 152 148 143 136 130 124 120 116 113 110 107 106 105 104 105 105 106 107 108 110 113 117 120 123 124 124 120 115 109 103 96 89 82 75 69 63 60 59 59 62 66 71 77 84 91 98 104 109 112 114 116 120 122 123 124 124 123 122 120 119 118 117 117 115 114 114 113 112 111 109 107 105 103 101 98 94 90 85 80 75 73 75 85 99
109 113 117 121 125 128 131 135 139 143 147 150 152 154 157 160 164 169 173 176 177 177 175 173 170 167 166 166 167 168 168 167 165 163 160 156 152 148 143 136 129 123 118 114 110 108 105 104 103 102 103 104 105 106 108 110 113 116 118 122 124 122 120 115 110 103 97 90 83 76 69 63 59 57 57 59 64 70 77 84 91 97 104 109 112 113 116 119 121 122 123 122 122 122 121 119 118 117 117 115 113 111 110 109 108 105 103 101 99 97 94 91 87 82 77 74 73 75 87 102
108 112 115 119 122 124 127 131 134 138 141 144 145 147 149 152 158 162 167 171 174 174 173 171 169 167 167 166 167 170 170 168 165 163 159 156 151 146 142 136 129 123 117 112 108 105 103 102 101 101 101 102 103 105 107 110 113 116 119 121 123 122 119 115 110 104 98 92 85 77 70 63 59 56 55 56 61 68 75 83 91 97 103 108 112 114 116 118 120 121 121 121 122 121 120 119 118 117 116 115 112 109 108 106 105 103 100 97 96 94 91 88 84 80 75 74 74 76 89 104
107 111 114 117 119 120 123 126 128 132 136 139 140 141 143 147 152 156 160 165 169 169 168 168 167 166 167 167 168 169 170 167 163 160 156 153 150 145 140 134 127 120 114 109 104 102 101 100 99 99 100 101 103 105 107 110 114 116 119 121 122 122 119 115 111 105 99 93 86 79 71 64 59 55 53 54 58 66 74 83 91 97 103 108 112 115 117 118 119 118 118 119 120 120 119 119 118 117 116 114 111 108 106 104 103 100 97 95 93 91 88 85 81 77 74 73 72 77 92 105
106 109 112 115 116 117 119 121 124 127 131 134 137 138 140 143 147 151 154 158 161 163 163 162 163 164 165 166 167 167 168 167 163 159 156 152 148 143 138 132 125 118 111 105 101 99 98 97 97 97 98 101 103 104 108 111 114 117 119 122 123 123 122 118 113 108 102 95 88 81 73 65 59 55 53 52 56 64 73 82 91 98 103 108 112 115 117 118 118 116 116 116 117 118 118 118 117 116 115 112 110 107 104 102 100 97 95 92 90 87 84 81 78 74 72 71 72 78 93 106
104 107 109 111 113 114 115 117 120 123 127 131 133 136 137 140 143 146 149 151 154 156 158 157 158 161 162 164 165 165 165 164 161 158 154 150 146 141 136 130 123 116 107 101 97 96 96 96 96 96 98 100 103 105 108 111 115 118 121 123 126 127 126 122 117 112 106 98 90 83 75 67 60 56 53 51 53 60 70 80 89 97 103 108 112 115 117 118 117 114 114 114 114 116 117 116 115 114 113 111 108 105 102 99 97 95 92 90 87 84 81 78 75 71 70 71 73 81 96 107
102 104 107 108 109 111 112 114 117 119 122 126 130 132 135 138 141 143 145 147 148 150 152 153 155 158 159 160 161 162 162 160 158 155 152 149 144 139 135 129 122 114 105 98 94 94 94 95 95 96 97 100 103 105 108 111 115 120 123 126 130 133 131 126 122 116 109 101 93 85 77 70 63 57 53 51 51 57 67 78 87 95 102 107 112 115 116 116 116 114 112 111 112 114 114 114 113 112 111 109 106 103 100 97 95 92 90 87 85 81 78 75 72 69 68 70 74 84 99 110
99 102 104 106 106 107 109 112 114 117 119 123 126 129 131 134 138 141 143 144 145 145 147 150 152 155 156 156 158 159 158 157 155 153 150 146 142 137 133 128 121 112 104 97 93 93 94 94 95 96 98 101 103 106 108 111 116 122 127 131 134 137 136 133 126 119 111 104 95 87 79 72 64 58 54 51 50 54 64 75 85 93 101 106 111 113 114 115 114 113 111 110 111 112 113 112 111 111 110 107 104 101 97 95 92 89 87 85 82 79 76 72 69 67 67 70 74 87 101 111
97 99 102 103 104 105 106 109 112 114 116 119 123 126 128 131 135 138 140 141 142 143 144 146 149 152 154 155 154 154 155 154 151 149 146 142 139 135 130 125 118 110 103 96 93 93 94 94 95 96 98 101 104 107 109 113 119 125 132 139 142 143 144 139 131 122 113 105 96 87 79 72 65 59 55 52 50 52 61 72 83 92 100 105 110 112 113 114 113 112 111 110 110 111 111 110 109 109 107 105 102 98 95 92 89 87 84 82 80 77 73 70 67 65 67 69 75 90 104 114
96 97 100 101 102 103 105 107 109 112 114 116 119 122 125 128 131 134 136 138 139 141 142 144 146 149 152 153 152 152 152 151 148 146 143 140 136 132 128 123 116 108 101 96 94 94 94 95 95 96 99 101 104 107 110 114 120 129 138 147 150 150 150 146 136 125 116 107 98 88 81 73 66 60 57 53 50 50 57 69 81 90 98 104 108 112 113 113 113 112 111 110 109 110 110 109 107 106 105 103 100 96 93 89 86 84 82 79 77 74 71 67 64 64 66 69 77 93 105 116
94 96 98 100 101 103 105 106 108 111 113 115 117 119 121 125 129 131 133 135 137 139 141 143 144 147 148 148 148 148 148 147 145 143 140 137 133 129 125 120 114 107 100 95 94 94 95 96 96 97 99 102 104 107 111 115 121 130 142 151 154 152 149 144 135 125 116 106 97 88 80 72 66 61 57 54 51 50 54 64 76 87 95 102 107 110 112 112 112 112 111 110 109 109 109 108 106 104 102 100 97 94 91 87 84 81 79 77 74 71 68 65 63 64 67 70 81 97 108 119
94 94 97 99 101 103 104 106 107 109 111 113 115 117 118 121 126 129 131 133 135 137 140 142 143 144 145 146 144 143 143 143 141 139 137 135 131 126 122 117 112 106 99 95 94 94 95 96 96 97 99 102 104 107 111 116 121 128 140 147 150 148 142 137 130 122 113 104 95 86 78 70 64 59 55 53 52 50 51 60 72 83 93 100 105 108 110 111 112 111 111 110 109 109 108 106 104 102 100 97 95 91 88 85 82 79 77 74 72 69 67 64 63 65 68 74 86 100 110 124
93 94 96 98 100 102 104 105 106 107 110 112 113 114 115 118 123 127 128 130 133 135 138 140 141 141 142 142 141 140 141 140 138 136 133 131 127 123 119 115 111 106 99 95 94 94 95 96 96 97 99 101 103 106 110 114 119 125 134 140 143 140 135 130 125 118 110 101 92 83 75 67 61 56 53 52 51 50 51 57 67 79 89 97 103 106 109 110 111 111 111 110 109 108 107 105 103 100 97 95 92 89 86 83 80 77 75 72 70 67 65 62 63 66 70 79 92 104 114 129
92 93 95 97 99 101 103 105 106 106 108 110 112 113 114 116 120 124 126 128 131 134 135 137 138 139 139 139 139 138 139 137 135 133 129 126 123 121 118 115 111 106 100 95 94 94 95 95 95 96 97 99 101 103 107 111 116 121 128 132 133 131 127 123 119 113 105 97 88 79 71 63 57 53 51 50 50 50 51 54 63 73 84 93 99 103 106 109 110 111 110 110 109 107 105 103 101 98 95 93 90 87 84 81 78 75 73 70 68 66 63 61 63 66 72 83 96 107 117 136
92 92 94 96 98 100 102 104 105 106 108 110 112 113 114 115 118 122 125 127 129 131 133 135 136 137 136 136 135 135 136 134 132 129 124 121 119 118 117 115 112 106 101 96 95 94 94 94 94 94 94 95 96 98 101 106 111 116 120 123 123 123 120 116 112 106 100 91 82 73 65 58 53 50 48 48 49 50 50 52 59 68 79 88 95 100 104 107 109 110 110 109 108 106 104 102 99 96 93 91 88 85 82 79 77 74 72 69 67 64 61 61 63 67 75 86 98 108 121 142
91 91 93 96 97 99 101 103 105 106 107 110 112 113 113 115 117 120 123 125 127 129 131 133 134 134 134 133 132 132 132 130 128 126 122 118 116 116 117 117 114 109 102 97 94 93 93 92 91 90 89 88 88 90 94 98 104 109 112 114 115 113 112 108 104 98 92 84 75 66 59 53 49 47 46 46 48 49 50 52 57 64 74 83 90 96 101 105 107 108 108 108 107 105 103 100 97 95 92 89 86 83 81 78 76 73 71 68 66 63 60 60 63 69 78 89 101 110 125 147
91 91 92 94 96 98 101 103 105 106 108 110 111 112 113 115 116 118 121 123 125 127 129 131 132 132 132 131 129 128 127 126 125 124 120 117 116 117 119 119 116 110 102 96 93 91 90 88 86 84 81 80 80 81 85 89 94 99 103 105 105 104 102 99 95 89 83 75 67 59 52 48 45 44 43 45 47 49 51 52 56 61 69 79 86 92 98 102 105 106 107 106 105 103 101 99 96 93 90 87 84 82 79 77 74 72 70 67 65 62 59 60 64 71 81 91 103 114 130 152
90 90 91 93 95 97 100 103 105 107 109 110 111 112 113 115 116 117 120 122 123 125 127 129 130 131 131 129 127 126 124 123 122 121 119 118 118 120 122 123 120 113 104 96 91 88 85 81 77 75 72 70 69 71 75 80 85 90 94 96 96 95 93 90 85 80 74 66 58 51 46 42 41 40 41 43 46 48 51 53 55 59 66 75 83 89 95 99 102 104 104 103 102 101 99 97 95 92 89 86 83 80 78 76 74 71 69 66 63 60 58 60 64 73 85 96 106 117 134 157
90 89 90 92 94 97 100 103 105 107 109 111 111 112 113 114 116 117 119 120 122 123 125 127 128 129 129 129 127 125 124 122 121 119 119 119 120 123 126 127 123 117 107 97 88 83 79 74 68 65 60 58 58 61 66 71 77 81 85 87 87 86 84 80 76 71 65 57 51 45 40 37 36 37 39 41 44 48 51 54 56 58 64 71 79 86 91 96 99 101 101 101 100 98 97 95 93 90 87 84 82 79 77 75 73 70 68 65 62 59 58 60 65 75 87 98 108 118 138 161
89 88 89 90 93 96 100 103 105 107 109 111 111 112 112 113 115 116 118 119 121 122 124 126 127 127 127 127 126 125 123 122 120 118 119 121 123 127 130 130 127 121 112 101 89 80 73 66 60 55 50 48 48 52 57 63 69 73 78 80 80 77 75 71 67 62 57 50 44 39 35 32 32 34 36 40 44 48 52 54 56 58 62 68 76 83 88 93 96 98 99 98 97 96 95 93 91 89 86 83 81 79 76 74 72 69 66 64 61 58 57 61 66 77 89 100 109 121 144 166
88 87 88 90 92 96 99 102 105 107 109 110 111 111 112 113 114 115 116 118 120 121 123 125 125 125 125 126 125 124 122 121 120 119 121 124 128 131 133 133 129 124 117 107 94 80 70 62 55 51 46 44 44 47 51 56 61 65 70 72 72 70 67 63 58 54 49 44 39 35 31 30 30 32 35 40 44 48 52 54 56 57 61 66 73 80 86 90 93 95 96 96 95 94 93 92 90 88 85 83 80 78 75 73 71 68 66 63 60 57 58 62 68 79 91 102 111 124 147 169
89 86 87 88 92 95 99 102 105 107 108 109 111 112 112 113 114 115 115 116 118 120 122 123 124 124 124 124 123 122 121 121 120 121 123 127 132 135 135 134 130 125 119 112 100 86 73 64 57 52 48 47 46 47 50 54 56 59 63 63 64 63 60 56 52 47 44 39 35 32 30 30 30 33 36 41 45 49 52 54 55 57 60 64 71 78 83 87 91 93 94 94 93 92 91 90 88 86 84 82 79 77 75 72 70 67 65 62 59 57 59 63 70 82 94 104 113 128 152 172
90 86 86 87 90 94 98 102 104 106 108 109 110 112 112 113 114 114 115 116 118 119 120 122 122 122 122 122 122 122 121 121 121 123 127 131 135 138 137 134 131 127 122 116 108 96 82 72 64 59 56 54 54 54 54 57 57 58 59 58 57 56 55 52 48 44 40 36 34 32 31 31 32 35 38 42 46 50 52 54 55 56 59 63 69 76 82 86 88 91 92 92 91 91 90 88 87 85 83 80 78 76 73 71 68 66 63 61 58 58 62 67 75 86 97 107 115 132 156 175
92 86 85 87 89 93 97 101 104 106 107 109 111 112 113 114 114 114 115 116 117 118 119 120 120 120 121 122 122 122 122 122 123 126 130 135 139 141 138 135 131 128 124 120 113 104 93 82 75 68 66 64 64 63 63 64 64 64 62 59 56 54 51 49 47 44 40 37 35 33 33 33 34 37 40 44 47 50 52 53 54 56 58 62 67 74 80 84 86 89 90 90 90 89 88 86 85 83 81 79 77 75 73 70 68 65 62 60 57 58 63 68 77 88 99 109 119 139 161 178
94 86 84 86 89 92 96 100 103 106 107 109 111 112 113 114 115 115 115 116 116 117 118 119 119 120 121 122 123 123 123 124 125 129 133 137 140 142 140 135 131 128 125 121 115 108 100 91 84 77 74 71 69 69 69 70 72 71 69 66 61 57 52 50 48 46 43 39 36 35 34 35 36 38 41 45 48 50 52 53 54 56 58 61 65 71 78 83 85 87 88 88 88 87 86 85 83 81 80 78 76 74 71 69 67 64 61 59 57 59 63 69 79 90 101 110 122 143 164 181
98 87 85 85 88 91 95 99 102 105 107 109 111 112 113 114 115 115 115 116 116 116 117 118 118 119 120 122 123 124 125 127 129 132 136 139 141 141 139 136 132 129 126 121 115 109 101 93 87 81 77 74 72 70 72 73 76 77 76 74 69 64 58 55 52 49 45 42 39 37 36 36 37 39 42 45 48 50 51 52 54 56 57 60 64 70 76 82 84 85 86 86 86 85 84 83 81 80 78 76 74 72 70 68 66 63 61 58 57 60 65 71 81 92 102 111 124 147 168 183
104 90 85 86 87 90 94 98 101 104 106 108 111 113 114 115 115 114 114 115 115 115 116 116 117 119 120 122 123 125 127 130 132 135 138 139 139 139 138 136 133 130 126 122 116 109 101 94 88 81 77 74 70 70 72 74 78 81 82 81 77 73 68 64 59 54 49 45 41 39 38 38 38 39 41 45 47 49 51 52 54 56 57 60 64 70 76 81 84 84 84 84 84 83 82 81 80 78 76 75 73 71 69 67 65 62 60 57 57 62 66 73 84 95 106 116 131 153 172 186
110 93 86 86 87 90 93 97 101 103 106 108 110 112 114 114 115 114 114 114 114 114 114 115 117 118 120 122 124 126 129 132 135 137 138 138 138 137 136 135 133 131 127 122 115 108 100 93 87 81 76 72 69 69 70 74 78 82 85 86 85 83 79 74 68 61 54 48 44 41 40 40 40 41 42 44 47 50 52 53 54 56 58 61 65 71 77 81 83 83 83 82 81 81 80 79 78 77 75 73 72 70 68 66 63 61 59 57 59 64 68 76 87 98 110 121 137 158 176 189
116 94 86 86 87 90 93 97 100 103 105 108 110 112 113 114 114 114 114 113 113 113 113 114 116 118 120 122 125 128 130 133 136 137 137 137 135 133 133 133 133 130 125 119 111 104 96 90 85 81 75 70 67 67 69 74 78 83 86 89 90 90 89 84 76 67 59 53 47 44 43 42 42 43 44 45 48 51 53 54 55 57 59 63 68 73 78 81 82 82 81 80 79 79 78 78 76 75 74 72 70 69 67 65 63 60 58 57 61 65 70 79 90 102 112 124 140 161 178 190
125 97 86 86 87 89 92 96 99 102 104 107 109 111 113 114 114 114 113 113 113 112 113 114 116 118 120 122 125 128 131 133 135 135 134 133 132 130 129 130 131 127 121 114 106 98 93 87 83 79 73 68 66 66 69 73 78 82 86 89 93 93 92 88 81 72 64 58 52 48 46 45 45 46 48 48 50 52 54 56 57 59 62 65 71 75 79 81 82 82 80 78 77 76 77 76 76 74 73 71 69 68 66 64 62 59 57 57 62 66 74 85 96 106 116 128 145 165 181 191
136 105 88 86 87 89 92 95 98 101 103 105 108 110 112 113 114 114 113 113 113 113 113 114 116 118 120 123 126 128 130 132 132 131 130 129 128 126 125 126 127 123 116 107 99 92 88 84 81 76 70 66 65 66 68 73 77 81 84 89 92 93 92 88 83 76 68 62 57 53 49 47 48 49 52 52 54 56 57 59 60 63 65 69 73 77 79 81 81 79 78 77 75 75 75 75 75 74 72 71 69 67 65 63 61 58 56 59 64 69 79 91 101 110 120 135 153 170 184 193
146 114 91 87 87 89 92 94 97 100 102 104 106 109 111 112 113 113 113 113 113 114 114 114 116 118 120 122 124 127 127 127 127 126 124 124 123 122 121 122 121 117 109 100 92 86 82 80 77 74 69 65 63 65 68 73 76 79 82 87 90 91 90 86 82 76 71 66 62 58 54 51 50 52 55 56 58 60 62 63 64 66 68 70 73 76 78 79 78 77 76 74 73 73 73 74 74 73 72 70 68 67 64 62 60 57 57 61 65 72 83 95 104 113 124 141 159 175 187 194
153 123 97 87 87 89 91 94 96 98 100 103 105 107 110 111 112 113 113 112 113 113 114 115 116 117 119 121 122 123 122 121 121 120 119 118 118 118 117 116 115 111 102 94 87 81 79 76 74 73 69 64 62 64 68 72 75 77 80 84 88 90 88 84 79 74 70 66 64 62 59 54 52 53 56 57 59 63 65 65 66 67 68 70 72 74 76 76 76 76 73 71 70 70 71 72 73 73 72 70 68 66 64 61 59 57 58 63 67 75 87 98 108 116 129 147 165 179 190 196
160 133 103 88 86 88 90 93 95 97 99 101 103 106 108 110 112 112 113 113 113 113 114 114 116 117 117 118 118 116 115 115 113 113 113 112 112 113 114 113 110 104 96 88 82 78 75 73 72 71 69 65 63 64 67 71 73 75 77 81 86 89 88 83 77 72 68 65 64 63 61 58 54 54 56 58 59 62 64 66 67 68 67 67 69 71 73 73 72 72 70 69 68 67 68 70 71 72 71 70 69 66 64 61 59 57 59 64 69 79 92 103 111 120 135 154 170 183 192 198
164 136 107 90 86 88 90 92 94 96 98 100 102 104 106 109 110 111 112 113 113 113 114 115 115 115 114 113 111 110 109 108 108 107 107 107 108 109 110 107 102 96 90 83 78 75 73 71 70 70 68 66 66 66 67 70 72 74 75 79 83 87 87 84 78 72 67 64 62 61 61 61 58 56 56 57 58 59 61 64 65 66 66 65 66 67 68 68 67 66 66 65 64 64 65 67 69 70 71 70 68 66 64 61 58 57 61 65 72 84 96 107 114 124 141 159 174 186 194 199
165 138 110 93 86 87 89 91 93 95 96 98 101 103 105 107 109 110 111 113 113 113 113 114 113 111 109 107 105 103 103 102 103 103 103 104 105 105 104 101 97 91 85 78 73 72 72 71 68 67 67 68 68 67 68 69 70 71 73 77 81 85 86 84 78 72 67 63 60 58 58 60 59 57 56 56 56 57 58 60 61 63 63 62 62 62 62 63 62 61 61 60 60 60 62 64 66 68 69 69 68 66 63 60 58 61 65 68 75 88 100 110 119 131 149 167 182 191 197 201
165 143 112 92 86 86 88 89 92 94 95 97 99 101 103 105 108 109 111 113 114 114 113 112 110 107 104 102 99 97 97 98 99 99 99 100 99 99 98 95 91 85 79 74 70 69 70 69 67 65 66 68 69 68 68 68 68 69 71 75 79 82 84 82 79 73 67 62 59 57 56 57 58 57 56 55 55 55 56 56 58 59 59 59 58 58 58 57 57 57 56 56 56 56 57 59 62 65 67 68 68 66 63 60 60 63 66 70 78 90 102 113 124 142 160 176 189 196 200 205
160 142 112 92 85 85 87 89 91 93 95 96 98 100 102 104 106 109 111 112 113 113 112 109 106 102 99 95 93 91 91 93 94 93 94 94 93 93 90 87 84 80 74 71 69 68 67 67 66 65 66 67 68 69 69 67 66 67 70 73 76 79 81 81 78 73 68 63 59 56 54 54 55 56 55 55 54 55 56 55 56 56 57 56 55 54 54 53 53 54 53 52 52 52 54 56 59 63 65 66 66 65 63 61 61 63 66 71 81 92 103 115 129 147 165 181 192 198 202 206
148 132 111 94 85 84 86 87 89 92 94 95 97 100 102 104 106 108 110 112 113 112 110 107 102 96 93 89 86 85 86 87 88 88 87 88 88 85 82 81 78 75 71 69 68 67 66 65 65 65 65 66 67 68 67 65 65 65 67 70 74 76 78 77 75 72 67 63 59 56 54 53 53 53 54 54 54 54 55 55 55 55 54 53 52 51 50 50 49 49 48 48 49 49 50 53 56 60 63 65 65 64 62 61 62 61 64 72 84 95 104 115 132 153 171 186 195 200 204 208
137 127 112 96 85 83 84 86 89 91 92 94 96 98 101 104 106 108 111 112 112 111 109 104 97 92 88 84 80 80 81 82 83 82 82 83 82 79 77 75 72 70 69 68 68 67 66 65 65 64 65 66 66 67 66 64 63 63 66 69 71 73 74 74 73 71 67 63 59 56 53 52 51 51 51 53 53 53 54 54 54 53 53 52 50 48 47 46 45 45 44 44 45 46 47 50 53 58 61 63 64 63 61 62 62 61 65 76 87 97 106 116 133 155 176 191 199 204 208 210
128 119 108 97 85 81 83 85 87 90 91 93 95 97 100 103 106 108 110 111 111 110 107 101 94 88 84 79 76 75 75 77 78 78 79 79 77 74 72 70 68 67 66 67 67 67 66 65 65 64 64 65 66 66 64 63 63 63 65 68 70 71 72 71 70 69 66 62 59 56 53 52 51 50 50 51 51 52 52 52 52 51 51 50 48 46 44 43 43 42 41 41 41 43 45 47 51 55 59 61 62 62 61 62 61 62 68 79 89 97 106 117 135 156 178 193 201 208 212 213
117 103 95 91 82 79 81 83 86 88 90 92 94 96 99 102 105 107 109 111 111 110 106 99 92 85 81 76 73 72 71 72 73 74 75 75 73 70 68 66 66 65 64 65 66 66 65 64 64 64 64 64 64 64 62 62 62 63 65 67 70 71 71 69 68 67 64 61 58 55 52 51 50 49 49 49 49 50 49 49 49 48 48 47 45 43 42 41 41 40 39 39 40 41 42 45 48 53 56 59 60 60 58 59 59 62 71 80 88 96 104 116 136 156 175 192 202 209 213 214
100 89 84 84 79 77 80 82 84 87 89 91 93 95 98 101 104 107 108 110 110 108 104 97 89 82 77 73 70 68 67 68 68 69 70 71 68 66 64 63 62 61 62 63 64 64 65 64 63 63 63 62 62 62 61 60 60 62 65 68 71 72 71 70 67 65 63 60 57 54 51 49 49 48 48 48 48 47 47 46 46 45 44 43 41 40 40 39 38 38 37 37 38 40 41 43 46 51 55 57 58 58 56 54 55 59 71 82 87 95 106 119 139 158 174 188 201 209 214 215
85 78 74 77 76 75 78 81 83 85 88 90 92 94 96 100 103 105 107 109 109 107 103 95 86 80 74 70 67 65 64 63 63 64 66 66 64 62 60 59 59 60 61 63 64 65 65 65 63 62 61 61 60 60 60 60 60 63 65 69 72 74 74 72 69 65 62 59 55 52 49 48 47 47 46 46 45 45 44 43 42 41 40 39 39 38 37 37 36 36 35 35 37 39 40 43 46 50 54 56 57 56 54 51 49 52 64 77 87 94 107 124 145 164 175 185 197 208 213 216
72 66 65 71 74 74 77 79 80 83 86 89 91 93 95 98 101 103 106 107 107 105 100 93 86 79 73 68 65 64 61 59 59 60 62 60 58 57 57 57 57 58 60 62 63 63 63 62 61 60 60 59 59 59 59 59 61 63 67 71 75 76 76 73 69 65 61 57 52 49 46 45 45 44 43 43 42 41 40 39 38 38 37 37 37 36 36 35 35 35 35 35 37 38 39 42 46 50 53 55 56 54 51 49 47 47 54 68 82 94 110 126 145 161 172 182 191 202 211 215
60 56 59 68 73 76 78 78 79 81 84 87 89 91 93 96 99 101 103 105 105 102 98 92 85 77 70 67 64 62 58 56 55 56 56 55 54 54 53 53 53 55 57 59 59 59 59 58 57 57 56 56 56 57 58 59 61 64 69 74 77 78 77 74 69 63 58 52 48 45 42 42 41 41 40 39 38 37 37 36 35 35 35 35 35 35 35 35 35 35 35 35 37 38 40 42 45 49 51 53 54 52 49 47 44 46 49 57 71 89 109 125 139 153 168 180 187 194 204 213
52 50 56 66 73 77 79 77 77 79 82 85 88 90 91 94 96 98 100 101 101 100 97 91 84 76 70 65 63 60 57 54 53 52 52 52 52 51 51 50 50 50 52 55 55 55 55 55 55 54 53 53 54 54 56 58 60 64 67 71 74 75 74 70 65 59 53 48 45 42 40 38 38 37 37 36 36 35 34 34 34 34 34 35 35 35 35 35 35 35 35 35 36 38 40 43 45 48 50 51 51 50 48 45 42 44 46 49 57 76 99 117 128 141 158 174 183 189 196 208
44 42 52 66 73 77 80 77 76 77 80 84 87 88 90 91 93 95 97 98 98 97 94 89 82 76 69 64 62 60 56 53 52 51 51 52 52 52 52 51 50 50 50 52 52 52 53 53 54 52 53 54 55 56 58 59 59 61 65 67 69 69 67 64 59 54 50 46 44 41 39 37 37 37 37 36 35 35 35 35 35 35 35 36 37 37 37 36 36 35 35 36 36 37 40 42 45 47 49 50 50 48 46 43 40 40 43 45 49 62 82 103 117 128 145 163 176 185 190 201
38 38 48 65 73 77 82 79 76 75 78 81 84 86 88 90 90 91 93 94 94 93 92 88 83 76 69 65 63 61 57 54 53 52 53 55 55 55 54 53 53 52 52 53 53 52 52 53 54 54 57 60 61 61 62 61 61 62 65 65 66 65 63 60 57 53 50 47 45 43 42 40 39 39 39 38 38 37 37 37 37 37 38 39 39 39 39 38 37 36 36 36 37 38 39 42 44 46 48 49 48 47 44 41 39 37 37 41 44 51 65 86 102 116 132 151 165 178 186 194
35 36 46 63 73 77 82 81 77 74 75 78 81 84 86 88 88 88 90 90 91 91 90 87 82 75 69 65 64 62 59 56 55 57 58 60 62 62 61 59 59 58 59 60 60 60 58 59 60 61 64 67 69 68 69 67 66 65 65 66 66 64 62 60 58 56 55 53 51 50 49 47 45 45 44 43 42 41 40 40 40 40 41 42 42 41 41 40 38 37 37 37 38 39 41 42 44 46 47 48 47 45 42 39 37 36 34 34 37 41 51 69 87 106 122 140 153 166 180 188
33 35 46 63 72 77 82 81 77 74 74 76 78 81 84 86 86 87 87 87 88 88 87 85 81 74 69 65 65 64 61 60 61 63 65 68 71 73 71 68 67 67 68 69 70 69 69 69 70 73 77 81 85 88 87 82 78 75 72 72 71 69 67 66 66 66 65 64 60 59 57 54 52 51 50 48 47 46 45 44 43 44 45 45 45 44 43 41 39 38 38 37 38 39 41 43 44 45 46 47 46 44 41 38 37 35 33 32 32 34 39 49 65 87 108 128 142 153 167 181
33 35 44 61 72 78 83 83 78 75 73 73 76 79 82 84 84 84 85 85 85 85 84 82 79 73 68 66 65 65 64 64 66 69 73 76 80 82 81 77 76 75 75 76 77 76 77 78 80 83 87 92 97 100 99 94 89 85 82 81 81 79 79 78 77 75 73 70 67 65 63 59 57 55 53 52 51 49 48 47 47 47 48 49 49 48 46 43 40 40 38 38 38 39 40 42 43 44 45 45 44 43 40 37 36 35 33 31 29 29 32 37 47 64 87 113 130 142 155 170
32 35 43 60 71 79 84 84 80 76 72 71 73 76 79 81 82 83 83 83 84 83 82 80 76 71 67 66 65 66 66 66 69 74 79 82 86 88 87 84 82 80 81 81 81 81 82 83 84 87 91 96 99 101 100 96 93 89 87 86 86 85 84 83 81 78 76 74 71 69 66 63 60 58 55 54 53 51 50 50 50 50 51 52 51 50 48 44 42 40 39 38 38 38 39 41 42 43 43 44 43 42 39 37 35 34 32 31 29 26 27 30 35 47 65 94 118 132 144 157
32 35 43 59 71 80 85 84 81 77 73 71 71 73 76 78 79 80 81 81 81 81 80 78 74 70 66 64 65 67 68 68 71 76 82 87 90 91 91 89 87 84 84 84 84 85 85 86 87 89 93 96 99 100 100 98 94 90 88 87 86 85 84 83 82 80 79 77 74 71 68 64 61 59 57 55 54 53 52 52 52 53 53 53 52 50 48 46 43 40 39 38 38 38 39 40 41 42 42 42 42 41 38 36 35 34 32 31 29 26 24 24 27 34 48 73 100 120 134 146
32 36 44 59 72 81 86 85 83 79 74 71 70 71 74 76 77 77 78 79 79 79 78 76 72 68 64 62 64 67 68 70 74 79 85 90 93 93 92 90 88 86 85 85 85 85 86 87 88 90 93 95 96 96 95 94 91 88 85 84 84 84 83 82 81 81 79 76 74 72 68 65 62 59 57 55 54 53 52 52 53 54 53 53 52 51 48 46 44 41 38 37 37 38 39 39 40 41 41 41 41 40 38 35 34 34 32 31 28 26 23 20 21 25 35 53 79 102 122 136
32 36 46 60 71 80 85 86 83 80 76 72 70 69 71 74 75 76 76 77 77 77 76 73 70 66 63 61 63 66 68 71 75 80 86 91 92 92 91 90 87 86 85 84 84 84 85 85 87 89 90 91 91 90 88 86 84 82 80 80 80 80 79 79 78 77 76 73 71 69 66 63 60 58 55 54 53 52 52 52 52 52 52 51 51 49 47 45 43 40 37 36 36 37 38 39 39 40 40 41 41 40 38 35 34 33 32 31 28 25 23 19 16 19 25 39 60 83 105 123
32 36 45 60 71 79 85 86 84 81 78 74 70 68 68 71 73 74 75 75 75 75 74 71 68 64 61 60 62 64 67 70 74 79 85 89 90 89 88 87 86 84 82 82 82 82 82 83 85 85 85 85 85 83 80 78 76 75 74 74 73 73 73 73 73 72 71 69 68 66 63 60 58 55 54 53 52 52 51 51 50 50 49 48 48 46 44 42 40 38 36 35 35 35 36 37 38 39 39 40 40 39 37 35 34 33 32 31 28 25 23 19 15 14 18 30 44 64 90 113
32 36 45 61 72 80 85 86 85 83 80 76 72 69 67 68 70 72 73 73 74 74 72 69 66 63 60 59 61 63 66 70 73 76 82 86 87 86 85 85 84 82 80 80 79 79 78 78 80 79 79 78 77 74 71 70 68 67 66 66 65 66 66 66 66 66 66 64 63 61 60 58 56 54 52 51 51 50 50 50 49 48 47 46 45 44 42 39 38 36 35 34 34 34 35 36 37 38 39 39 40 39 37 34 34 33 32 31 28 25 22 19 14 12 13 22 33 48 73 100
32 37 46 61 72 80 86 87 85 84 81 77 73 70 67 66 68 70 70 71 72 72 71 68 65 62 59 57 58 61 65 69 71 75 79 82 83 82 82 81 80 79 78 77 76 75 75 74 75 74 73 71 69 66 64 61 59 58 57 57 57 58 59 59 60 60 60 60 59 58 57 55 53 52 51 49 49 48 48 47 46 45 44 43 42 41 40 38 36 35 34 34 34 34 35 36 36 37 38 39 39 38 36 34 34 33 32 31 28 25 22 19 14 11 11 14 24 37 54 80
33 37 46 61 73 81 86 88 86 84 82 79 76 72 68 65 66 67 67 69 70 70 70 68 64 61 58 56 57 59 63 68 69 72 76 78 78 78 78 78 78 77 76 74 74 73 72 70 70 70 69 67 64 60 58 55 52 51 51 52 52 52 53 54 55 56 56 55 55 54 53 52 51 51 50 48 47 47 46 45 43 43 42 41 40 39 38 36 35 34 33 33 34 34 35 36 36 36 37 39 39 38 36 34 34 34 32 30 28 25 22 19 14 11 10 10 16 27 43 64
33 37 47 62 73 82 87 89 87 85 84 81 78 74 68 65 64 63 64 66 69 69 68 66 63 60 58 57 56 57 60 65 68 69 72 75 74 74 75 76 76 75 74 73 72 70 68 67 66 66 64 62 60 56 53 51 48 47 47 47 48 48 49 49 50 51 51 51 51 50 50 50 49 49 48 46 46 45 44 43 41 40 40 39 38 37 36 35 34 33 32 32 33 34 34 35 36 36 37 38 39 38 36 35 34 34 33 31 28 25 22 19 14 11 10 10 11 18 31 48
33 38 48 62 73 82 87 89 88 86 85 83 80 76 70 65 63 62 62 63 65 67 67 65 62 60 57 56 55 56 58 62 65 67 68 70 71 72 74 74 75 74 72 71 70 68 66 64 63 63 61 59 56 52 49 47 45 43 43 43 43 44 45 46 46 46 47 47 47 47 47 47 47 48 47 45 44 43 42 41 40 39 38 37 36 35 35 34 34 33 32 32 32 33 33 34 35 36 37 38 38 38 36 35 34 34 33 31 28 25 22 19 15 11 9 9 9 12 22 35
33 37 48 62 73 82 88 90 89 87 86 84 81 78 73 66 63 61 60 60 62 65 66 65 62 59 56 55 54 54 58 60 62 65 66 67 69 72 73 74 73 72 72 71 70 68 65 63 61 60 58 56 53 49 47 44 42 41 40 40 41 41 42 43 44 44 45 45 45 45 45 46 47 47 46 45 43 43 42 41 40 39 38 38 37 35 34 34 33 33 32 32 32 33 33 33 35 36 37 38 38 38 36 35 34 34 32 31 28 25 22 19 15 11 9 9 9 9 14 25
32 37 47 62 73 82 88 90 90 88 87 85 84 81 75 69 64 61 60 59 60 62 64 64 62 58 56 54 53 54 57 59 61 64 65 66 68 71 72 73 73 72 73 72 71 69 66 64 61 59 58 55 52 49 47 44 42 40 39 39 40 40 41 42 43 43 44 44 44 44 44 45 46 46 46 45 44 43 42 41 41 40 39 39 37 36 34 34 33 32 31 31 32 33 33 34 35 36 37 38 38 37 36 35 34 33 32 30 28 24 22 19 15 11 9 9 9 9 11 20
31 37 47 61 72 81 88 90 90 90 88 86 85 83 79 73 67 62 60 59 59 60 61 61 60 58 56 53 53 53 55 58 61 63 64 66 67 70 72 73 74 74 74 74 73 70 68 66 63 61 59 56 53 51 48 45 43 41 40 39 39 40 41 42 43 44 44 44 44 44 44 45 47 47 46 46 45 44 43 42 42 41 40 39 39 37 35 33 32 31 31 31 32 32 33 34 35 36 37 38 38 37 36 35 34 33 32 30 28 25 22 19 15 11 9 9 9 9 10 16
31 36 47 60 73 82 88 91 91 91 89 87 86 84 81 76 70 63 60 58 58 59 59 59 59 57 54 52 52 53 54 56 59 61 63 65 67 71 74 74 75 75 76 76 74 72 71 69 66 63 60 57 55 53 50 47 44 42 41 39 39 40 41 42 43 44 44 45 45 46 46 46 48 48 47 46 46 45 44 43 43 43 41 40 39 38 36 34 32 31 31 31 31 32 33 34 35 36 37 38 38 38 37 35 34 33 32 30 28 25 22 19 15 11 9 9 8 8 9 10
31 37 48 61 73 83 89 91 92 92 90 88 86 85 82 78 72 65 60 57 56 57 58 58 57 55 53 51 51 52 53 55 58 61 63 64 68 73 75 76 76 76 78 79 78 76 75 73 69 66 63 60 57 55 53 49 46 44 42 40 40 41 43 43 44 45 46 46 47 46 47 48 49 50 48 47 47 46 45 45 45 44 43 42 40 38 36 34 32 31 31 30 30 32 33 34 35 36 37 38 38 38 37 36 35 34 32 30 28 24 22 19 15 11 9 8 8 8 9 9
30 37 48 61 72 82 88 92 93 93 92 90 88 86 83 80 75 69 63 58 56 55 56 56 55 53 51 50 50 50 51 54 58 61 64 66 70 74 76 76 76 78 80 82 82 80 78 76 73 69 66 63 61 59 57 53 50 48 46 43 43 44 45 44 46 47 48 49 48 48 48 49 50 51 50 49 49 48 47 46 46 46 45 43 41 39 37 34 32 31 30 31 30 31 33 34 35 36 37 38 39 38 37 36 35 33 32 30 27 24 21 18 15 11 9 8 8 8 8 9
31 37 47 61 72 81 87 91 93 94 93 92 90 87 85 82 78 72 65 60 56 55 54 54 53 51 49 48 47 47 50 54 58 61 65 69 71 74 76 76 78 80 82 84 84 82 80 79 76 73 70 67 65 63 61 57 54 51 49 47 46 46 47 47 48 50 50 51 51 51 51 51 52 52 51 50 50 50 49 48 47 47 47 44 42 40 38 35 33 31 30 30 30 31 33 34 35 36 38 39 39 39 37 36 35 33 32 30 27 24 21 18 15 11 9 8 8 8 8 9
30 36 47 62 73 80 87 91 94 94 94 93 91 89 87 84 80 75 68 62 57 54 53 52 51 50 48 46 45 45 49 54 58 61 65 68 70 73 75 76 78 81 83 85 85 83 82 82 79 76 74 71 69 68 65 62 60 56 54 52 50 50 50 51 51 53 54 54 54 54 53 54 54 54 53 51 51 50 50 49 48 48 48 45 42 40 37 35 33 31 29 29 30 31 33 34 35 37 38 39 39 39 38 36 35 33 32 30 27 24 21 18 15 11 9 8 8 8 8 9
30 35 46 61 73 80 86 91 93 94 95 94 92 90 88 85 82 78 72 65 59 54 52 51 50 48 47 45 43 45 49 54 57 61 65 66 69 72 73 76 78 80 81 84 85 84 83 82 81 79 77 75 74 72 70 67 64 61 59 57 56 54 54 55 55 56 57 57 57 56 56 56 55 55 54 53 51 50 50 49 48 47 47 45 41 39 37 34 32 30 29 29 30 31 33 35 36 37 39 40 40 39 38 36 35 33 32 29 26 23 20 17 14 11 9 8 8 8 8 9
29 34 45 60 72 80 86 90 94 95 95 95 94 92 89 86 84 81 76 69 62 56 52 50 49 47 45 43 42 44 48 53 57 61 64 66 67 70 72 74 76 78 81 83 84 84 83 83 82 81 79 78 78 77 74 71 69 65 63 62 62 60 60 60 59 60 60 60 60 60 59 57 56 55 54 53 51 50 49 49 47 46 45 44 41 38 35 33 31 30 29 29 30 31 33 35 36 38 39 40 40 39 38 36 34 33 31 29 26 23 20 17 14 11 9 8 8 8 8 8
28 33 42 57 71 80 85 89 93 95 96 96 95 93 91 88 85 83 79 73 66 59 54 51 48 46 43 41 41 43 46 50 55 59 62 64 66 67 69 72 73 76 78 80 82 83 82 81 82 81 80 81 81 80 77 75 73 69 67 66 66 65 65 65 64 63 63 63 62 61 60 58 56 55 54 53 51 49 48 48 47 45 43 42 40 37 35 32 30 29 29 30 30 32 34 36 37 38 40 40 40 39 38 36 34 33 31 29 26 23 20 17 14 11 9 8 8 8 8 8
28 31 40 53 68 78 84 89 93 95 96 96 96 94 93 90 87 84 81 77 70 63 56 52 49 46 43 41 40 42 44 48 52 56 58 61 62 62 65 68 69 71 74 77 79 80 80 80 81 82 81 82 83 82 80 77 75 73 71 69 69 68 68 69 68 67 66 65 64 62 60 58 56 55 54 52 50 48 47 46 44 43 42 40 38 36 34 32 30 29 29 30 31 32 34 36 38 39 40 40 40 39 37 36 34 33 31 28 26 23 20 17 14 11 9 8 8 8 8 8
28 30 38 50 65 77 84 90 94 96 97 97 96 95 94 92 89 86 83 80 75 67 60 54 50 46 43 40 39 40 42 45 50 53 56 58 58 60 62 63 65 67 70 72 74 76 77 78 80 81 81 83 84 84 83 80 77 75 73 72 71 70 70 70 69 69 68 67 65 63 61 58 56 54 52 50 48 46 44 43 41 41 40 37 35 34 33 31 30 29 29 30 31 33 35 37 38 40 40 41 40 39 38 36 34 32 31 28 26 22 20 17 14 11 9 8 8 8 8 8
28 29 36 48 64 76 83 88 93 95 97 97 97 96 95 93 91 88 85 82 78 72 65 58 52 47 43 40 39 38 39 42 45 48 52 54 54 55 56 58 60 63 66 68 70 71 73 75 77 78 80 81 83 84 83 81 78 75 74 73 72 72 71 70 70 70 69 67 66 64 62 58 55 52 50 48 46 44 42 40 39 39 38 36 34 32 31 30 29 28 29 30 32 34 36 37 39 40 41 41 40 39 37 36 34 32 31 28 26 22 20 17 15 11 9 8 8 8 8 8
27 28 33 46 61 74 82 87 93 95 97 97 97 97 96 94 92 89 86 83 81 75 69 62 56 50 46 42 40 38 37 39 41 44 48 50 50 50 51 53 56 59 61 64 65 67 70 71 73 75 77 79 82 82 81 80 77 75 74 73 73 72 72 71 70 69 69 68 66 64 62 57 54 51 48 46 44 42 40 38 37 36 35 35 33 30 30 30 29 29 29 31 32 34 37 38 40 41 41 41 40 39 37 35 34 32 31 28 25 22 20 17 14 11 9 8 8 8 8 8
27 28 32 42 56 71 80 86 92 95 96 97 97 97 96 95 94 91 88 85 83 79 73 67 61 55 49 45 42 38 36 37 38 40 43 45 45 45 47 48 51 54 56 59 61 63 65 67 69 72 74 77 79 79 78 77 76 75 74 72 72 72 71 70 69 68 68 68 67 64 61 57 52 49 46 43 41 39 37 36 35 34 33 32 32 30 28 29 29 29 30 31 34 36 38 40 41 41 41 41 40 39 37 35 34 32 30 28 25 22 19 17 13 10 9 8 8 8 8 9
26 27 30 39 53 67 79 85 90 95 96 97 97 97 97 96 94 92 90 87 85 81 76 71 65 59 53 48 44 40 36 36 36 37 39 40 41 42 43 44 46 48 51 54 56 58 61 63 65 68 71 74 76 77 76 74 74 74 73 72 70 70 69 67 67 67 66 66 66 63 60 56 51 47 44 41 38 36 34 34 33 32 31 31 30 29 28 28 29 30 31 32 35 37 39 40 41 41 41 41 40 39 37 35 34 32 30 28 25 22 19 17 13 10 9 8 8 8 8 9
27 28 29 36 49 64 77 84 89 94 96 97 97 97 96 96 95 93 91 89 86 83 80 75 69 63 57 52 46 42 37 35 34 35 36 37 37 37 38 39 42 44 47 49 52 54 56 59 61 65 68 70 73 73 72 72 71 71 71 69 68 67 65 64 64 65 64 64 63 61 58 54 49 44 41 38 36 34 32 32 31 31 30 29 29 29 28 28 29 31 32 34 36 38 39 40 41 41 41 41 40 38 37 35 33 32 30 28 25 22 19 17 13 11 9 8 8 8 8 9
27 28 29 34 45 60 74 83 88 93 96 97 97 97 97 96 95 94 92 90 87 84 82 78 73 67 61 56 50 45 40 36 33 32 33 34 34 34 35 36 38 41 43 45 47 50 52 54 57 61 64 67 69 69 69 69 67 68 68 66 65 63 62 61 61 62 62 61 60 58 55 51 47 42 38 36 34 32 30 30 29 29 28 27 27 28 28 28 30 32 33 35 37 38 40 41 41 41 42 41 40 38 36 34 33 32 29 27 25 22 19 16 13 11 9 9 9 9 9 9
26 28 29 32 41 56 70 81 86 91 95 97 97 97 97 97 95 94 93 92 90 86 83 81 77 72 66 59 53 48 43 38 35 33 32 33 33 32 32 33 35 38 40 41 43 46 47 50 54 57 60 63 65 65 65 64 64 64 64 63 61 60 58 57 57 59 58 58 57 55 52 48 44 40 36 33 32 30 29 28 28 28 27 27 27 27 28 29 31 33 35 36 38 39 40 41 42 42 42 41 39 37 35 34 33 31 29 27 25 22 19 16 13 11 9 9 9 9 9 9
25 28 29 31 38 51 65 78 85 89 94 97 97 97 97 97 96 95 94 92 91 88 85 83 80 75 70 64 57 52 47 41 36 34 32 32 31 29 29 30 32 35 37 38 40 42 43 47 50 53 56 60 62 61 61 60 59 60 60 60 58 56 54 54 54 55 55 54 53 52 49 46 41 38 34 32 31 29 28 27 26 26 26 26 27 28 29 30 32 34 36 37 39 40 41 42 42 42 41 40 39 37 35 34 33 31 29 27 24 21 19 16 13 11 10 9 9 9 9 10
23 27 29 31 37 47 61 74 84 88 92 96 97 97 97 97 96 96 94 93 91 89 87 85 82 78 74 69 62 56 50 45 39 36 34 32 29 28 29 29 30 32 34 35 36 38 40 43 47 49 53 57 58 57 56 56 56 56 57 57 54 52 50 50 51 51 52 51 50 49 46 43 39 35 33 31 29 28 27 27 26 25 26 26 27 28 29 31 33 35 37 38 40 41 42 42 42 42 41 40 39 37 35 34 32 31 29 27 24 21 19 16 13 11 10 9 9 9 10 10
22 26 28 30 35 44 57 70 81 87 90 94 97 97 97 97 96 95 95 94 92 90 88 86 84 80 76 73 67 61 55 49 44 39 35 32 29 28 29 28 28 29 31 31 33 35 37 39 43 46 49 53 54 53 53 53 53 52 52 52 51 49 47 47 47 48 47 47 46 45 43 40 37 33 31 29 28 27 27 27 26 25 26 27 28 29 30 32 34 36 38 39 40 41 42 42 42 42 41 40 39 36 35 34 32 31 29 27 24 21 19 15 12 11 10 9 9 10 10 10
20 24 28 29 33 41 52 66 77 85 89 93 96 97 97 97 96 95 95 94 93 91 90 88 86 82 79 76 71 65 60 53 48 43 39 35 32 30 29 28 28 28 29 29 30 32 33 36 39 43 46 49 49 49 49 49 50 49 48 48 48 46 44 43 44 44 44 44 42 40 39 37 34 31 30 28 27 27 26 26 26 26 26 27 29 30 32 34 36 38 39 40 41 42 42 42 42 42 41 40 38 36 34 33 32 30 28 26 23 21 19 15 12 11 10 10 10 10 10 10
