21 22 22 22 22 22 22 22 22 23 23 23 23 23 24 24 24 24 24 25 25 25 25 25 26 26 26 27 27 28 28 29 29 29 30 30 30 31 31 32 32 32 30 31 32 32 33 34 35 36 37 37 38 39 40 40 41 42 43 43 43 43 43 42 38 38 38 38 38 38 38 38 38 37 36 36 35 34 34 33 32 32 31 30 29 28 26 26 26 26 26 26 25 25 25 24 24 23 23 23 23 23 23 23 23 22 22 22 22 21 21 21 21 21 22 22 22 22 22 21
23 23 23 23 23 23 23 23 23 23 24 24 24 24 24 25 25 25 25 25 25 26 26 26 27 28 28 29 29 30 31 31 32 32 33 34 34 35 37 38 39 38 34 36 38 39 41 42 43 44 45 45 46 46 46 46 47 48 48 48 48 48 49 49 46 46 46 45 45 44 44 44 44 41 40 40 39 39 38 38 37 36 35 34 32 31 27 27 27 26 27 26 26 26 25 25 24 24 24 24 24 24 24 24 24 23 23 23 23 23 23 23 23 23 23 24 24 24 24 23
24 24 24 24 24 24 24 24 24 24 24 24 25 25 25 25 25 26 26 26 26 27 27 28 29 29 30 31 32 33 33 34 35 36 37 39 41 43 44 45 46 45 43 44 45 47 49 50 50 50 50 51 51 51 51 51 52 53 53 52 52 53 53 53 52 52 51 50 50 50 50 50 49 46 45 44 44 43 42 41 40 39 38 37 36 35 31 30 29 28 28 27 27 26 26 26 25 25 25 25 25 25 24 24 24 24 24 24 24 24 24 24 24 24 24 25 25 25 26 25
26 25 25 25 25 25 25 25 25 25 25 25 26 26 26 26 26 27 27 28 27 28 29 30 31 31 32 34 35 36 39 40 42 43 44 45 47 49 49 50 50 51 51 51 52 53 54 54 54 55 55 55 55 55 55 56 57 57 57 56 56 56 57 56 55 54 54 53 54 53 53 53 52 51 50 49 48 47 46 45 44 43 41 40 39 38 35 34 32 31 30 29 28 27 27 26 26 26 25 25 25 25 25 25 25 25 25 25 25 25 25 25 25 25 26 26 26 27 27 27
27 26 26 26 26 25 25 25 25 25 26 26 26 26 27 27 28 28 29 29 29 30 31 32 34 35 37 39 42 44 46 48 49 49 50 50 51 52 54 54 55 55 56 57 57 58 58 58 58 59 59 58 58 58 59 59 60 60 59 58 58 58 58 58 57 56 55 56 56 55 55 55 54 53 53 52 52 51 50 49 48 47 46 44 43 42 39 37 36 34 33 32 31 30 29 28 27 27 26 26 26 26 26 26 26 26 26 26 26 26 26 26 26 26 27 27 27 28 28 28
28 27 27 27 26 26 26 26 26 26 26 27 27 28 28 29 30 31 32 32 31 33 35 38 40 43 44 46 48 50 51 52 53 54 55 55 56 57 58 58 58 58 59 60 60 60 60 60 60 60 60 60 60 60 60 61 61 61 60 59 59 59 60 59 59 58 57 58 58 57 57 57 57 56 55 55 54 53 53 52 51 50 49 49 48 46 43 41 39 38 36 35 34 33 32 32 30 29 28 27 27 26 26 27 26 26 26 27 26 27 27 27 27 27 28 28 29 29 29 29
29 28 28 28 27 27 27 27 27 27 27 28 29 30 31 32 34 36 38 37 36 39 41 43 46 48 49 50 52 54 55 56 57 58 59 59 60 60 60 61 60 60 60 61 61 61 62 61 61 61 61 60 61 61 62 62 62 63 62 62 62 62 63 62 62 61 61 61 61 61 61 61 60 59 59 59 58 57 56 55 54 53 53 52 51 49 47 45 43 42 41 40 39 37 36 35 34 33 31 30 29 28 28 27 27 27 27 27 27 27 28 28 28 28 28 29 29 30 30 30
30 29 29 29 28 28 28 28 28 29 30 31 33 35 37 38 40 41 42 42 43 45 46 48 50 51 53 54 56 58 59 60 61 61 61 61 61 62 62 62 61 61 61 62 62 63 63 63 63 63 64 64 65 66 67 67 67 68 69 69 68 69 69 69 68 68 67 66 66 67 67 66 65 65 65 65 64 63 62 60 59 58 58 57 55 54 51 49 47 46 45 44 43 42 40 39 38 36 35 34 33 32 30 29 29 28 28 28 28 28 28 28 28 28 29 29 30 31 31 31
31 30 30 30 30 30 30 30 31 33 35 37 39 40 42 43 44 44 45 46 47 49 51 52 54 55 56 57 58 60 61 61 62 62 62 62 63 64 63 64 64 64 64 65 66 67 68 68 69 70 71 73 75 76 76 77 75 77 77 77 76 76 77 77 77 75 74 74 74 74 73 72 72 72 71 71 70 69 67 66 65 64 63 62 61 60 55 52 51 49 48 47 46 45 44 43 41 40 39 38 37 36 35 34 32 31 31 30 29 29 29 29 29 29 29 30 31 31 32 32
33 33 33 33 34 34 35 36 38 39 40 41 42 44 45 46 47 48 49 50 51 53 54 55 56 57 58 59 60 61 62 63 65 66 66 67 67 68 68 70 71 73 74 75 77 78 78 79 81 82 85 87 88 89 89 89 86 88 89 88 87 87 89 89 89 87 85 85 86 85 85 85 84 83 82 82 80 78 77 75 73 71 70 69 67 66 61 57 55 53 52 51 49 48 47 46 45 44 42 41 40 39 38 37 36 36 35 34 31 30 30 30 30 30 31 31 32 32 33 33
37 38 39 39 40 41 41 41 42 42 43 44 45 47 48 49 50 51 53 54 54 56 57 57 58 59 60 62 64 65 67 68 70 72 73 75 76 77 79 82 85 87 89 91 92 93 93 95 96 97 99 101 102 103 103 102 102 105 106 106 104 104 105 106 106 104 102 102 103 103 103 102 102 99 98 97 95 93 91 89 86 83 81 79 77 74 67 63 61 59 57 55 53 51 50 49 48 46 45 44 43 41 41 40 39 38 38 37 34 34 33 32 32 32 33 33 34 34 34 34
43 44 45 45 46 46 45 44 45 45 46 48 49 50 51 52 53 54 55 56 57 58 59 60 61 63 65 68 70 72 75 78 81 85 88 91 93 94 96 98 101 104 106 107 108 109 110 111 112 113 115 116 118 119 120 119 122 125 125 125 123 122 123 124 125 123 120 120 122 122 122 122 122 118 115 114 111 109 107 104 100 97 94 92 89 85 77 71 68 65 62 60 58 56 54 52 50 49 47 46 45 44 43 42 41 40 40 40 38 36 35 34 34 34 34 35 35 35 36 36
46 47 48 49 49 50 48 48 49 49 50 52 53 54 54 55 55 56 58 59 59 62 64 65 67 70 74 78 82 87 91 95 100 104 107 110 112 113 115 117 120 122 124 126 127 127 129 129 130 131 132 134 136 137 137 137 139 140 139 138 136 135 136 137 137 136 135 136 137 137 137 137 137 134 131 129 128 126 124 120 116 111 108 104 101 97 89 82 78 74 70 66 63 61 58 56 54 52 50 48 47 46 45 44 43 42 41 41 40 39 38 36 36 35 35 36 36 36 37 37
49 50 51 52 52 52 52 51 52 53 54 54 55 56 56 57 58 60 64 66 66 70 74 75 79 83 89 95 101 106 111 115 119 123 128 131 133 135 137 138 141 142 143 145 145 146 145 144 144 144 144 145 145 146 147 147 147 146 145 145 144 143 142 143 143 143 144 145 145 145 145 146 147 144 141 138 138 136 133 130 127 123 119 117 114 109 103 96 91 86 82 77 72 68 64 61 58 57 55 53 51 49 47 46 45 44 43 42 41 40 39 37 36 36 36 36 37 37 37 37
50 51 52 53 53 54 55 55 55 56 57 58 59 61 62 65 69 72 78 80 78 84 88 91 96 102 108 114 120 127 131 136 140 144 148 151 151 152 154 154 154 154 154 154 153 152 152 151 150 150 149 148 148 148 149 149 149 149 148 146 145 144 144 145 146 147 148 149 150 149 150 151 150 149 146 144 143 142 139 136 132 128 125 123 121 118 114 109 105 99 94 89 83 78 73 68 65 62 60 58 56 54 51 49 48 46 45 44 43 42 41 40 38 37 37 37 38 38 38 38
53 54 56 57 59 60 61 62 63 64 66 68 71 74 78 81 85 89 93 95 93 99 104 111 116 122 128 134 140 145 149 152 154 157 159 160 160 161 161 160 158 157 157 156 155 154 153 152 151 150 150 149 148 148 148 148 149 149 147 145 144 143 144 145 147 147 148 150 151 150 150 151 151 150 148 146 146 144 141 138 135 132 129 127 125 122 120 117 113 110 106 101 96 89 84 80 76 72 68 65 62 59 57 54 52 50 49 48 47 45 44 43 41 40 39 39 39 40 40 40
60 62 65 68 71 73 75 76 77 80 82 84 87 90 94 96 99 102 106 108 110 115 121 130 135 139 143 146 150 153 156 157 158 160 161 161 160 159 159 160 158 157 155 155 155 154 154 153 151 150 150 149 147 147 146 146 146 146 145 144 143 143 143 144 146 148 148 149 150 150 149 149 149 148 146 145 145 143 140 137 134 132 131 128 126 124 123 121 118 116 112 109 104 100 96 92 90 87 82 76 72 67 64 61 58 56 54 53 51 50 48 46 45 43 42 42 42 43 43 43
71 74 78 81 85 87 88 89 91 93 95 98 101 104 106 109 113 116 120 123 126 130 135 141 144 146 148 150 152 153 155 155 156 158 159 159 157 156 157 157 156 155 155 154 153 152 152 151 150 149 149 149 147 145 144 144 144 144 143 142 141 141 141 143 145 146 147 147 148 147 146 146 145 145 144 143 143 141 138 134 132 130 129 127 125 124 123 122 120 118 115 112 109 106 104 102 102 99 95 90 85 79 74 70 66 63 61 60 58 56 53 51 49 47 46 45 45 46 46 45
79 83 86 90 94 97 98 99 102 105 107 110 113 117 120 124 128 131 134 136 137 138 140 143 145 146 147 149 149 150 151 151 151 152 154 153 152 152 152 152 152 152 152 151 151 150 149 149 148 147 147 146 145 143 142 142 141 141 141 140 139 139 139 141 143 144 145 145 145 145 143 142 142 142 142 141 140 138 135 131 128 127 126 124 124 123 122 122 120 117 116 114 111 109 108 108 109 107 104 101 96 91 85 80 75 71 68 65 63 61 59 56 53 51 49 48 47 47 47 47
86 89 93 98 101 105 107 110 113 116 119 122 125 128 130 133 136 139 140 140 140 141 141 142 143 144 144 145 146 146 146 146 145 146 147 147 147 147 146 147 147 148 148 148 147 147 146 146 145 145 144 144 142 141 140 140 140 140 139 138 138 138 138 140 141 142 143 143 142 141 141 140 139 139 138 137 136 134 131 127 125 123 123 122 122 121 121 120 119 117 116 113 111 109 110 111 112 111 108 105 102 98 94 89 84 78 74 70 68 66 63 60 56 53 51 49 49 48 48 48
90 94 99 102 106 108 112 115 119 122 125 128 130 132 134 136 137 138 138 139 140 140 140 140 140 140 140 140 140 141 141 141 140 140 140 141 140 140 141 141 141 141 141 142 142 141 141 142 142 141 141 140 139 138 138 138 138 138 138 138 137 137 137 138 139 140 140 140 140 139 137 137 135 134 133 132 130 128 125 123 121 119 119 119 119 118 118 118 117 116 114 111 109 109 110 112 112 111 108 105 102 100 97 93 88 83 79 75 71 68 65 61 58 54 52 50 49 48 48 48
91 95 99 103 105 108 112 116 120 123 126 128 131 133 134 135 135 135 135 136 137 137 137 136 136 136 136 136 137 136 136 136 135 134 133 133 134 134 135 135 134 135 135 135 135 136 136 137 137 137 137 137 136 136 136 136 136 136 136 136 135 136 135 135 136 136 137 137 136 135 134 132 131 129 127 126 124 123 121 118 116 115 115 116 116 115 115 115 114 113 112 110 108 108 109 110 110 109 106 103 100 98 95 92 89 85 82 78 74 70 66 61 58 55 52 50 49 48 48 48
92 94 98 101 104 108 112 117 120 122 125 127 130 131 132 133 133 132 132 132 133 133 133 132 131 131 131 131 132 132 132 131 130 128 127 127 128 129 129 129 129 129 129 130 131 132 132 132 133 133 133 133 133 133 133 133 134 134 134 134 133 133 133 133 132 132 133 133 132 132 130 129 126 124 121 119 119 118 117 114 112 111 112 112 112 112 113 113 111 111 110 108 107 106 106 106 107 105 102 99 96 93 91 89 87 85 82 80 76 71 66 62 58 55 53 50 49 49 48 48
90 93 98 101 104 107 112 116 118 120 123 126 128 129 129 129 129 128 128 128 128 127 127 128 127 126 126 126 126 126 126 126 125 123 122 122 123 124 125 125 124 125 125 126 127 127 127 128 128 129 129 129 129 129 129 130 131 131 132 131 130 130 129 129 128 127 128 129 128 127 126 124 122 120 118 115 114 114 112 110 109 108 108 108 107 108 109 108 107 107 105 104 102 101 101 102 101 99 96 93 90 88 86 84 82 81 79 77 74 70 65 60 57 54 52 51 50 49 48 48
89 92 96 99 103 105 109 112 114 116 118 120 122 123 123 124 124 122 121 122 121 121 122 122 121 121 121 120 120 120 120 120 119 119 119 118 118 119 120 121 121 121 121 120 121 123 124 125 125 126 126 126 125 126 126 127 127 128 129 128 127 126 126 125 124 123 123 124 123 122 121 119 118 116 113 111 109 108 107 106 105 104 103 102 102 102 102 102 101 101 99 97 96 96 95 94 92 90 88 85 83 81 80 79 77 75 73 72 69 65 62 58 55 53 51 50 49 49 48 48
89 91 95 98 101 102 105 106 107 108 110 113 115 116 116 117 117 115 114 114 115 114 114 114 113 113 113 113 112 112 113 113 113 114 113 113 114 114 114 115 116 116 115 115 117 119 120 121 122 122 122 122 122 122 123 123 123 124 125 125 124 122 121 121 120 119 119 119 118 117 115 114 113 111 109 107 104 103 102 101 100 98 97 95 93 93 94 94 93 92 91 90 89 88 87 85 83 81 79 77 76 75 74 74 72 70 66 65 62 60 57 55 53 51 50 49 48 48 48 48
87 89 92 94 96 96 97 98 99 100 102 104 106 107 107 108 108 107 105 106 106 104 104 103 102 102 102 101 101 101 102 103 105 105 105 106 107 107 108 109 110 111 109 109 112 113 115 117 118 118 119 118 118 118 118 119 120 120 121 122 120 119 117 117 116 115 115 114 113 112 110 108 107 105 104 101 99 98 96 94 92 90 87 84 82 81 83 83 82 82 80 80 79 78 77 75 73 72 71 70 69 70 69 68 66 64 61 58 56 54 52 51 50 49 48 47 47 47 47 48
83 85 86 88 88 88 89 90 90 91 94 96 97 98 98 98 97 96 95 95 96 94 94 90 88 88 87 88 88 89 89 90 91 92 94 96 98 99 100 101 103 103 103 104 106 108 110 112 113 114 115 115 115 115 115 116 116 117 118 119 117 115 114 114 113 111 110 109 107 105 103 102 100 99 98 96 93 90 87 84 81 79 75 72 69 69 70 70 68 69 68 68 68 67 66 65 65 64 63 63 63 64 64 64 62 59 57 54 51 49 48 48 47 47 46 46 46 46 47 48
79 80 82 83 83 83 84 84 84 86 88 89 89 89 89 89 88 87 85 83 83 82 81 77 74 73 72 72 73 73 74 75 76 78 80 82 85 88 90 92 95 96 97 98 99 102 105 107 109 110 110 111 111 111 112 113 114 115 116 116 114 113 111 110 109 107 105 104 102 100 98 95 92 92 91 88 84 80 76 72 69 66 62 60 57 56 57 57 57 58 58 57 57 57 57 57 58 57 57 57 58 59 59 59 58 56 53 51 49 47 46 45 45 45 45 45 45 46 47 48
76 77 77 77 77 76 77 78 80 81 82 82 82 81 81 80 80 78 75 73 73 71 69 66 63 62 60 59 58 58 58 58 61 63 65 68 71 74 78 81 85 88 90 92 94 97 100 103 104 106 106 107 108 108 109 109 111 112 113 113 112 110 108 106 104 102 101 99 97 95 91 88 85 84 82 79 75 70 65 60 57 55 52 49 46 46 47 47 48 49 48 49 49 49 50 50 51 51 51 52 53 54 53 53 53 52 49 48 46 45 45 44 44 44 44 44 45 46 47 48
73 73 73 72 72 72 73 74 76 76 76 75 75 74 73 72 71 69 67 65 64 61 58 55 54 53 50 48 47 46 46 47 48 50 52 54 57 61 64 68 73 78 81 85 87 91 94 97 99 101 102 103 104 105 106 107 108 109 111 111 110 107 105 103 101 98 96 93 90 87 84 80 77 75 73 69 64 59 53 49 47 45 42 40 38 38 38 39 39 40 39 40 40 42 43 44 45 46 47 47 48 48 48 48 48 48 46 46 45 44 44 44 44 44 43 44 45 46 47 48
71 70 69 69 69 69 70 71 71 71 69 68 66 65 64 62 61 60 59 58 57 54 52 48 47 45 43 41 40 39 39 40 41 42 43 44 46 49 52 56 60 66 71 76 80 83 87 91 93 95 97 99 101 102 103 104 106 107 109 108 107 105 102 100 97 93 90 86 82 79 75 72 68 66 63 59 54 49 45 41 39 37 35 33 33 33 33 34 34 34 34 35 36 37 39 41 42 42 43 43 44 45 45 45 45 45 45 45 44 44 44 44 44 44 44 44 45 47 48 49
69 67 66 65 65 65 66 66 66 65 64 62 61 59 58 56 55 54 54 53 52 49 47 44 42 41 40 38 37 36 35 35 35 35 36 36 37 39 41 43 47 54 59 65 69 74 79 83 86 89 92 95 97 98 99 101 103 105 106 106 104 101 98 95 91 87 84 79 75 71 68 64 59 57 53 49 45 42 38 35 32 30 29 28 27 28 30 31 32 33 33 34 35 37 38 40 41 41 42 43 44 44 45 45 45 45 45 44 44 44 44 44 43 44 44 45 46 47 49 49
70 67 65 63 62 61 62 62 61 61 61 60 60 60 60 60 60 60 59 55 53 52 51 49 47 44 42 39 37 35 34 32 31 30 29 28 29 30 31 33 36 42 47 53 58 64 69 74 79 83 87 90 93 95 96 99 102 105 107 106 103 99 95 91 86 82 78 74 69 65 60 56 51 48 45 41 37 34 31 28 26 24 23 22 22 23 25 27 28 30 32 34 36 38 39 41 42 43 43 44 44 45 45 45 45 45 45 44 44 43 43 43 43 43 44 46 47 48 49 50
71 67 64 61 59 57 58 58 59 60 62 64 65 66 67 67 67 67 68 66 66 66 62 59 56 51 46 42 38 34 31 29 27 25 24 23 23 23 24 26 28 33 37 41 46 52 59 66 73 78 82 86 90 93 95 98 102 105 107 106 102 96 91 86 81 77 73 67 62 57 52 48 44 40 37 33 30 27 25 23 21 21 21 21 22 23 25 27 29 31 35 37 40 43 46 48 48 47 46 45 44 44 43 43 42 42 42 42 42 42 42 42 42 43 45 46 48 49 50 51
76 71 66 61 58 55 55 55 57 60 64 66 67 67 67 67 68 68 70 74 76 77 73 71 66 60 53 48 43 39 35 32 30 27 26 24 23 22 22 22 23 25 28 31 35 40 48 56 65 71 77 83 88 91 94 98 101 104 105 104 101 96 90 83 78 73 67 61 55 50 45 41 36 33 30 26 24 22 21 20 20 21 22 24 26 28 29 31 33 36 38 41 45 48 51 53 53 52 51 49 47 46 44 42 41 39 38 38 39 39 40 41 42 43 45 47 49 51 52 52
82 76 70 65 61 57 55 55 57 58 59 61 63 65 66 67 69 69 72 77 76 78 82 81 75 66 59 53 47 43 40 38 36 34 32 30 28 26 25 24 23 23 24 25 27 30 36 44 53 62 71 78 85 90 95 99 103 105 106 104 101 97 91 84 77 71 64 57 51 46 41 36 32 29 26 24 22 21 21 21 22 23 25 27 28 29 30 30 32 34 34 36 38 40 43 45 47 50 52 52 51 49 47 44 43 40 38 36 36 37 38 40 42 44 46 49 51 53 54 54
88 83 78 72 66 62 58 56 55 55 56 58 61 65 67 68 69 67 67 69 68 67 68 64 57 51 45 41 38 36 35 34 35 36 37 36 34 32 29 28 27 25 25 24 24 26 28 34 42 53 64 74 83 90 96 101 105 106 106 105 102 97 92 84 76 69 61 55 48 43 38 33 29 26 25 23 22 22 23 23 23 24 26 27 29 29 27 26 26 27 26 26 27 29 30 33 36 40 44 48 49 49 48 46 44 41 39 37 36 37 38 41 43 46 48 51 53 54 55 54
96 91 87 81 75 69 64 60 57 55 54 55 59 61 63 64 64 61 56 55 55 49 46 38 33 30 28 27 27 29 30 31 33 36 38 38 36 33 31 30 30 29 29 28 27 27 28 31 37 48 60 72 82 92 100 104 107 109 109 107 104 99 93 85 77 69 60 53 46 41 36 32 28 26 25 24 24 25 24 22 22 24 25 28 31 31 28 25 24 24 22 21 21 22 25 27 29 31 36 41 45 47 47 45 43 40 37 36 36 37 39 42 45 47 50 53 54 55 56 55
103 100 95 90 84 77 71 65 60 56 55 56 57 59 61 62 59 54 48 45 41 35 32 28 25 24 23 24 26 30 33 35 37 41 42 41 38 35 32 31 31 32 35 36 37 36 35 36 39 47 59 72 83 94 103 108 110 112 112 110 106 101 95 88 80 71 61 53 46 41 36 32 30 28 28 28 28 27 24 22 22 24 25 28 33 35 32 28 26 25 23 21 19 21 25 27 28 29 35 41 44 46 45 44 42 40 38 37 37 38 41 43 47 50 52 54 56 57 57 56
108 106 102 97 91 84 77 71 67 64 62 62 62 63 64 63 59 53 48 43 37 32 30 28 27 27 26 27 29 34 37 40 43 46 47 44 41 38 37 38 40 42 47 52 56 56 53 51 50 53 62 74 86 97 106 113 116 117 118 116 112 106 100 91 83 73 63 54 47 42 38 35 34 34 35 35 33 30 28 25 24 25 27 31 35 38 36 33 29 28 27 25 23 25 27 29 29 32 38 43 45 47 47 46 45 43 42 41 40 42 44 46 50 52 55 57 58 59 58 58
111 111 109 104 99 92 85 80 77 73 71 70 71 71 71 69 66 62 58 49 43 38 33 32 32 31 31 31 34 38 41 44 49 53 55 55 53 51 51 55 60 65 73 76 77 79 77 72 67 66 70 78 89 100 110 117 121 124 125 124 120 113 105 96 87 76 65 56 48 44 41 39 39 42 45 44 41 39 37 33 31 31 34 39 45 44 42 42 37 33 32 31 30 30 31 31 33 38 44 49 52 55 55 53 49 47 46 46 46 47 49 51 54 57 59 61 62 62 62 61
115 115 114 111 107 101 94 90 87 84 81 79 78 77 78 80 78 78 77 66 59 51 42 37 36 36 36 38 42 46 51 58 65 71 73 73 69 65 64 68 76 88 98 98 95 95 94 89 82 80 80 84 92 104 114 122 128 132 133 131 127 120 112 101 91 79 67 57 50 47 44 43 44 48 51 49 49 50 46 42 39 39 42 49 57 57 57 57 52 45 42 42 40 39 39 41 46 52 57 60 64 64 61 56 52 50 50 50 51 52 54 57 61 63 65 67 68 68 67 65
118 119 119 117 114 110 104 100 97 94 91 87 83 81 81 82 86 94 95 91 88 77 62 56 54 54 55 59 62 68 76 82 87 89 86 80 73 67 66 70 79 92 103 107 104 101 99 95 90 89 90 91 97 108 119 128 135 141 142 141 136 128 119 108 97 84 71 59 52 49 47 46 45 48 51 52 54 54 52 48 46 46 50 57 66 70 72 75 73 67 63 61 59 59 59 63 67 71 74 72 69 65 59 53 51 51 52 53 55 57 60 64 69 72 74 76 76 76 75 72
121 123 124 123 121 118 113 110 106 103 100 95 90 86 82 79 80 85 93 105 106 100 92 89 91 92 93 94 93 95 97 94 92 87 80 73 68 66 68 73 80 90 98 104 105 102 99 96 95 96 98 97 101 112 124 133 141 148 152 151 146 137 127 115 103 89 74 62 54 52 51 50 48 49 52 54 56 56 57 56 54 54 55 58 63 72 78 83 86 86 83 80 80 80 80 82 81 80 78 71 64 59 54 51 51 52 54 56 59 64 69 75 80 83 85 87 87 87 85 81
125 128 129 130 129 126 122 119 116 112 108 102 97 92 86 81 78 77 84 95 96 97 102 102 107 106 104 100 94 92 88 83 77 72 67 65 65 69 75 80 85 91 97 103 106 104 101 99 99 101 103 102 105 115 128 138 146 153 158 158 154 145 134 121 108 94 79 65 57 55 56 57 56 55 57 60 62 63 65 65 65 64 63 62 62 66 71 75 79 83 82 80 81 82 81 79 76 72 67 62 57 53 52 52 53 55 58 61 66 72 80 87 93 97 98 98 97 96 93 88
129 132 135 137 138 136 132 130 125 121 116 110 105 100 93 88 83 79 78 80 81 84 86 85 83 82 80 79 76 74 71 69 66 64 64 67 71 77 82 88 92 97 103 107 109 108 105 104 105 107 109 107 109 117 130 141 150 159 164 162 157 150 140 126 113 98 84 69 61 60 63 67 67 66 68 70 72 73 74 75 75 73 71 69 68 66 65 66 68 70 70 70 70 70 69 67 65 62 60 56 54 54 54 57 59 61 65 68 73 81 90 99 106 110 110 109 106 102 97 92
131 136 140 143 145 143 141 138 133 128 123 118 114 108 103 98 92 87 83 78 77 77 77 76 74 73 72 71 69 68 67 67 68 70 73 77 80 83 88 94 100 105 110 112 113 112 110 109 110 113 114 111 112 118 130 142 153 162 167 166 160 152 144 131 117 102 88 74 66 65 70 75 77 77 77 78 80 81 81 82 83 82 79 76 76 73 70 68 67 66 66 65 65 64 65 64 63 62 61 60 60 61 63 65 68 70 73 77 82 89 98 107 115 118 118 116 111 106 100 93
132 137 142 146 148 148 147 145 140 136 131 127 123 119 114 110 105 100 95 87 85 83 81 80 80 78 76 75 73 73 74 76 79 82 83 84 86 90 95 101 108 112 116 117 116 115 114 114 115 117 117 115 115 119 128 140 152 162 169 167 160 153 145 134 120 105 91 79 70 70 75 79 81 82 83 83 84 86 88 88 89 88 86 84 83 80 77 75 74 72 71 71 69 69 70 70 70 69 69 69 70 72 74 76 79 81 84 87 91 97 105 112 119 122 122 119 113 107 101 94
131 137 143 146 150 151 150 149 146 143 140 136 132 128 124 120 116 112 107 100 97 95 91 88 88 87 86 84 84 86 87 89 91 91 90 90 92 96 102 110 118 121 122 122 119 116 117 118 119 120 119 117 117 121 128 138 149 160 168 168 162 153 144 134 121 107 94 83 74 73 76 81 84 85 85 85 86 89 92 92 93 94 93 91 88 85 83 82 82 81 81 80 78 78 79 80 80 80 79 79 80 82 85 87 89 92 96 99 102 106 111 117 122 124 123 119 113 107 100 93
129 136 143 147 150 152 153 152 151 149 147 143 140 136 132 128 125 122 118 112 109 106 103 101 101 100 99 97 96 97 97 97 97 97 96 97 100 103 109 118 125 128 127 124 121 119 119 120 122 122 121 119 119 123 129 138 148 158 168 170 163 154 144 133 121 108 96 85 77 74 78 83 85 86 86 87 88 91 95 96 96 98 99 96 91 88 86 86 86 87 88 88 87 87 88 90 90 89 89 88 89 91 94 96 99 103 108 110 113 116 118 121 124 125 122 118 112 105 98 92
128 134 142 148 150 153 155 155 154 154 153 150 147 142 138 134 131 128 125 121 118 115 113 111 111 109 106 103 101 101 101 100 100 100 100 101 105 110 117 124 130 131 129 126 124 123 122 122 122 123 123 122 122 125 131 139 146 156 168 172 165 155 145 134 121 109 97 87 80 76 79 83 86 86 86 87 89 92 96 98 100 102 104 102 96 91 90 90 89 90 91 92 92 93 95 98 99 98 97 96 98 100 102 105 108 112 117 120 123 125 126 126 127 126 122 118 111 104 97 90
128 133 140 147 151 153 156 158 158 159 158 155 152 147 142 138 135 132 129 125 122 119 117 115 114 111 108 106 104 103 102 99 98 98 100 103 108 115 123 129 133 134 131 129 127 125 122 121 122 123 124 124 124 126 132 140 148 159 172 177 169 156 146 136 123 109 98 89 82 79 81 83 84 84 84 85 88 91 95 99 101 104 107 107 104 98 96 95 93 92 92 94 95 97 99 102 105 105 105 105 106 108 110 112 116 119 124 128 130 132 132 131 129 127 122 117 110 103 95 87
126 132 138 144 150 154 157 159 161 162 160 158 154 150 146 142 138 134 130 126 122 118 116 115 113 111 109 107 104 101 99 98 100 102 105 109 114 122 129 133 135 134 131 129 126 123 120 120 120 122 125 125 126 129 134 142 151 163 177 181 172 158 147 138 125 110 97 89 84 82 82 83 83 83 82 84 86 90 94 97 100 104 108 110 110 106 103 101 98 95 94 96 98 100 101 103 107 109 111 112 114 115 117 118 121 124 128 132 134 136 136 134 131 127 121 115 108 101 93 85
123 130 137 142 147 152 157 159 161 162 161 158 156 153 149 144 140 136 131 126 121 118 116 114 112 110 109 106 103 100 101 103 106 110 114 117 122 128 132 134 133 132 128 125 122 120 118 117 119 122 125 125 127 131 136 144 153 164 178 183 175 161 148 139 127 111 97 88 84 83 84 83 82 81 80 81 83 86 90 94 98 102 107 111 113 111 108 106 103 100 98 99 101 102 104 105 107 111 114 117 120 121 122 123 125 128 131 134 136 137 136 133 129 125 119 113 106 99 91 83
120 126 132 138 144 149 154 157 159 161 161 160 159 156 152 147 143 140 135 128 123 120 117 114 113 112 109 106 104 105 106 109 113 118 123 126 130 132 133 134 132 129 124 120 118 117 116 116 119 123 125 125 127 131 137 144 154 164 178 181 175 164 150 138 127 113 99 89 84 84 85 84 82 80 79 79 80 82 86 90 95 100 105 110 113 113 110 109 107 105 103 103 103 105 106 107 109 112 116 120 123 125 127 128 129 130 132 134 135 135 133 131 126 121 116 109 103 96 88 80
117 123 129 134 140 146 151 154 156 158 160 160 158 156 152 149 146 142 138 132 127 124 121 118 117 114 112 111 111 112 114 117 122 126 129 131 132 133 132 131 129 125 120 116 115 115 115 117 119 123 126 125 126 131 136 143 152 165 177 182 177 167 154 141 129 116 102 91 86 84 84 83 81 79 77 76 77 79 82 87 92 98 102 107 111 113 112 111 111 109 107 107 107 108 108 108 111 114 118 122 126 128 129 129 130 131 131 132 133 132 130 126 122 117 112 105 99 92 84 77
114 120 126 131 136 141 147 149 151 154 155 155 153 152 150 148 147 145 142 136 133 131 127 124 122 119 119 119 119 121 123 124 128 131 133 133 133 132 131 128 125 121 117 113 112 113 114 117 119 122 123 124 126 130 136 142 152 165 175 179 177 168 157 144 131 117 103 92 86 83 82 82 80 77 75 73 74 75 78 83 89 95 100 105 109 112 113 114 114 113 112 111 111 112 112 111 112 115 119 123 126 127 129 129 129 129 129 129 129 128 126 122 118 113 108 102 95 89 81 74
111 117 123 128 132 136 141 144 146 148 149 149 149 149 150 150 149 148 145 141 137 134 130 126 123 123 123 126 127 128 127 127 129 131 132 133 133 133 131 128 124 119 113 110 109 110 113 116 117 119 120 122 125 130 137 143 152 164 173 176 175 169 158 145 132 117 103 92 85 81 79 80 79 76 73 70 70 71 74 79 86 92 97 102 107 110 113 114 116 116 116 114 114 114 115 114 114 117 119 122 124 126 128 128 127 126 125 125 124 123 121 118 114 109 104 98 91 84 77 70
109 114 120 124 128 132 137 140 142 143 144 146 147 147 148 148 148 146 143 142 137 132 129 126 126 127 128 130 130 131 130 129 130 131 132 134 134 134 131 126 121 116 112 109 107 108 111 114 115 117 118 120 124 131 137 144 152 163 171 173 174 169 159 147 133 118 104 93 85 80 77 77 77 75 71 68 67 69 72 77 83 89 94 100 104 108 111 114 116 117 117 115 113 114 115 117 118 119 120 121 122 124 125 124 123 121 121 120 119 118 116 113 109 105 100 94 88 81 73 67
108 111 116 121 125 129 133 137 139 140 141 142 143 144 143 143 142 141 139 137 134 132 130 130 132 132 132 134 134 133 132 131 130 131 132 134 134 133 129 125 120 115 111 108 106 108 109 112 114 115 117 119 124 131 138 144 153 162 170 171 170 166 157 145 131 116 104 93 85 79 76 74 74 73 69 67 66 68 72 76 81 87 93 99 104 108 110 113 114 115 116 115 113 113 114 118 120 121 121 121 121 121 121 120 119 118 117 116 115 114 111 109 105 101 97 91 85 78 71 65
108 108 112 117 122 126 129 132 134 137 137 138 139 139 139 139 138 137 138 136 134 135 136 137 136 135 134 134 135 134 132 131 131 132 132 133 132 131 128 124 120 115 110 107 106 106 108 111 113 114 116 118 123 130 137 143 150 159 167 170 168 164 155 144 129 114 102 92 85 78 74 72 71 70 68 65 65 66 70 75 80 86 92 98 104 107 110 112 113 114 115 115 114 114 116 118 121 122 121 121 119 118 117 116 115 114 113 113 112 110 108 105 102 98 94 89 82 75 68 62
111 105 109 113 118 122 125 128 131 132 133 134 134 134 134 135 136 136 137 137 137 138 138 137 135 134 135 135 134 132 131 131 132 133 133 132 131 129 127 124 119 114 110 107 105 105 106 109 111 112 113 116 121 127 134 140 148 157 164 167 166 162 154 142 128 113 101 92 84 78 73 70 69 68 67 65 64 65 69 73 79 85 91 97 102 106 109 111 112 113 114 115 117 116 117 118 120 121 120 119 118 117 116 114 112 111 111 110 109 107 105 102 98 94 90 85 78 72 65 60
118 106 106 110 114 119 122 124 126 127 128 130 130 131 131 132 133 134 135 136 135 135 134 133 133 133 133 133 132 133 134 134 134 133 132 130 129 128 126 122 117 112 109 107 104 104 105 107 110 110 111 114 118 123 129 137 145 155 163 166 165 161 153 141 127 114 102 93 85 78 73 69 67 66 65 65 65 66 69 73 78 84 90 95 101 105 109 111 112 112 112 114 115 116 116 118 119 120 120 118 117 117 115 113 110 109 109 107 106 103 101 99 95 90 86 81 75 69 63 57
124 110 104 107 111 115 118 120 122 123 124 125 126 127 128 130 131 131 131 131 130 130 130 131 132 132 132 133 134 136 137 136 135 133 131 129 128 127 124 120 116 111 108 106 104 104 105 106 107 108 109 112 116 121 127 134 144 154 163 166 163 158 151 140 127 115 104 94 86 78 72 68 65 64 63 64 65 66 69 73 77 83 90 96 101 105 109 112 113 113 112 113 114 115 116 117 118 119 118 117 116 116 116 113 110 108 106 105 103 100 98 95 91 86 82 77 71 65 60 55
128 116 103 102 106 111 114 117 119 121 121 123 124 125 126 127 127 127 128 128 129 129 129 131 132 132 133 135 137 138 138 138 136 134 133 131 129 127 124 121 116 112 109 107 105 104 104 105 105 106 108 111 114 119 125 132 141 151 161 165 163 156 148 137 125 115 105 95 86 79 73 68 64 62 62 62 64 66 69 72 77 83 90 97 101 105 109 111 113 114 113 114 115 116 116 116 117 117 117 117 116 116 115 113 109 106 105 103 100 97 95 92 88 83 78 73 67 62 57 53
132 120 104 99 103 107 111 114 116 119 120 122 123 124 125 125 126 128 128 129 129 129 130 131 132 133 134 136 138 139 139 138 136 136 135 132 129 128 126 122 118 113 110 107 105 103 102 102 103 105 107 110 114 118 123 130 139 148 158 164 162 155 147 136 124 115 106 97 88 80 74 67 63 60 59 60 62 64 67 71 77 84 91 97 101 104 108 110 113 115 115 115 115 115 116 116 116 116 116 116 116 115 114 111 108 105 103 101 98 95 92 89 84 80 75 70 64 59 55 51
136 123 108 97 98 103 108 110 113 116 118 120 121 122 124 125 125 126 128 129 129 129 129 131 132 133 135 137 138 138 138 137 137 137 135 133 130 128 125 122 117 113 110 106 103 101 99 99 101 103 106 109 113 118 123 129 138 146 155 160 160 155 146 135 124 116 108 99 89 81 74 68 62 58 57 56 58 61 65 71 77 85 92 98 101 104 107 110 113 115 115 115 115 115 115 115 114 114 115 115 115 114 113 110 107 103 100 98 95 92 90 86 81 76 72 66 61 57 52 50
139 128 111 95 93 99 104 108 111 113 115 117 118 120 121 124 125 127 128 129 129 128 129 130 132 133 134 135 136 137 137 136 136 136 135 132 129 127 124 120 116 113 108 104 100 97 96 96 98 100 105 109 113 118 122 128 136 144 152 157 158 154 145 135 125 117 109 100 91 83 75 68 61 57 54 53 54 56 62 69 77 85 92 97 101 104 107 110 112 114 116 116 115 115 115 114 114 113 113 113 113 112 110 108 104 101 98 95 93 90 87 83 78 73 68 63 58 54 51 49
140 130 112 94 90 94 99 104 107 109 111 113 116 119 120 122 125 127 129 128 128 128 129 130 131 132 132 133 134 136 137 137 136 135 133 130 128 126 122 118 115 111 106 101 96 93 92 93 95 98 104 109 113 118 122 128 134 143 151 156 156 152 145 135 126 117 110 101 92 84 76 68 61 56 53 51 51 53 58 67 77 85 92 96 99 102 106 110 112 114 115 115 115 114 114 113 113 113 112 112 112 110 108 106 103 99 95 93 91 88 84 80 75 70 64 60 56 53 50 48
138 130 115 96 87 89 94 98 102 105 109 111 114 117 119 121 122 125 127 127 127 127 128 128 128 129 130 132 134 135 135 136 136 134 132 130 128 126 122 118 115 111 105 98 92 89 89 91 93 97 103 109 114 118 122 128 134 143 151 156 155 151 144 136 127 120 111 103 94 86 78 69 61 56 52 50 50 50 54 64 76 85 92 96 98 102 106 110 112 113 114 114 113 112 113 113 113 113 112 111 110 109 107 105 102 98 94 91 88 85 81 77 72 66 61 57 54 52 50 48
144 134 118 97 84 84 89 94 98 102 106 108 111 113 116 118 120 122 124 125 125 126 126 127 127 128 128 130 132 133 134 134 133 133 132 131 129 127 123 119 115 109 102 95 89 87 87 90 93 97 104 110 116 120 123 128 134 142 151 157 156 151 144 137 129 121 113 104 96 88 80 70 62 56 52 50 49 49 51 61 75 86 93 96 98 102 107 111 112 112 113 113 112 111 111 112 113 112 111 110 109 107 106 104 101 97 92 88 85 82 78 73 69 64 59 55 52 50 49 47
147 135 117 99 83 79 85 90 95 98 102 105 107 109 112 115 118 121 122 124 124 125 126 127 128 128 128 130 131 131 133 133 131 131 130 130 128 125 122 118 113 107 99 92 88 87 88 91 93 98 105 112 117 121 125 129 134 143 150 155 155 150 145 138 131 123 114 104 96 89 80 70 62 56 53 51 50 48 50 59 74 86 94 97 100 104 109 112 113 113 113 113 112 111 111 111 112 111 110 110 108 106 104 102 99 96 90 85 82 78 74 70 65 61 57 53 51 49 48 45
147 137 121 102 83 77 81 86 90 94 97 101 104 106 109 112 115 118 120 121 123 124 125 126 127 128 129 130 131 130 130 131 131 130 129 129 128 125 121 117 112 106 99 92 89 88 90 91 93 99 106 113 117 121 124 129 137 146 149 152 153 150 146 141 134 126 115 105 96 88 80 70 62 57 54 53 51 49 49 57 72 85 94 99 103 106 110 113 114 113 113 112 111 112 111 110 110 110 109 108 106 104 101 99 97 93 88 83 79 75 71 66 62 59 55 52 50 48 47 44
150 140 125 105 85 75 77 82 87 90 94 98 102 105 108 110 112 114 117 120 122 124 125 125 126 128 129 129 130 129 130 130 130 131 131 129 127 124 121 117 112 106 100 93 89 90 93 93 95 100 107 113 117 120 124 131 143 153 154 156 155 152 150 146 138 128 117 106 96 88 80 71 64 59 57 56 55 52 49 55 68 83 94 101 105 107 110 113 114 113 113 112 111 111 111 110 108 108 108 106 104 102 99 97 94 91 87 82 77 72 68 64 60 57 53 51 49 47 45 43
155 140 128 109 89 73 73 78 83 88 92 96 100 103 107 109 110 112 115 118 121 123 124 125 126 127 128 127 128 129 130 131 130 130 130 128 125 122 120 117 112 106 100 93 90 93 96 96 98 102 108 113 118 121 126 135 151 163 163 161 157 153 153 148 140 130 119 108 97 88 80 72 65 63 61 59 58 56 51 52 64 80 92 101 106 108 110 112 113 112 112 111 110 110 111 109 107 106 106 104 102 99 97 95 92 88 84 80 75 70 66 62 58 55 52 50 48 46 44 42
159 143 130 111 91 73 71 76 81 86 90 94 98 101 104 106 107 110 113 117 119 121 122 123 124 125 127 126 126 128 130 131 131 129 127 126 123 121 119 116 112 108 101 95 93 97 99 98 99 104 109 114 120 123 129 141 160 172 168 163 159 156 154 150 141 131 119 108 98 88 80 72 67 66 66 62 61 60 54 51 60 76 89 99 106 109 111 112 112 112 111 110 109 108 109 108 106 105 104 103 100 97 95 93 90 86 82 78 73 68 63 59 56 53 51 48 47 45 43 41
162 145 133 116 95 75 68 73 78 84 88 92 96 98 100 103 105 109 113 115 117 119 120 122 123 124 125 126 126 127 128 129 129 129 127 124 122 120 119 118 114 110 103 97 97 100 101 99 100 104 109 115 120 125 132 145 164 170 164 159 156 155 153 149 142 131 120 109 99 89 81 74 69 69 70 66 63 63 59 53 57 71 86 98 106 109 111 113 112 111 110 109 108 107 106 106 105 103 102 101 99 96 94 91 88 84 80 76 71 66 61 57 54 51 49 47 46 44 42 41
171 148 134 119 102 79 66 70 75 80 85 89 93 96 98 102 105 108 112 115 116 118 120 121 123 123 123 125 127 128 128 129 128 127 126 124 122 121 120 120 117 112 104 100 101 103 101 99 101 105 110 116 122 127 135 149 162 162 156 152 151 152 151 147 140 131 120 109 100 91 82 75 71 71 72 68 63 64 63 56 55 67 84 96 105 109 112 113 113 112 110 109 108 106 105 104 104 102 100 99 97 95 92 89 85 81 77 73 69 64 60 55 52 50 48 46 44 42 41 40
168 147 135 123 105 84 68 68 73 78 83 88 91 95 99 102 106 108 111 114 116 117 118 120 122 123 124 125 128 128 129 128 128 127 126 124 123 123 122 120 117 113 107 103 103 102 100 99 101 106 111 118 125 131 137 146 154 152 147 146 147 147 146 142 138 131 120 109 100 91 83 77 73 72 72 69 63 63 64 60 56 63 79 93 103 109 112 114 115 113 111 109 108 106 105 104 103 102 99 97 95 93 90 87 82 78 74 71 66 62 58 54 50 48 47 45 43 41 39 39
169 149 138 126 108 89 71 67 70 74 80 85 90 94 97 101 105 107 110 112 114 116 117 118 120 122 124 125 126 127 128 127 128 127 126 125 125 124 124 121 118 113 108 105 103 101 98 99 103 108 113 119 127 132 136 141 145 143 141 141 141 141 141 140 137 129 119 109 99 90 82 77 73 72 71 67 63 62 64 62 58 62 75 90 100 107 111 113 115 114 111 109 108 107 105 103 102 100 98 96 93 91 89 85 81 76 72 68 64 60 56 53 49 47 46 44 41 40 38 37
180 156 141 132 113 92 73 65 65 70 76 82 87 92 95 99 102 105 108 110 111 114 116 118 119 121 123 124 125 126 127 127 127 127 127 126 126 125 124 122 118 113 109 104 101 99 96 98 102 106 112 118 125 130 133 136 138 137 136 136 135 135 135 135 134 127 117 107 98 89 81 76 72 70 67 64 61 61 63 62 58 60 69 83 97 106 110 113 114 113 111 110 108 107 105 102 101 99 97 94 91 89 87 83 79 73 70 66 62 58 54 50 48 46 44 42 40 38 37 36
184 160 143 133 117 94 73 63 62 67 74 81 86 90 92 96 99 102 106 109 110 113 115 117 118 119 121 123 124 125 126 126 127 127 127 127 126 125 124 122 118 113 109 103 99 96 94 95 98 102 107 113 120 126 129 131 132 131 130 130 129 128 128 129 129 124 115 106 96 87 79 73 70 67 63 60 58 59 61 61 58 57 63 76 92 104 110 112 113 113 112 110 109 107 105 102 100 97 95 92 89 87 85 82 77 72 68 64 60 56 52 49 47 45 43 41 40 38 36 35
192 168 148 135 120 98 76 63 61 66 73 78 83 88 91 95 98 101 105 109 111 113 115 116 117 119 121 122 123 123 124 125 127 127 127 127 127 126 124 122 117 112 109 102 96 92 90 90 92 96 101 107 114 119 123 126 126 126 124 124 123 122 122 123 124 121 113 103 94 85 77 70 66 62 59 57 56 57 58 58 57 56 59 69 84 100 109 112 114 114 112 110 109 107 105 102 99 96 94 91 88 85 83 80 76 71 67 62 58 54 50 48 46 44 42 40 39 37 36 35
192 169 141 128 116 99 81 68 63 65 70 74 79 85 89 94 97 100 105 108 110 113 114 115 117 118 120 121 122 123 124 124 126 128 128 128 128 127 124 121 117 113 109 104 96 88 84 82 84 86 90 97 105 112 116 118 119 118 117 116 115 114 116 117 116 114 107 98 89 80 71 65 61 58 54 53 53 54 55 55 55 55 58 64 77 95 107 113 115 115 114 111 109 107 105 101 98 95 92 90 87 84 81 79 75 70 65 61 56 52 49 46 44 43 42 40 38 36 35 34
186 173 151 137 128 110 91 75 65 63 67 71 76 82 87 92 96 99 103 106 109 111 114 115 117 118 119 120 120 121 122 124 126 128 128 128 128 127 125 121 117 113 109 106 100 91 81 74 72 74 78 85 93 101 106 110 111 109 107 106 105 105 107 108 108 105 100 91 82 73 65 59 55 52 49 48 49 50 52 53 54 55 57 60 70 87 102 110 114 115 114 111 109 106 104 100 97 94 91 89 86 82 79 77 73 68 64 59 55 51 48 45 43 42 41 39 37 35 34 32
195 184 162 142 133 118 100 81 65 61 63 68 74 79 83 89 94 97 102 105 108 111 113 115 117 118 119 119 120 120 122 124 126 127 128 128 128 126 124 121 117 114 111 107 102 96 85 71 62 61 64 71 78 86 92 98 99 97 95 94 93 93 96 98 97 95 89 82 74 65 58 51 47 45 43 43 44 46 49 52 54 56 57 59 66 80 96 106 112 114 113 110 108 105 102 99 96 93 90 87 85 81 78 75 71 66 62 57 53 50 47 44 42 40 40 38 37 35 33 31
196 191 171 147 135 122 104 81 63 58 60 65 71 77 82 87 92 97 101 104 107 110 111 114 116 117 118 119 120 121 122 124 125 126 127 128 128 126 123 119 117 116 115 112 105 98 89 76 62 54 53 57 62 69 76 82 84 82 80 79 78 79 83 85 84 82 77 70 63 55 49 43 41 39 38 38 39 43 48 52 54 56 57 58 63 73 89 101 108 112 112 109 106 103 101 98 95 91 88 86 83 80 77 73 69 65 60 55 51 49 46 43 41 39 39 37 36 35 33 31
201 200 185 157 140 126 97 71 56 55 59 64 69 75 81 86 91 96 100 104 106 109 111 113 115 117 118 119 120 121 121 122 124 126 127 128 128 126 123 119 117 116 116 114 110 103 94 82 69 59 52 49 51 55 60 66 68 66 65 64 63 65 69 70 69 67 63 57 51 45 41 37 36 34 34 36 39 44 49 53 55 56 57 58 61 69 84 97 105 108 109 107 104 101 99 97 93 89 86 84 81 78 75 71 67 62 58 53 49 47 45 42 40 38 38 37 35 34 32 30
203 203 188 157 136 117 90 66 54 53 56 61 67 73 79 85 90 95 99 103 106 109 111 112 115 116 118 118 119 119 121 121 123 126 127 129 128 125 122 119 117 116 116 114 113 108 101 91 80 70 62 54 49 48 49 52 54 53 52 50 49 50 54 55 55 53 50 45 41 37 35 34 34 34 36 38 42 47 51 54 55 56 57 58 60 67 79 92 101 105 106 105 103 100 98 95 91 87 83 81 78 76 73 69 65 60 56 51 47 45 43 41 39 38 37 36 35 33 31 29
206 201 180 152 120 87 71 55 48 50 53 58 64 70 76 82 88 94 98 101 105 108 110 111 113 115 116 117 118 118 120 121 123 126 127 128 127 125 121 117 115 116 115 115 115 113 109 102 94 84 75 67 59 53 49 48 45 43 41 40 38 39 42 43 43 42 40 37 35 33 33 34 35 37 39 42 46 50 53 54 55 56 56 57 59 64 74 87 95 100 102 103 102 99 97 93 90 86 82 78 76 73 70 67 64 59 55 51 46 43 42 40 38 37 36 35 34 33 30 28
205 188 167 135 93 68 55 45 44 46 51 56 62 66 72 80 88 95 98 101 104 106 108 110 112 113 114 115 116 117 118 121 122 123 124 124 124 122 118 114 113 114 113 113 114 113 111 107 102 96 87 78 70 63 58 53 47 42 38 35 33 33 35 36 36 35 34 34 33 33 34 36 38 40 44 47 50 52 53 54 55 55 56 57 59 64 72 82 91 95 97 99 100 98 96 92 89 85 81 76 72 70 68 65 62 58 54 49 45 43 41 39 38 37 36 34 33 31 30 27
185 167 141 104 73 53 42 41 43 45 49 53 58 64 71 79 86 92 96 99 102 104 106 108 110 111 113 114 115 116 117 119 118 118 118 116 115 114 113 112 111 111 110 110 111 110 108 105 102 99 94 86 79 73 68 61 54 48 42 36 32 31 31 32 32 33 34 34 34 35 36 38 41 44 47 49 51 52 53 54 54 54 55 57 60 65 71 79 87 91 92 94 96 97 95 92 88 83 79 74 70 68 65 63 60 56 53 48 44 42 40 38 37 36 35 33 31 30 29 26
169 149 113 85 62 41 36 39 43 45 47 51 58 65 72 77 81 87 92 97 100 103 105 107 109 110 112 113 114 114 115 114 112 109 107 106 107 108 109 109 109 107 105 105 105 103 101 99 97 95 91 86 82 79 76 71 63 56 49 43 38 35 33 33 34 34 35 36 37 37 39 40 42 45 47 49 51 51 52 52 53 53 54 57 61 65 72 78 82 85 86 88 92 94 93 90 86 82 77 73 69 66 63 61 57 55 52 48 43 41 39 37 36 35 33 32 30 29 27 25
156 121 90 70 48 38 37 40 43 44 45 50 57 64 69 72 77 83 89 95 98 102 104 106 108 109 110 110 112 112 111 107 103 100 96 97 102 106 107 106 104 102 100 99 98 96 94 92 92 90 87 83 82 80 79 76 72 65 59 53 48 44 41 40 39 38 39 40 40 39 39 40 41 43 45 47 49 50 50 50 51 52 53 56 61 67 74 79 81 82 81 81 84 87 89 88 84 80 75 71 68 65 62 59 56 53 51 47 43 40 38 36 35 34 33 31 29 27 25 23
127 93 71 49 41 39 37 40 43 43 45 50 55 59 63 68 73 79 87 94 98 100 103 105 106 107 107 107 107 107 103 99 95 92 90 94 100 105 105 102 99 97 96 94 92 91 90 88 86 84 83 81 80 78 80 80 77 72 67 61 57 54 52 49 47 46 46 44 43 41 40 40 40 41 42 44 46 47 47 48 49 51 53 57 60 67 74 79 81 79 77 76 76 78 81 82 81 77 73 69 66 64 61 58 54 51 49 46 42 40 37 36 35 33 32 30 28 25 24 22
99 76 52 40 39 39 38 39 41 43 46 48 51 55 59 63 69 76 84 91 96 99 102 103 104 104 104 105 104 100 94 90 89 89 90 94 98 101 100 97 95 94 92 89 87 86 85 84 81 80 80 79 77 77 80 83 80 74 70 67 65 64 60 57 55 53 52 50 48 45 43 41 40 39 39 41 43 44 44 45 48 51 54 57 61 67 72 76 77 75 74 72 71 71 73 75 75 74 71 67 65 62 60 57 53 50 47 44 41 39 37 35 34 33 32 30 27 25 24 21
81 58 41 39 39 39 38 37 39 41 43 44 46 50 54 59 68 76 82 87 92 97 101 102 102 102 102 102 99 92 87 86 86 88 90 94 96 97 95 93 93 90 87 85 86 85 82 80 80 80 80 78 77 76 80 85 83 77 74 72 72 73 69 65 62 59 58 56 54 50 47 45 42 39 39 40 41 43 44 46 49 53 57 60 63 67 71 74 75 74 72 69 65 64 66 68 69 69 68 65 63 60 58 56 52 49 45 43 40 39 36 34 33 32 32 30 27 25 25 21
62 44 39 39 39 39 38 36 37 39 40 41 43 46 51 57 66 74 79 85 90 95 98 99 99 100 100 96 89 85 85 86 86 86 89 91 92 91 91 91 91 89 87 86 86 84 81 79 78 78 78 77 76 76 81 86 85 80 77 75 76 79 78 74 71 67 64 62 60 57 52 49 46 42 40 40 42 43 46 50 53 56 60 64 66 68 69 70 72 71 69 66 62 61 60 61 63 64 65 63 61 59 56 54 51 47 44 41 39 37 36 34 33 32 32 31 27 26 27 22
46 38 38 39 39 37 36 34 35 36 37 37 39 43 49 56 63 69 75 81 87 92 95 97 98 97 94 87 80 80 84 85 84 85 87 87 87 87 88 89 90 89 88 87 85 81 79 78 77 76 76 76 76 77 82 87 85 79 75 74 78 82 83 80 78 76 71 69 66 63 58 53 49 46 44 43 44 46 49 54 57 60 64 66 68 69 68 68 67 66 64 62 60 58 56 55 57 59 60 60 59 57 55 52 50 46 43 40 37 36 35 33 32 33 33 31 28 28 29 24
39 37 38 38 37 36 35 34 33 33 33 34 36 41 48 55 60 65 71 78 84 90 94 96 96 94 88 80 77 78 79 80 82 85 86 86 85 85 87 88 89 87 88 87 84 80 78 77 77 77 76 76 78 80 84 87 84 80 76 75 79 83 84 84 85 86 82 77 74 70 65 59 55 51 48 46 47 49 52 55 60 64 67 69 68 69 70 69 69 68 63 59 57 55 54 53 53 55 57 57 56 56 54 51 48 45 42 39 36 35 34 32 32 32 33 32 29 29 32 25
36 37 38 37 36 35 34 32 30 29 30 32 35 40 47 52 56 61 68 75 82 88 93 95 94 89 83 79 77 76 76 79 83 85 86 86 85 86 88 90 89 87 87 86 85 81 79 79 79 78 77 78 83 85 87 89 86 82 78 77 79 84 85 87 92 94 91 86 81 76 71 65 60 57 53 50 51 52 55 59 63 67 68 70 70 69 70 68 68 66 61 57 55 53 52 51 51 53 54 55 54 54 52 50 47 43 40 38 36 34 32 32 31 32 33 33 30 31 35 27
36 37 37 36 35 33 32 30 28 27 28 32 35 39 45 49 54 62 69 75 82 88 92 91 86 80 77 75 73 74 77 81 84 85 85 85 85 86 88 90 89 87 87 85 82 80 81 82 81 80 82 86 89 92 94 95 91 85 80 79 82 86 86 90 98 101 98 91 85 81 76 70 64 62 58 56 55 56 59 63 66 68 70 72 73 73 70 68 65 63 59 57 54 51 49 48 48 51 52 52 52 51 50 48 46 42 39 38 35 33 31 31 31 31 33 34 33 35 37 29
37 38 37 35 34 32 31 29 26 25 26 30 33 37 41 46 53 61 68 74 80 84 87 86 83 79 75 72 73 75 79 83 85 84 84 86 88 89 89 89 89 88 86 85 84 84 86 87 86 85 88 93 95 98 101 101 98 92 86 83 86 89 89 92 101 108 104 94 87 83 78 73 68 64 62 61 60 60 63 65 67 68 71 72 75 76 74 70 67 64 60 56 52 50 47 45 46 49 50 50 50 49 48 46 44 40 38 36 34 32 30 30 30 31 33 37 38 40 37 26
38 37 36 35 33 31 29 26 24 23 23 27 32 34 37 43 51 59 66 72 76 79 82 83 82 78 73 71 73 76 79 82 83 81 82 85 86 86 87 87 87 87 86 86 86 89 91 92 91 92 95 99 101 104 107 107 105 100 94 89 88 90 93 97 104 111 109 101 92 85 80 76 72 68 66 65 64 63 64 65 67 68 70 73 75 76 74 71 67 63 60 55 51 48 46 44 44 46 49 50 49 48 46 44 42 39 37 35 32 31 29 28 29 30 33 39 43 44 39 26
37 37 35 34 32 30 27 25 23 22 22 25 29 32 36 41 50 57 62 67 70 73 75 76 75 73 72 72 72 74 77 78 78 79 79 80 80 82 85 86 87 86 85 85 87 89 92 93 93 95 97 100 102 105 108 110 108 104 100 96 94 94 97 102 108 112 110 103 95 87 82 78 75 72 71 70 69 67 66 66 68 68 68 70 72 73 72 68 61 58 57 54 51 48 45 44 43 45 47 48 48 46 45 43 41 38 36 34 32 30 29 28 29 31 35 41 45 45 41 28
37 36 34 32 30 28 25 23 22 21 20 22 25 29 35 40 46 52 57 61 65 68 71 72 72 73 74 74 73 73 72 71 72 74 74 73 73 76 80 81 81 80 80 82 85 87 88 89 89 90 92 94 96 99 103 105 106 103 101 101 100 99 100 104 109 110 105 97 90 84 80 76 74 73 73 72 71 68 66 65 66 65 64 66 67 67 68 63 57 54 54 54 50 47 45 43 43 44 46 47 46 45 43 41 39 37 35 33 31 29 28 28 30 33 38 44 48 46 42 30
36 35 34 31 29 26 24 21 20 20 19 20 24 29 34 38 42 47 51 56 60 65 68 68 69 71 73 73 70 70 67 66 67 68 67 65 65 68 70 69 69 70 72 73 76 78 78 78 79 80 81 82 84 87 91 95 97 98 97 98 100 101 100 102 103 101 95 87 81 76 72 70 69 70 68 68 67 63 61 61 61 60 58 58 58 59 59 55 52 50 51 51 49 46 44 42 42 43 45 45 44 43 42 40 37 36 34 31 29 28 27 28 30 34 41 48 51 48 44 30
35 34 32 30 27 25 22 19 18 18 18 18 22 27 32 35 38 43 47 51 56 61 64 65 66 68 69 67 66 65 64 63 62 62 61 60 62 64 63 60 59 59 59 59 61 63 63 63 63 64 65 66 68 71 75 81 84 86 86 89 92 95 95 93 91 88 83 75 69 65 62 60 60 61 59 59 58 55 52 52 52 51 48 47 48 50 50 48 46 46 47 48 47 45 43 42 42 43 44 44 43 41 40 39 36 34 33 30 28 27 27 29 31 36 43 49 53 49 46 33
34 33 31 29 25 23 20 18 16 16 17 18 21 25 29 31 36 42 45 48 52 57 61 63 64 64 63 62 61 62 61 59 58 59 60 61 61 61 61 60 60 58 54 51 50 50 49 49 49 49 50 51 53 55 58 65 69 73 75 77 78 80 82 81 76 73 68 62 58 54 51 50 50 50 48 48 46 44 42 41 41 41 39 38 41 43 43 43 43 44 45 45 45 44 43 42 42 43 43 42 41 40 39 37 35 33 31 29 27 27 28 30 34 39 44 50 53 50 47 36
33 31 29 26 23 21 19 17 16 16 17 18 21 23 26 28 36 43 45 47 49 54 57 60 62 60 58 59 59 58 58 57 57 57 58 59 58 57 60 64 63 61 58 54 50 47 46 45 44 44 43 44 44 46 48 52 56 60 63 65 65 66 68 65 61 57 52 49 46 43 42 41 41 40 39 38 37 36 35 35 35 35 35 36 38 39 39 39 41 42 44 43 43 43 43 42 42 42 42 41 39 38 37 36 34 31 30 28 27 27 29 31 36 42 46 51 54 52 48 40
32 30 27 25 22 19 18 16 15 15 15 17 20 22 23 26 38 46 46 46 48 51 54 57 57 56 56 57 57 57 58 59 59 58 58 59 59 59 60 62 61 59 58 56 53 51 49 48 48 48 47 47 48 49 48 50 51 52 55 56 56 56 55 52 48 45 42 40 39 39 39 39 36 34 34 33 33 32 32 33 33 33 33 35 37 38 38 38 40 41 42 42 42 42 41 41 41 41 40 39 37 36 35 34 32 29 28 28 27 28 30 33 38 44 48 51 54 52 48 43
31 29 26 23 20 18 16 16 15 14 14 17 21 22 22 25 38 50 47 45 46 48 51 53 52 52 53 55 56 59 60 60 61 61 61 63 65 66 66 64 62 61 59 57 56 55 54 53 54 53 53 53 54 56 57 59 58 57 58 56 54 54 52 50 47 44 43 42 42 43 43 43 40 37 36 35 34 34 33 34 34 34 35 37 38 38 39 39 40 41 41 41 41 40 40 40 40 40 39 37 36 34 33 32 31 28 27 27 28 29 32 36 40 45 49 52 54 53 49 45
30 27 24 21 19 17 16 15 15 14 14 17 23 25 23 25 39 50 48 45 43 44 47 48 49 50 51 53 57 60 59 59 60 60 61 65 69 71 72 70 68 67 65 63 62 62 61 60 61 61 61 60 60 61 62 64 64 63 62 61 58 58 58 57 55 53 51 50 50 50 49 48 46 43 42 42 41 41 41 41 40 40 40 40 40 41 41 41 41 41 41 41 40 39 39 38 39 38 37 35 34 32 31 30 30 28 26 27 29 31 34 39 43 47 49 52 54 54 50 46
28 26 22 19 17 16 15 15 14 14 13 16 23 27 24 27 41 52 50 45 42 42 43 46 48 49 51 53 57 58 57 57 58 58 60 64 68 72 73 72 72 72 70 69 68 69 69 69 69 69 69 69 69 69 69 67 67 67 66 65 63 63 63 64 63 61 59 58 57 57 56 55 53 51 50 49 49 49 48 47 45 44 44 43 43 43 42 42 42 42 41 41 39 39 38 37 37 37 35 33 32 30 29 28 28 27 26 27 29 32 37 41 45 49 51 52 54 55 51 47
26 24 21 18 16 15 15 15 14 14 14 16 23 28 27 28 43 56 55 49 44 42 42 44 46 48 50 54 56 56 55 55 56 58 61 64 67 70 72 72 72 73 72 72 72 72 73 74 76 76 76 77 78 80 80 76 76 75 74 73 71 69 69 70 69 68 67 66 66 65 64 64 61 59 57 56 56 55 53 50 48 46 45 44 44 44 43 43 43 43 42 41 39 38 37 36 35 34 33 32 30 28 28 27 26 26 27 28 30 35 40 44 47 49 51 52 54 55 51 48
25 22 19 17 16 15 15 14 14 13 14 17 24 29 29 31 47 59 59 54 48 44 42 43 45 47 50 53 55 55 54 53 55 58 60 64 67 69 70 71 72 72 72 73 73 72 72 75 78 79 79 80 81 84 86 85 86 85 84 83 82 77 76 77 77 76 76 75 74 73 72 69 67 64 62 61 59 57 53 51 49 47 46 45 44 44 44 43 43 43 43 41 39 37 35 34 33 32 31 30 28 27 26 26 25 27 28 30 33 38 43 46 48 50 51 52 53 54 51 48
23 20 18 16 15 15 15 14 14 13 14 18 24 30 33 36 50 61 63 59 52 46 43 43 44 46 51 54 55 54 52 52 56 59 61 64 66 66 68 71 71 71 70 71 71 70 69 72 75 77 79 81 82 84 85 87 88 88 88 87 87 84 83 84 82 82 81 80 79 77 75 72 70 68 65 62 59 56 53 50 48 45 44 44 44 43 43 44 44 44 43 42 39 37 34 32 31 30 29 28 27 26 25 25 25 27 30 32 35 41 45 47 49 50 51 52 53 54 52 49
22 19 17 16 15 15 14 14 13 13 14 18 25 32 38 42 54 63 66 64 58 50 44 42 43 45 50 53 53 52 51 53 57 60 63 65 65 65 67 69 70 69 67 67 67 66 67 69 71 73 75 79 81 84 85 87 88 89 88 87 86 86 87 86 85 84 83 81 80 78 76 73 70 67 63 60 57 54 50 48 46 44 43 44 44 43 43 43 43 43 44 42 39 36 34 31 30 29 28 27 26 25 25 25 26 28 31 34 38 43 46 49 50 51 51 52 53 54 52 49
21 18 16 15 15 14 14 13 13 13 14 19 25 33 41 49 62 66 68 67 63 55 48 43 42 44 45 47 48 49 52 55 57 61 64 66 66 67 68 68 68 66 65 64 63 63 66 69 70 70 71 74 76 79 82 84 85 86 84 84 83 83 83 83 82 81 80 80 78 75 73 68 66 62 59 57 55 51 47 45 44 44 44 44 44 44 43 43 42 42 42 41 39 35 32 30 28 27 27 26 25 25 24 25 27 30 33 38 42 45 48 50 51 51 52 52 53 53 52 50
20 17 16 15 14 14 14 13 13 13 15 20 26 34 42 54 69 72 72 70 67 61 53 46 44 44 43 44 46 49 55 58 60 64 66 68 69 69 69 67 64 63 62 61 59 60 63 65 67 69 70 69 70 72 74 76 77 77 76 75 74 75 76 75 74 73 73 72 71 68 65 61 60 57 55 54 53 49 45 43 42 42 42 43 44 44 44 42 41 40 40 39 38 34 31 29 27 26 25 25 25 24 25 27 29 32 36 40 44 47 50 51 51 51 52 52 53 53 51 50
18 16 15 15 14 14 13 13 13 13 15 20 27 35 43 57 74 77 75 73 71 66 59 53 49 46 43 43 46 53 59 61 64 66 67 66 66 67 67 65 61 60 60 59 58 58 59 61 64 67 67 67 68 69 68 69 71 70 69 66 66 68 68 67 65 65 65 65 63 61 60 59 57 56 54 51 49 46 43 41 41 41 41 42 43 44 43 42 40 38 38 37 35 33 30 28 26 25 24 24 24 25 26 29 31 35 39 43 47 49 50 51 51 51 52 52 52 52 51 50
17 16 15 14 14 13 13 13 12 13 16 21 28 36 44 60 79 82 79 76 74 71 66 60 55 50 44 44 48 53 56 58 61 63 63 64 65 66 67 64 62 61 61 59 59 60 59 59 61 62 61 62 65 66 64 66 68 68 66 62 63 65 63 61 59 61 63 63 62 59 59 59 56 54 52 49 47 45 41 40 40 40 40 40 41 42 43 42 40 37 35 35 34 33 30 27 25 24 23 23 25 26 28 31 34 38 42 46 48 50 50 51 51 51 51 52 52 51 51 50
16 15 15 14 13 13 13 13 12 12 16 22 29 36 44 61 80 86 85 80 77 74 71 66 59 51 46 43 46 49 51 55 57 60 63 65 67 68 66 64 64 64 63 61 61 62 60 60 60 59 57 57 60 60 58 61 62 63 60 58 58 59 57 54 53 56 58 59 59 58 58 55 51 49 47 46 45 43 40 38 39 39 40 40 40 41 43 41 39 36 33 33 33 32 29 26 25 24 23 24 26 28 30 33 36 40 44 47 49 51 51 52 52 52 52 52 52 51 50 50
16 15 14 14 13 13 13 12 12 12 17 23 31 37 46 63 82 88 88 85 81 78 75 69 62 56 50 47 46 48 51 54 57 61 63 65 67 67 65 64 64 65 65 64 64 62 61 62 63 61 57 56 56 53 53 55 55 55 50 49 49 50 49 47 46 47 49 50 51 51 51 49 46 44 43 43 43 42 40 38 38 39 39 40 39 40 42 40 38 36 33 32 31 30 28 25 24 24 23 24 27 30 33 36 40 43 46 48 50 51 52 52 52 52 52 52 51 51 50 50
15 14 14 13 13 12 12 12 11 13 18 25 35 40 47 65 84 90 91 90 88 83 79 74 69 65 60 56 51 51 51 52 55 58 60 62 63 64 63 64 66 68 70 69 67 64 64 66 65 62 59 59 57 53 53 52 50 48 44 43 43 43 42 41 40 40 41 42 42 43 44 44 44 43 42 41 41 41 39 39 39 39 39 38 38 37 39 39 37 34 33 30 29 29 27 24 24 24 24 26 29 32 36 39 43 46 47 49 50 51 52 52 52 52 52 51 51 51 50 49
15 14 13 13 12 12 12 12 11 13 18 25 34 40 48 66 85 92 95 95 92 86 82 78 75 72 70 64 57 53 50 49 52 54 58 60 63 64 64 66 69 73 74 72 70 67 68 68 67 64 64 64 60 58 57 56 53 48 46 45 43 41 38 37 37 38 39 39 39 41 43 44 44 42 42 41 41 40 40 39 39 38 38 37 36 36 37 37 35 33 32 30 28 27 26 24 24 25 26 28 31 35 40 43 46 48 50 50 51 51 51 52 52 52 52 52 51 50 50 49
14 13 13 13 12 12 12 12 12 14 18 25 35 40 48 67 86 93 97 99 96 91 85 81 77 75 74 69 62 56 51 49 50 54 58 61 63 65 67 69 73 76 77 76 73 72 72 72 71 69 69 67 65 64 63 62 59 53 51 49 46 42 39 38 39 40 40 40 41 43 45 44 42 41 41 40 41 40 40 40 39 38 38 37 35 36 36 36 34 32 31 29 27 26 25 24 25 26 27 29 33 38 43 47 48 50 51 51 51 52 52 52 52 52 52 51 50 50 50 49
14 13 13 12 12 12 12 12 12 14 19 26 35 41 49 68 86 94 98 101 102 96 91 86 80 77 75 72 67 60 54 51 51 52 55 59 62 66 69 72 75 78 79 78 76 76 76 77 76 74 74 72 71 70 71 70 66 61 59 56 52 47 44 43 43 44 43 44 46 48 48 45 42 41 41 41 41 41 41 41 41 40 40 39 37 36 37 36 34 32 30 28 27 25 25 25 26 28 30 32 36 41 46 49 50 50 51 51 52 52 52 52 52 52 52 52 51 50 50 48
14 13 12 12 12 12 12 12 12 14 19 26 36 41 50 69 88 95 99 102 103 101 97 92 86 81 78 76 71 66 59 54 51 50 52 57 61 64 69 73 76 78 78 77 77 78 80 82 82 80 80 79 77 77 77 74 71 67 65 63 60 57 54 53 52 51 49 50 53 55 54 51 47 44 44 44 44 43 44 44 42 42 41 40 39 37 37 36 34 32 29 27 25 24 24 26 27 30 33 36 39 44 48 50 50 50 51 52 52 53 52 53 53 52 52 52 51 50 49 48
13 13 12 12 12 12 12 12 12 14 19 27 37 41 50 70 88 95 100 102 104 104 102 98 93 87 83 79 76 70 65 60 54 52 52 54 57 63 70 74 77 78 79 79 80 81 84 86 86 86 86 85 84 84 81 79 77 74 72 71 69 68 66 64 63 61 60 60 62 63 64 62 56 51 50 49 48 47 46 46 44 43 42 41 39 37 37 36 33 30 28 26 24 24 25 27 29 33 36 40 43 46 49 50 51 51 51 52 52 52 53 53 53 52 52 51 51 50 49 48
13 13 12 12 12 12 12 12 12 14 19 27 37 42 51 70 89 96 100 103 105 105 105 102 98 93 88 84 79 74 71 65 58 53 51 51 56 62 68 73 77 78 79 80 82 84 87 89 90 91 93 92 90 89 86 84 83 81 79 78 76 76 76 74 73 71 71 70 71 72 72 71 65 59 56 54 53 51 50 49 47 44 43 41 39 37 37 36 33 30 26 25 24 24 26 29 32 35 39 43 47 48 50 51 52 52 52 52 52 52 53 53 52 53 52 51 50 50 49 47
13 12 12 12 12 12 12 11 11 14 19 27 37 42 51 70 89 96 100 103 106 106 106 105 102 98 93 87 81 77 75 69 62 54 50 51 56 60 65 71 76 77 78 81 84 86 89 90 91 94 96 95 94 93 91 90 89 88 86 84 82 82 83 81 81 81 80 79 79 79 78 77 72 66 62 59 57 54 52 51 49 46 44 42 39 38 37 35 32 29 25 24 25 26 28 31 35 39 43 46 48 50 51 51 52 52 52 53 53 53 53 53 53 53 52 51 50 50 48 47
13 12 12 12 12 12 12 11 11 14 20 28 37 42 52 71 89 97 101 103 106 107 107 107 105 102 96 90 85 82 79 74 68 59 53 53 55 57 62 69 74 76 78 82 84 87 89 91 93 96 97 96 96 96 95 95 95 94 92 89 87 87 87 87 87 87 86 86 86 85 84 82 77 71 66 63 60 58 54 52 50 48 46 43 40 39 37 35 31 28 25 25 26 28 31 34 38 42 45 48 50 51 51 51 52 53 53 53 53 53 53 53 53 53 52 51 50 50 48 47
13 12 12 12 12 12 11 11 11 14 20 28 37 42 53 72 90 98 102 104 106 106 107 106 105 104 101 95 89 85 81 78 72 64 56 53 54 56 61 68 71 74 77 80 82 85 87 90 94 96 97 97 98 97 98 98 99 99 97 94 93 92 92 93 91 91 92 92 92 91 90 86 81 75 69 67 64 61 58 54 51 49 47 44 40 39 37 35 31 27 26 26 28 31 34 37 41 45 48 49 50 51 51 52 52 53 53 53 54 54 53 54 54 53 52 52 51 49 48 47
13 13 12 12 11 11 11 10 11 14 20 28 37 43 53 73 91 98 102 104 106 107 107 107 105 105 104 99 94 88 83 80 75 67 59 54 52 54 59 64 67 72 75 77 78 82 84 88 93 95 95 96 97 97 98 99 100 100 99 97 98 98 98 97 95 96 96 97 96 95 93 88 84 78 72 69 67 64 59 54 50 47 46 43 40 38 36 33 30 27 26 28 30 34 37 40 44 47 49 51 51 52 52 52 53 53 54 54 54 54 54 54 54 53 53 52 51 49 48 46
13 12 12 11 11 11 11 10 11 14 20 28 37 43 53 73 91 99 102 105 106 107 108 107 106 105 104 102 99 94 89 83 76 69 61 55 52 52 55 58 62 68 72 74 75 77 81 85 90 93 93 94 95 95 96 98 98 98 97 98 101 102 102 100 98 98 99 99 98 97 93 89 84 78 73 69 68 64 58 54 49 45 43 41 38 35 34 32 29 27 28 30 33 37 40 44 47 49 51 51 52 52 53 53 54 53 53 54 54 54 54 54 54 54 53 52 51 49 48 46
13 12 12 11 11 11 11 10 10 14 20 28 37 44 54 74 92 100 104 106 106 107 107 107 107 106 104 103 101 98 92 85 79 74 67 61 55 52 52 54 58 64 67 70 71 73 77 81 86 89 90 91 93 94 94 95 97 96 94 97 101 103 103 100 99 99 100 99 98 95 92 88 83 77 72 69 66 63 57 53 49 44 40 38 36 33 31 30 28 29 30 32 36 40 43 46 49 51 52 52 52 53 53 54 54 54 54 55 55 55 55 55 54 54 53 52 51 49 48 45
13 12 11 11 11 11 10 10 10 14 21 28 37 44 55 74 91 100 103 106 107 107 107 107 107 105 105 104 102 101 96 88 81 78 73 67 62 56 52 52 56 61 63 65 67 70 73 78 83 85 87 89 90 91 92 93 94 93 92 95 98 100 101 99 97 98 99 98 96 92 89 85 81 76 71 68 64 60 56 51 47 42 38 36 33 31 30 28 28 29 32 35 39 43 45 48 50 51 52 53 53 54 54 54 54 54 54 55 55 55 55 55 54 54 53 52 51 50 48 46
12 12 11 11 11 11 10 10 10 14 21 29 37 44 55 73 88 99 104 105 107 107 108 107 106 105 105 104 104 103 100 91 84 79 76 73 69 63 56 53 53 55 58 60 63 67 70 75 79 81 84 86 87 88 89 91 90 89 89 90 93 95 95 95 94 94 95 95 93 91 87 83 78 75 71 67 62 59 55 50 45 41 37 33 30 29 29 28 29 31 34 38 42 45 48 49 50 52 53 54 54 54 54 54 54 54 55 55 55 55 55 55 55 54 54 52 51 50 48 45
12 12 11 11 11 10 10 10 10 15 25 31 38 45 56 72 89 100 105 107 108 108 108 107 106 106 105 104 104 103 100 93 87 83 80 77 73 67 62 56 51 51 53 55 59 63 66 72 75 78 81 83 83 84 87 88 87 85 84 86 87 89 88 88 89 89 89 90 89 87 83 79 76 72 68 63 60 56 51 47 42 37 34 31 29 28 28 29 31 33 37 41 45 48 49 50 51 53 54 55 54 54 55 54 54 55 55 55 55 55 55 55 55 55 54 53 51 50 47 43
12 11 11 11 11 10 10 10 10 15 25 31 38 45 56 73 89 100 105 107 108 109 108 107 107 106 105 104 104 103 102 96 90 86 83 78 75 70 65 60 54 50 49 51 54 58 63 66 69 73 76 78 77 79 83 85 83 80 79 81 83 82 81 81 82 83 83 84 83 81 78 74 71 69 64 59 55 52 47 44 39 34 31 29 28 28 29 30 33 36 41 44 47 50 51 51 53 54 54 54 54 55 55 55 55 55 55 55 55 55 55 55 55 55 54 53 51 49 46 42
11 11 11 11 10 10 10 10 10 16 25 31 38 45 56 73 90 100 105 108 109 110 109 108 107 106 105 105 104 103 103 100 94 89 85 81 77 74 70 65 58 51 48 48 50 53 58 61 63 68 71 71 72 73 78 80 78 76 75 77 78 77 76 75 75 76 77 78 77 74 71 68 67 64 59 55 51 48 44 39 36 32 28 28 28 29 31 33 35 39 43 46 49 51 52 52 53 54 54 55 55 55 55 55 55 55 55 55 55 55 55 55 55 55 54 53 52 49 44 40
11 11 11 11 11 10 9 9 10 16 25 31 38 46 55 72 90 101 106 108 110 110 108 108 107 106 105 105 104 103 103 102 99 94 89 84 80 77 74 70 64 57 52 49 48 50 54 56 58 63 64 64 66 68 71 73 72 71 70 70 72 71 70 69 68 69 70 71 70 67 65 63 61 57 53 50 47 44 41 36 33 30 28 28 30 31 33 35 38 42 46 49 51 52 52 53 54 54 55 55 55 55 55 55 55 55 55 55 55 55 56 56 55 55 54 53 51 47 43 39
11 11 11 11 11 10 9 9 10 16 25 31 38 45 54 70 89 101 106 109 110 110 109 109 108 106 105 105 104 103 103 103 103 100 93 88 84 81 77 74 71 66 59 54 51 50 52 52 55 58 58 57 59 62 64 65 64 64 64 64 66 65 64 63 62 63 64 64 63 60 58 57 54 51 48 45 43 40 38 34 32 29 28 29 32 34 35 38 41 44 48 50 52 53 53 53 53 54 55 56 55 55 55 55 55 55 55 55 55 55 55 56 55 55 54 53 50 45 42 38
11 11 11 11 11 10 10 10 10 16 25 31 38 45 53 67 86 100 106 109 110 111 111 109 108 106 105 104 104 103 103 103 103 102 97 92 88 84 80 78 76 72 68 63 58 55 52 51 53 54 53 52 53 56 58 58 56 56 57 58 59 59 57 56 56 56 57 58 56 54 51 50 48 46 42 40 39 36 35 33 31 30 30 32 35 36 38 41 43 46 49 51 52 53 54 54 54 55 56 55 55 55 55 55 55 55 55 55 55 56 56 55 55 55 54 52 48 44 40 37
11 11 11 11 10 10 10 10 10 16 25 30 37 45 53 62 78 96 106 109 110 111 111 109 108 107 106 105 104 104 103 103 103 103 101 97 92 87 83 81 79 78 76 72 68 63 57 54 54 52 49 48 50 53 52 51 50 50 50 51 52 53 51 50 50 50 51 51 50 48 46 44 42 41 38 35 34 33 33 32 33 33 33 35 37 39 41 44 46 48 50 52 53 54 55 55 55 56 56 55 55 56 55 55 55 55 55 55 55 56 56 55 55 55 53 50 46 42 39 34
11 11 11 10 10 10 10 9 10 15 25 33 41 46 53 60 71 88 102 108 110 111 111 110 109 108 106 106 105 104 103 102 102 103 102 99 95 90 87 85 84 81 79 78 75 71 66 63 60 54 49 47 49 50 48 46 45 45 45 46 45 45 46 44 44 45 46 46 44 42 42 40 38 36 34 32 31 31 32 33 34 35 36 37 40 42 44 46 48 50 51 53 55 55 55 55 56 56 56 56 55 55 55 55 55 55 55 55 55 55 55 56 55 54 52 48 44 41 37 31
11 11 11 10 10 10 10 9 10 13 23 34 43 46 51 58 65 78 95 104 109 110 110 111 110 109 107 106 105 104 103 102 102 103 103 102 98 93 91 89 88 87 85 83 80 76 74 72 69 61 55 53 52 50 46 43 41 41 41 42 41 40 41 40 40 42 42 41 38 38 38 37 34 32 31 30 31 32 33 35 36 36 39 41 42 44 46 48 50 51 53 54 55 56 56 56 56 56 56 56 55 56 55 55 55 55 55 55 55 55 55 55 55 53 50 45 42 39 33 26
11 11 11 10 10 10 10 9 9 11 18 31 41 46 50 55 61 69 85 99 106 109 110 111 111 110 108 106 105 104 103 102 101 102 103 104 102 99 96 92 91 91 90 88 85 81 79 77 74 68 63 62 57 52 47 42 38 38 37 38 38 37 37 37 37 38 38 36 35 35 35 34 31 30 29 30 32 33 35 37 38 39 42 44 45 47 49 50 51 52 54 55 55 56 56 56 56 56 56 56 56 56 56 55 55 55 55 55 55 55 55 55 54 51 47 43 40 36 29 21
