74 77 79 81 83 83 83 84 86 90 92 93 95 96 98 99 99 100 100 102 102 103 103 104 106 107 109 110 111 112 113 114 115 116 116 116 116 117 117 116 114 112 110 108 107 106 106 106 106 106 107 108 109 109 110 111 112 111 110 109 109 110 111 111 111 112 112 112 112 112 112 112 112 112 113 115 115 116 115 115 114 113 112 113 112 112 111 110 110 109 109 108 107 105 104 104 103 102 100 99 99 99 97 96 95 94 93 91 89 88 88 87 85 83 80 79 77 74 70 66
75 78 80 83 84 83 84 86 88 92 93 95 97 97 99 100 100 101 102 103 103 104 105 106 107 108 110 111 112 113 114 116 117 117 117 117 118 117 116 115 113 111 109 108 106 106 106 106 106 107 108 109 109 109 110 111 111 111 110 109 109 110 111 110 111 111 112 112 112 112 111 112 112 112 113 114 115 115 115 115 114 113 112 112 112 112 111 110 110 110 109 109 107 106 105 104 104 102 101 100 99 99 98 97 95 95 94 92 89 89 88 88 86 84 81 80 79 77 73 69
76 79 81 84 84 84 85 87 91 94 94 96 98 99 100 100 100 101 102 103 104 105 106 107 108 110 111 113 113 114 115 117 118 118 118 118 118 117 115 114 112 111 110 108 107 106 107 107 108 108 109 109 109 110 110 111 111 111 111 110 110 110 110 110 110 111 111 111 112 111 111 111 111 112 113 114 114 115 115 115 114 113 113 113 113 113 111 111 110 110 110 109 108 107 105 105 104 102 101 100 100 99 98 97 96 96 95 93 91 90 89 89 87 85 83 81 81 80 76 72
76 80 82 84 84 84 85 89 94 94 95 97 98 99 100 100 101 101 101 103 104 106 107 108 109 111 112 113 114 116 118 118 118 119 119 119 118 117 115 114 112 111 110 109 108 108 109 110 110 110 111 111 111 111 111 111 111 111 111 110 110 110 110 110 110 110 111 111 111 110 110 111 110 111 113 113 113 114 115 115 115 114 114 113 114 113 112 111 110 110 110 110 108 107 106 104 103 102 102 101 100 99 98 98 97 97 96 95 92 91 90 89 88 86 84 82 81 81 78 75
78 80 83 85 84 84 86 91 94 93 96 98 98 100 100 100 100 101 101 102 104 105 107 108 110 111 113 114 116 118 120 120 120 120 120 120 118 117 116 115 113 111 111 110 110 110 111 112 112 112 113 113 113 112 112 111 111 112 111 111 110 110 110 111 111 111 111 111 111 110 111 111 111 112 113 112 113 114 114 115 115 115 114 114 114 114 113 111 111 110 110 110 109 107 106 104 103 103 102 101 100 99 98 98 98 97 97 97 95 92 92 90 89 87 85 83 82 82 80 77
79 82 84 85 85 85 87 92 95 94 97 98 99 100 100 100 100 100 101 101 103 104 107 109 111 112 114 116 118 120 121 122 121 121 120 119 118 117 116 115 113 112 111 112 112 112 113 114 114 115 115 115 115 114 113 112 112 112 112 111 111 111 111 112 112 111 111 111 111 111 111 111 111 112 112 112 112 113 114 115 116 115 115 115 114 114 112 111 111 110 110 110 109 108 106 105 104 103 102 101 100 99 99 99 98 98 98 98 97 94 93 91 90 88 86 85 83 83 82 79
80 83 84 85 86 86 88 93 94 94 97 99 100 100 100 100 100 100 100 100 102 104 106 109 111 114 115 118 120 122 123 124 123 121 120 120 119 118 117 115 114 113 113 113 114 114 116 117 117 117 116 116 115 115 114 113 113 112 112 112 112 112 112 113 113 112 111 112 112 112 112 111 112 113 112 111 112 113 114 116 116 115 115 115 114 113 112 112 111 110 110 110 109 108 107 106 105 104 103 101 100 100 100 100 99 98 98 99 98 95 94 93 92 90 88 87 85 84 83 82
82 85 85 87 86 86 90 93 93 95 97 99 99 99 99 99 99 99 99 100 101 103 105 109 112 116 118 120 122 124 125 125 124 123 122 122 121 120 118 116 114 113 114 114 114 115 117 118 119 118 117 116 115 114 114 113 113 113 112 111 112 112 113 114 113 112 112 112 112 112 112 112 113 113 112 112 113 113 114 115 115 115 116 116 115 113 112 112 111 110 110 110 109 109 108 107 106 105 103 101 100 100 100 100 100 99 99 99 99 96 95 95 95 93 90 89 88 86 85 84
83 85 86 87 86 86 91 92 93 94 97 98 98 97 96 96 96 97 98 99 100 102 105 108 112 116 118 120 122 124 125 125 125 124 123 123 123 121 118 116 114 114 114 114 114 115 117 118 119 118 116 115 114 113 113 112 112 111 111 111 111 111 112 113 113 112 111 112 111 112 112 113 114 113 113 113 113 113 114 116 115 115 116 115 115 113 112 112 111 111 111 110 109 109 108 107 105 104 102 100 99 99 99 100 100 100 100 100 100 98 97 97 97 95 92 91 90 88 87 86
84 85 86 87 86 87 91 92 93 93 95 96 95 93 92 92 93 94 96 97 99 100 103 106 110 114 117 118 120 121 122 123 123 122 122 122 122 120 118 115 114 113 113 112 113 113 115 117 117 116 115 113 112 111 111 111 110 109 108 109 109 109 111 112 112 111 110 111 110 111 112 113 114 114 113 113 113 112 114 115 115 115 115 114 114 113 112 111 111 111 111 110 109 108 107 105 103 101 99 98 97 97 98 99 100 101 102 102 101 100 99 99 100 97 95 94 92 90 88 87
83 85 86 86 85 87 90 89 90 90 91 92 91 89 87 87 88 90 91 93 95 97 99 102 105 109 112 114 116 117 117 118 118 118 118 118 118 117 116 114 112 111 110 109 109 110 112 113 113 112 111 110 109 108 108 107 107 106 106 106 106 107 108 109 110 110 108 108 108 109 111 112 113 113 112 113 112 111 113 114 114 114 114 113 112 112 111 110 110 110 109 108 107 106 104 102 100 97 96 95 94 95 96 98 100 102 103 103 103 102 101 100 102 100 97 96 94 92 90 89
83 84 86 85 85 87 87 86 85 86 87 87 85 83 80 80 81 82 83 86 89 90 92 94 97 101 104 106 108 110 110 110 111 111 111 112 112 112 112 111 109 108 106 105 105 106 108 109 109 108 106 105 105 104 104 103 103 102 102 103 103 104 105 106 107 106 105 104 105 107 108 109 110 110 111 111 110 110 111 112 112 112 111 110 110 109 109 108 108 108 108 106 104 102 100 98 96 94 93 92 92 93 95 97 100 102 103 104 104 104 103 102 103 102 99 97 96 94 91 90
82 84 85 85 85 85 83 81 80 80 80 79 76 73 71 70 70 71 72 75 77 79 80 82 85 89 91 94 97 99 100 101 102 103 103 105 105 106 107 106 104 103 102 101 101 102 103 104 104 103 101 101 101 100 100 100 99 99 99 99 100 101 101 102 103 102 102 101 102 103 104 105 106 107 108 108 107 107 108 109 109 109 108 107 106 105 105 105 106 105 105 103 101 99 97 94 93 91 90 90 90 92 94 96 99 101 102 104 105 106 105 103 104 104 100 98 97 95 92 91
81 84 84 83 82 81 78 74 72 70 69 67 64 61 58 56 56 56 58 60 62 63 66 67 69 72 75 78 81 85 87 88 90 93 94 96 97 99 100 100 99 98 97 97 97 98 99 99 99 98 97 97 97 96 96 96 96 96 95 96 96 97 97 98 98 98 98 98 98 100 100 101 101 102 103 103 103 103 103 104 104 103 102 101 100 100 100 101 101 101 100 98 96 94 92 90 89 88 87 87 88 89 92 94 96 98 100 103 104 105 106 104 105 105 101 100 99 96 93 92
81 83 82 79 76 72 68 64 60 58 56 54 52 50 46 45 44 44 45 46 47 48 50 51 53 55 58 61 64 67 71 74 76 80 83 86 88 91 93 94 94 93 93 93 94 95 95 96 95 95 94 94 94 94 94 94 93 93 93 92 93 93 94 94 94 95 95 95 95 96 96 96 97 98 98 98 99 98 98 99 98 97 96 94 92 92 92 93 93 92 91 90 89 88 86 85 84 83 83 84 85 87 88 90 92 94 96 99 101 102 104 103 103 105 102 100 100 98 94 92
79 79 75 71 66 61 57 53 50 48 46 45 43 41 40 39 38 37 37 37 37 37 38 39 40 41 43 45 48 51 54 57 61 66 69 73 77 81 85 86 87 88 89 89 90 91 92 92 92 92 92 92 91 92 92 92 91 91 90 89 90 90 90 91 91 92 93 93 93 93 93 93 93 94 94 93 94 93 93 92 91 89 87 84 82 81 81 82 81 80 80 79 78 78 76 76 75 75 75 77 79 81 83 85 87 89 91 94 96 98 101 101 101 103 102 100 100 97 93 91
76 72 66 61 56 52 49 46 44 41 39 39 38 37 37 36 35 33 32 31 31 31 31 31 31 32 33 34 36 38 40 43 46 51 55 60 64 70 74 77 79 81 83 84 86 87 88 88 89 89 89 89 89 90 90 90 89 88 88 87 87 87 88 89 89 90 91 90 90 90 90 89 89 89 88 88 87 87 86 84 81 78 75 71 68 66 67 67 66 66 66 66 65 64 63 63 63 62 62 65 68 70 73 75 79 81 83 86 89 92 95 97 97 99 100 99 99 97 93 88
69 63 57 53 50 48 46 43 41 39 37 36 35 35 35 34 33 31 30 29 27 27 26 26 27 27 28 28 29 29 31 32 35 39 42 47 51 56 62 66 69 72 75 77 80 82 83 84 85 86 87 87 87 88 88 88 87 86 86 85 85 86 86 87 87 88 88 88 87 87 86 86 84 84 82 80 79 77 75 72 67 64 60 56 53 51 51 50 50 50 50 50 51 50 49 50 50 49 50 52 55 57 59 62 67 70 72 75 78 82 87 90 92 95 97 97 97 96 91 86
60 55 52 50 48 47 45 43 42 40 38 37 36 36 36 36 34 32 30 29 27 26 25 25 25 26 26 26 26 26 27 27 29 31 34 37 41 45 51 55 59 62 66 70 74 77 78 80 82 83 84 85 86 86 86 86 86 85 84 84 84 84 85 85 85 86 86 85 84 83 82 80 78 76 73 70 67 64 61 57 53 49 46 42 40 38 38 37 37 37 37 38 39 39 39 40 40 40 41 43 45 47 49 52 56 59 61 63 66 69 74 79 83 87 92 94 95 94 91 86
56 53 52 51 50 49 48 47 45 43 42 40 39 39 39 39 38 36 34 32 30 28 27 27 27 27 27 27 27 27 26 27 27 28 30 32 34 38 42 46 50 54 58 62 67 71 73 76 78 80 82 83 84 84 85 85 85 84 84 83 83 83 83 83 83 83 83 83 81 79 77 74 70 66 62 58 53 50 47 43 40 37 35 32 31 30 30 29 29 29 30 32 32 33 34 34 35 35 36 38 39 42 45 47 51 54 56 57 58 60 63 68 73 78 84 89 91 91 91 88
61 59 57 56 56 55 55 54 53 51 50 49 48 47 47 45 44 43 40 39 36 35 33 32 31 30 30 30 30 29 28 28 28 29 29 30 32 34 37 41 44 48 52 56 60 65 69 72 74 77 79 81 82 83 84 84 85 84 83 83 82 82 81 81 80 80 80 79 77 75 71 67 62 58 52 47 43 40 38 35 32 30 29 27 27 27 26 26 26 26 27 28 29 30 31 32 33 34 35 37 39 41 44 47 49 50 52 54 55 57 60 64 68 71 76 82 85 87 90 90
69 66 64 64 64 65 66 66 65 64 63 61 60 59 58 57 56 54 52 50 47 45 43 41 39 37 36 35 35 34 33 32 31 31 31 31 32 33 36 38 41 44 48 52 56 61 66 69 71 74 76 79 80 82 83 84 84 84 83 82 81 81 80 79 78 78 77 76 74 70 65 60 56 51 45 41 37 35 33 31 29 28 27 26 26 26 25 25 24 25 26 27 28 30 31 32 33 34 36 38 40 43 46 48 50 51 52 54 55 57 61 65 67 69 70 75 78 81 87 89
74 70 69 70 71 74 75 76 76 76 75 73 72 71 71 70 69 68 66 64 61 59 56 54 50 47 45 44 42 41 39 38 36 35 35 34 34 35 36 38 41 43 47 50 54 58 63 67 70 72 74 76 78 80 82 84 84 84 83 82 81 81 80 78 77 76 76 74 71 67 61 56 51 46 42 39 35 33 32 30 29 28 27 27 27 27 27 27 26 27 28 29 31 32 33 34 35 37 38 40 42 44 48 51 53 56 58 60 62 64 67 70 72 71 71 73 76 79 84 88
74 72 73 75 76 78 80 82 83 84 84 82 81 81 81 80 80 79 77 75 73 71 69 66 63 60 58 56 53 51 49 47 44 42 40 39 38 38 39 40 42 44 46 49 52 56 61 65 69 71 73 75 78 80 82 83 84 84 83 82 81 80 79 78 76 75 74 72 69 64 59 54 49 44 41 38 36 34 33 31 31 30 29 29 30 30 30 30 30 31 33 35 37 38 39 40 42 43 45 47 48 51 54 58 61 64 68 72 75 77 80 82 82 80 79 79 80 81 85 89
75 75 76 78 79 81 82 84 86 88 88 87 86 85 85 85 86 85 84 83 82 81 79 77 74 71 69 68 65 63 60 58 54 51 48 46 44 43 42 43 44 45 47 49 52 56 59 63 68 71 73 75 78 80 82 83 84 84 83 82 81 80 78 77 76 74 72 70 67 63 58 53 48 44 42 39 37 36 35 34 34 34 34 34 35 36 36 36 37 39 42 44 46 48 49 51 53 55 57 58 60 64 67 72 75 79 84 88 92 94 95 96 94 90 88 87 88 87 89 91
77 77 78 79 80 81 82 84 86 88 89 89 88 88 87 88 89 89 89 88 87 87 86 84 82 80 79 78 76 73 71 68 65 60 57 54 52 49 48 48 48 48 49 51 53 56 59 63 67 70 73 76 78 80 82 83 84 84 83 82 80 79 78 76 75 73 71 69 65 61 57 53 49 46 44 42 41 40 39 39 39 40 40 42 43 44 44 45 47 50 53 55 57 59 61 63 66 68 70 71 73 76 80 84 88 93 97 101 104 106 106 105 101 96 93 93 94 92 92 94
77 77 77 78 79 80 81 83 85 87 89 89 89 89 89 89 90 91 92 91 91 91 90 90 88 86 85 85 83 81 79 76 73 69 65 62 59 56 54 53 52 52 52 53 55 57 60 63 66 70 74 76 79 81 83 84 84 84 83 82 81 79 77 76 75 73 71 68 64 61 58 55 51 49 48 47 46 45 45 45 46 47 49 50 52 53 55 57 59 62 65 66 67 69 72 73 76 78 80 81 83 85 87 91 94 100 104 106 108 110 110 107 102 97 94 93 95 93 94 95
77 77 77 77 77 78 79 81 84 85 87 89 89 90 90 90 91 92 93 93 93 94 94 94 93 92 91 90 88 86 83 81 78 75 71 68 65 62 59 57 56 56 56 56 57 58 60 63 66 69 73 76 79 81 83 84 85 85 84 82 81 79 77 76 76 73 70 67 64 61 59 57 54 52 52 51 51 51 51 51 53 55 56 59 61 63 65 67 70 72 74 75 75 77 79 80 82 84 86 87 88 89 91 94 98 102 105 107 108 109 108 105 100 96 93 93 94 94 94 97
77 76 76 76 76 76 78 80 82 84 86 88 89 90 90 91 92 93 94 95 96 97 97 98 98 96 95 94 92 89 87 84 82 79 76 73 70 67 63 61 59 58 58 58 58 59 61 63 65 69 72 76 78 81 83 84 85 85 84 83 81 80 78 77 75 73 70 67 65 62 60 58 56 55 55 55 55 55 55 56 58 60 62 65 67 69 72 75 77 79 80 81 81 82 84 85 86 87 88 89 90 91 93 95 99 102 103 105 106 107 105 102 99 94 92 93 94 95 95 97
76 76 75 75 75 75 77 79 80 82 85 87 89 91 92 92 93 94 95 96 98 98 99 100 100 99 98 96 94 91 89 86 84 82 79 77 74 71 67 64 62 61 60 60 60 60 61 63 66 69 73 76 79 82 83 85 85 85 84 83 82 80 79 77 76 74 71 69 66 64 62 60 58 58 58 57 57 58 59 60 62 64 67 69 72 74 77 80 82 83 85 85 86 86 87 88 89 90 90 91 92 93 94 96 99 100 101 102 103 102 101 98 96 93 92 93 94 96 96 98
77 76 75 75 74 74 76 77 79 82 85 88 90 92 93 94 94 94 95 97 98 99 99 100 100 99 98 96 94 91 89 86 85 83 81 78 76 73 70 67 64 63 62 61 61 61 62 64 67 70 74 77 80 82 84 85 84 84 84 83 82 81 80 78 77 75 73 70 68 65 63 61 60 59 59 59 59 60 61 63 65 68 70 72 75 77 80 83 85 86 87 87 88 89 90 91 91 91 91 91 92 93 95 97 99 100 99 99 99 98 97 95 93 91 91 93 95 97 98 98
78 77 76 75 74 74 75 76 78 81 85 88 90 92 93 93 93 94 95 96 97 98 97 98 98 98 96 94 92 90 88 85 83 82 80 78 76 74 71 69 66 64 64 63 62 62 63 65 68 71 76 79 81 83 84 85 85 84 84 84 83 82 81 80 79 77 75 72 69 66 64 62 60 60 59 60 60 61 63 65 67 70 72 75 77 79 82 84 86 87 88 88 89 90 91 92 91 91 91 91 92 93 96 98 99 99 98 98 97 96 95 93 91 90 91 94 96 99 100 100
79 78 77 76 74 74 74 75 77 80 83 85 87 88 89 90 90 90 90 91 92 93 93 93 94 93 92 90 88 87 85 82 81 79 77 75 74 72 71 69 66 65 64 63 62 63 64 65 68 73 77 81 83 84 86 87 87 87 86 86 85 84 84 83 82 80 78 75 71 68 65 62 60 59 59 59 60 62 64 67 69 71 73 75 77 80 82 84 86 86 86 86 87 88 90 91 91 90 89 90 91 93 96 97 98 98 97 97 96 94 93 92 91 90 92 95 98 100 102 102
81 80 79 77 75 75 74 74 76 77 79 81 81 82 84 86 87 88 88 89 90 92 93 92 92 91 89 87 85 83 81 79 77 75 73 72 71 70 69 68 65 64 63 62 62 62 63 66 70 75 80 84 86 88 89 90 90 90 90 90 89 88 88 88 87 84 81 78 74 70 66 63 60 58 57 58 60 62 65 67 69 71 73 74 76 78 80 81 82 82 80 80 81 83 85 86 86 86 86 87 88 91 93 95 96 96 96 95 94 93 92 91 90 90 92 96 100 102 104 104
83 82 80 78 76 75 73 72 73 73 74 75 77 79 82 85 87 88 89 91 92 94 94 94 92 90 88 85 83 80 78 75 73 71 70 69 68 67 67 65 64 62 61 60 60 62 64 68 73 78 84 88 91 93 94 94 94 95 95 94 94 93 93 93 91 88 85 82 77 73 68 64 61 58 57 58 60 62 64 66 67 69 70 71 72 72 72 72 73 73 73 74 76 78 79 80 80 80 80 80 82 85 87 89 91 92 92 91 91 91 90 89 89 91 93 98 101 103 106 106
86 84 82 78 75 74 72 70 69 68 69 71 75 78 80 82 83 85 86 87 89 90 90 89 87 84 82 81 78 76 74 71 69 67 65 64 64 63 63 62 61 60 60 59 60 63 66 71 76 82 88 93 97 99 99 98 98 98 98 98 97 97 97 97 95 92 89 85 80 75 71 65 61 59 58 58 59 61 63 63 64 66 66 66 65 64 64 65 67 70 72 74 75 77 78 79 78 78 78 78 79 81 82 83 83 84 84 85 86 87 87 87 89 91 94 99 103 105 108 108
89 86 83 79 74 71 68 65 64 62 63 66 68 70 71 72 73 74 75 76 77 77 78 77 75 73 72 71 69 68 66 64 63 61 60 60 59 59 60 59 59 59 58 58 60 63 68 73 78 85 91 97 101 104 103 102 102 102 101 101 100 100 100 100 99 96 93 89 84 79 73 67 62 59 58 58 58 59 60 61 61 62 61 59 58 57 60 63 65 67 68 69 69 70 70 70 70 72 73 76 79 81 82 81 80 78 78 78 80 81 83 84 87 91 95 100 105 107 110 110
92 89 85 79 73 68 63 59 57 53 53 54 55 55 56 57 57 58 58 57 57 57 57 57 57 57 56 55 55 55 55 55 55 54 54 54 55 56 56 57 57 57 57 58 60 64 70 76 81 88 94 100 105 108 108 107 106 106 105 104 103 103 103 104 103 100 97 93 87 82 76 69 64 60 58 58 57 57 58 58 58 57 55 52 51 52 54 56 56 56 56 55 54 54 53 53 54 57 61 67 71 74 76 76 77 75 74 74 74 76 79 82 86 91 95 101 108 110 111 111
95 92 88 82 75 68 61 56 51 46 43 42 41 40 40 41 42 42 43 42 41 40 39 38 39 39 38 38 38 39 40 44 45 45 46 47 49 52 54 54 56 57 57 57 60 66 72 79 85 91 98 104 109 113 114 113 112 111 110 109 108 108 107 107 106 104 100 96 90 85 78 72 66 62 59 58 56 56 56 56 55 52 48 44 43 44 45 44 42 39 39 38 36 37 37 36 38 44 51 56 59 61 63 64 66 66 65 66 68 71 75 79 84 91 97 103 110 113 113 113
99 97 93 87 81 74 66 60 52 44 38 35 32 31 31 33 36 40 42 40 36 32 30 28 28 28 27 27 27 28 30 35 38 40 39 39 41 45 50 52 55 58 58 59 61 68 76 82 88 94 100 107 113 117 119 119 118 117 115 114 113 112 111 110 108 106 104 100 94 88 81 74 68 63 60 58 57 57 56 54 50 44 38 36 37 39 39 35 30 28 27 27 27 28 27 28 31 38 48 54 55 53 51 50 50 52 53 56 60 65 71 78 84 92 99 105 112 115 115 115
104 102 98 93 89 84 75 67 57 48 39 34 31 31 33 36 42 48 52 47 36 29 26 24 24 24 24 24 24 24 25 30 37 41 38 34 33 36 42 49 55 60 62 61 64 73 81 88 93 98 104 110 116 121 124 125 125 123 120 118 118 117 115 113 112 111 110 105 98 92 85 77 70 65 62 60 60 59 56 50 41 33 30 33 39 43 40 31 26 24 23 23 24 24 25 26 29 39 54 63 60 54 45 40 39 42 46 51 58 65 73 81 88 96 102 109 115 117 117 117
108 106 103 100 97 93 86 78 69 59 50 44 40 39 40 43 48 54 58 54 38 27 24 23 23 23 23 22 22 22 25 32 41 44 39 34 31 32 36 44 54 62 65 64 69 78 87 93 97 102 108 114 120 125 128 130 130 128 125 123 122 121 119 117 117 117 115 110 103 96 88 80 73 68 65 64 64 62 55 42 31 28 31 37 45 51 45 31 24 23 22 22 23 24 24 25 28 39 58 67 63 56 44 38 37 41 47 55 62 72 81 89 96 102 107 113 118 120 119 118
111 109 107 105 103 100 95 89 82 75 66 59 53 49 48 48 50 53 57 57 45 31 23 22 21 21 20 20 20 22 26 35 44 44 40 36 35 36 38 44 56 66 69 68 74 84 92 98 102 106 111 117 122 127 131 133 134 132 129 126 125 124 121 120 120 120 119 114 108 102 94 85 78 73 70 70 70 65 53 39 32 33 36 40 48 54 50 35 25 23 22 21 22 23 23 23 27 41 60 66 62 53 46 43 45 50 56 63 72 82 91 99 105 109 113 116 119 121 120 119
113 111 110 108 107 105 101 96 91 86 78 70 64 59 56 53 53 53 55 56 50 38 28 25 22 21 20 20 22 25 31 40 45 46 44 42 44 46 49 54 62 70 72 75 83 92 97 102 105 109 113 117 122 127 131 133 134 133 130 128 127 126 124 122 122 123 122 119 114 108 100 91 84 78 76 76 75 68 57 47 44 43 43 45 49 52 50 40 29 25 22 21 22 23 23 25 32 48 60 59 56 53 52 55 59 63 68 76 85 94 102 107 111 113 116 118 119 121 121 120
114 113 112 110 109 107 104 100 97 93 86 79 73 69 65 61 60 59 57 56 53 45 38 34 30 28 26 27 31 36 41 47 50 52 52 53 56 58 60 65 70 74 78 84 94 99 101 103 107 111 114 118 122 126 130 132 134 133 130 128 129 128 126 124 123 125 125 123 120 114 106 97 90 84 81 80 78 73 67 61 59 57 56 55 54 53 51 46 39 33 28 26 27 28 29 34 43 53 57 55 56 59 64 71 74 78 84 91 100 106 109 112 114 115 117 118 118 121 121 121
115 114 113 111 110 109 107 104 101 98 93 87 82 78 73 68 67 65 63 60 55 51 48 46 43 41 40 42 46 49 52 55 57 58 58 58 60 63 67 71 77 82 88 97 104 105 104 104 107 111 114 117 121 126 129 131 133 132 129 127 128 128 127 125 125 126 127 125 122 117 110 102 93 85 82 82 82 78 73 69 66 63 62 61 60 58 56 53 49 45 41 39 40 41 43 47 53 57 60 62 65 70 77 83 87 91 97 103 109 112 113 115 114 115 117 117 118 121 123 122
116 115 114 113 113 112 110 108 105 102 98 94 89 84 78 73 70 68 67 64 60 58 56 55 55 55 55 57 59 59 59 59 58 58 58 59 62 66 71 78 86 93 101 109 111 107 105 105 107 109 113 116 121 125 128 131 132 131 127 125 126 127 126 125 126 127 128 126 123 119 113 105 95 85 81 85 87 83 77 72 67 64 62 61 60 59 59 58 57 55 52 51 52 53 55 57 61 65 69 72 74 79 86 91 95 100 105 110 114 115 116 116 114 115 116 116 117 121 123 122
116 116 115 115 115 115 113 111 109 106 103 99 94 89 82 76 71 69 67 65 64 64 63 62 62 62 62 63 62 61 60 58 57 57 59 61 66 72 79 88 97 105 113 117 115 110 107 106 106 109 112 116 119 122 126 129 130 129 126 124 124 124 124 124 126 128 128 126 124 119 114 107 98 88 86 91 93 88 82 76 70 66 63 61 60 59 59 60 61 60 58 58 60 62 63 65 68 72 75 78 80 84 89 93 97 104 110 113 116 117 116 116 115 115 116 115 118 121 123 122
118 118 118 117 117 117 116 115 113 111 107 103 99 94 88 81 76 72 69 67 66 66 64 64 64 63 62 61 59 58 57 57 58 61 64 67 74 81 89 98 108 116 121 121 116 111 108 108 108 110 112 115 117 119 122 125 127 127 124 123 123 123 123 124 127 128 127 126 123 119 115 110 104 97 95 98 99 95 89 82 76 70 66 63 61 58 58 59 60 60 60 61 64 66 67 68 71 75 77 81 83 85 89 93 99 106 113 116 117 118 117 117 116 116 116 117 119 121 124 123
120 120 119 118 118 118 117 117 116 115 111 107 103 99 94 88 83 78 73 71 69 67 65 64 63 61 60 60 59 59 60 62 64 67 71 76 83 90 98 106 115 122 124 120 115 111 109 109 110 112 114 115 116 117 120 123 125 125 123 122 122 121 122 124 127 128 128 127 124 119 116 113 109 103 102 104 105 102 96 89 83 77 71 67 64 60 58 58 59 58 58 60 62 64 65 66 70 74 77 80 83 86 90 95 102 108 114 117 118 118 118 118 118 117 117 119 120 122 125 124
121 121 120 119 119 119 119 120 119 118 115 111 108 104 99 94 89 84 79 76 73 70 68 67 66 65 64 64 65 66 68 70 72 75 79 85 93 100 107 114 121 126 125 119 114 111 109 110 112 113 114 115 116 117 119 123 125 124 123 121 121 119 120 123 127 130 131 130 127 122 119 117 113 109 107 109 109 107 102 96 90 84 79 74 69 65 62 60 59 58 58 59 60 62 64 66 69 72 75 78 83 87 92 98 104 109 113 117 119 119 119 119 118 117 117 120 122 123 125 125
122 123 123 122 121 120 120 122 122 121 118 115 112 108 104 99 95 90 86 82 79 77 75 74 73 72 72 73 74 75 77 79 81 84 89 95 103 110 116 122 126 127 123 118 113 111 110 111 112 113 114 115 116 116 119 123 125 125 122 120 119 117 118 121 126 130 132 132 130 126 124 121 118 114 112 112 111 109 106 102 97 91 86 81 76 72 68 65 63 62 61 61 62 63 65 67 69 72 75 79 84 89 95 101 106 110 114 117 119 120 120 119 118 118 119 121 123 124 125 125
123 125 126 125 123 122 123 125 124 123 121 118 116 113 109 105 102 98 95 91 88 86 85 84 83 83 83 83 83 84 85 87 90 94 99 106 113 118 123 128 130 126 120 115 113 112 111 112 112 112 113 114 115 116 119 122 124 123 121 118 117 116 116 119 124 128 131 133 133 131 128 125 122 118 115 114 113 112 110 107 102 97 92 88 84 79 76 73 71 69 68 67 68 69 70 72 74 77 81 84 88 94 99 105 109 113 116 119 121 121 121 119 119 120 121 122 123 124 124 124
123 126 128 126 125 125 127 128 126 125 123 120 118 117 114 112 109 107 104 101 99 97 95 94 93 92 92 91 91 91 92 95 99 104 110 116 120 123 126 130 129 123 116 113 113 112 112 112 111 111 112 113 115 116 119 122 123 122 119 118 118 118 116 118 122 126 130 132 134 133 131 129 125 121 118 116 116 115 114 111 106 101 97 94 90 86 83 80 79 78 77 77 78 79 81 81 83 86 89 92 95 100 104 109 112 115 118 120 122 123 122 122 123 124 124 124 124 125 125 124
123 126 128 128 128 129 130 130 128 126 124 122 121 121 119 116 114 112 111 109 107 106 103 101 99 98 97 96 96 97 100 105 109 114 118 122 124 126 128 130 129 122 115 112 112 112 112 111 111 110 111 112 114 116 119 122 122 120 118 118 120 120 118 118 122 125 129 131 134 134 134 132 130 126 122 119 118 117 116 114 110 105 102 99 95 92 89 87 85 85 85 86 88 89 90 90 92 94 97 99 101 105 108 112 115 117 120 122 123 125 126 127 127 127 127 125 126 126 125 124
123 126 128 129 130 132 132 131 129 128 127 126 124 124 123 119 117 116 116 114 113 111 109 106 104 101 100 100 101 104 108 114 118 121 123 124 125 126 129 129 127 121 115 113 112 112 111 110 110 110 110 111 113 116 119 121 122 120 118 119 121 122 119 119 122 124 127 129 132 134 135 135 134 130 125 121 119 118 117 115 112 108 106 104 101 97 94 92 92 91 92 92 94 95 96 96 97 100 102 103 106 109 111 113 117 119 121 123 125 127 128 129 129 129 128 126 127 127 125 125
122 124 126 129 131 133 134 133 132 130 130 130 127 126 126 123 121 120 119 118 117 115 113 112 109 107 106 106 109 112 116 121 123 125 126 127 127 127 127 126 123 118 115 113 112 111 110 109 109 109 110 111 113 116 119 121 121 119 118 119 122 122 120 119 121 122 123 126 130 134 136 137 137 133 128 123 121 119 117 116 114 112 110 108 105 102 99 98 97 97 97 97 98 99 100 101 102 104 105 106 109 111 112 114 117 119 121 123 126 128 129 130 129 128 126 126 127 126 125 124
122 123 125 129 131 133 135 135 134 133 132 131 129 128 128 127 126 124 122 121 120 119 117 116 115 114 114 115 118 120 122 125 127 129 131 131 130 128 126 123 120 116 114 113 112 111 109 108 107 108 109 111 113 116 120 120 119 118 117 119 122 122 120 119 120 120 121 124 128 133 137 140 140 136 132 127 124 121 119 117 115 114 113 111 109 107 105 104 103 103 102 101 101 102 104 105 107 108 108 110 112 113 114 115 117 119 121 123 126 127 128 128 127 126 125 126 126 125 125 124
121 123 125 128 130 132 134 135 135 134 133 132 131 130 130 129 129 126 124 122 121 121 121 120 119 120 120 122 123 124 125 126 128 131 132 132 130 128 125 121 118 115 113 112 111 109 107 106 106 107 108 110 113 116 119 120 118 116 117 119 122 121 119 118 118 119 120 121 125 131 136 140 140 137 134 129 126 122 119 117 115 115 114 114 113 112 111 110 109 108 106 104 105 107 108 109 111 112 112 113 114 115 116 117 118 120 122 123 125 126 127 126 124 125 126 127 127 125 125 124
122 124 126 128 130 131 132 133 134 133 132 132 131 130 130 130 130 128 125 124 124 125 124 124 123 124 124 125 126 127 127 127 128 129 131 130 128 125 121 118 116 113 112 110 108 106 104 103 104 106 108 110 112 116 118 119 117 116 116 118 120 120 118 117 118 118 118 119 122 127 133 138 139 137 134 130 125 121 117 115 116 117 117 116 116 115 115 114 113 111 109 108 109 111 112 113 114 114 115 116 116 116 117 117 119 120 121 122 123 124 124 124 124 126 129 130 128 126 125 123
121 124 126 127 129 129 129 130 132 131 130 130 130 130 130 131 130 129 127 126 127 128 128 127 126 126 125 126 129 131 132 131 130 130 129 128 125 121 116 114 113 111 110 108 106 104 102 102 103 105 107 109 112 114 117 117 116 115 115 117 118 118 117 116 116 116 116 116 119 123 128 134 136 135 132 128 124 119 116 115 116 117 118 117 117 117 117 117 116 115 113 112 113 113 113 114 114 115 116 117 117 116 117 117 119 119 119 119 121 122 122 124 126 128 130 131 126 124 124 121
119 122 124 126 127 127 127 128 129 129 128 128 128 129 129 131 131 130 129 128 129 130 130 130 129 127 126 128 133 135 135 134 132 129 126 124 121 116 111 109 109 107 106 103 102 101 101 101 103 104 106 108 110 112 114 115 115 113 113 115 116 116 115 115 114 114 113 114 116 119 124 129 132 131 129 125 120 117 115 115 116 117 117 117 118 119 119 120 119 117 116 115 114 113 113 114 114 114 115 115 115 115 115 116 117 117 117 117 119 120 122 125 127 129 130 128 122 121 122 119
117 120 123 125 126 125 125 127 128 127 126 127 126 126 126 128 129 129 130 130 131 132 133 132 131 129 128 130 134 136 135 133 130 127 123 119 115 111 108 105 104 103 101 99 98 98 99 100 102 104 106 107 109 110 112 114 113 112 111 113 115 114 113 113 112 112 111 112 113 116 120 124 127 126 124 120 116 114 114 115 116 115 115 117 118 120 121 121 120 119 118 117 116 115 115 114 114 113 112 111 112 113 114 114 115 115 116 117 117 118 121 125 128 129 128 124 119 121 120 117
115 118 121 123 124 124 125 126 126 125 126 125 125 124 123 124 126 128 130 130 131 133 134 134 133 131 130 132 134 135 134 132 129 125 120 114 110 106 103 101 99 97 96 95 94 95 97 99 102 104 105 107 108 109 111 112 112 110 110 111 113 113 112 111 110 110 110 110 111 113 115 119 121 121 117 113 111 110 111 113 114 114 115 117 119 121 121 121 120 120 120 119 117 116 115 114 114 112 109 108 109 111 114 115 115 115 115 116 116 116 120 125 128 128 127 125 123 122 119 116
112 116 119 122 123 124 124 125 125 125 125 126 126 126 124 125 126 127 129 130 131 133 135 136 134 133 132 132 132 132 131 129 126 122 116 111 107 102 98 95 92 91 90 91 91 93 96 99 101 103 104 106 107 108 110 111 111 109 108 110 112 113 112 110 109 109 109 109 110 111 112 115 117 116 112 107 105 106 107 109 111 113 115 117 119 119 119 120 120 121 121 120 118 116 116 116 114 112 109 109 110 112 115 116 116 115 116 115 115 117 121 126 128 128 128 127 123 120 118 115
111 114 117 121 123 124 125 125 125 125 127 128 128 129 129 130 129 129 130 132 133 134 136 137 136 135 134 132 130 129 127 125 122 117 112 107 102 97 92 88 85 85 86 88 90 92 96 99 100 102 104 106 108 109 110 111 111 110 109 110 112 113 112 111 109 108 108 109 109 109 109 111 113 112 108 101 98 99 101 105 108 111 113 116 117 117 118 119 121 121 121 119 118 117 117 117 115 114 113 113 113 114 115 116 116 116 116 116 116 118 122 125 128 127 127 126 122 119 117 114
110 113 115 119 122 124 125 125 126 127 128 129 130 131 133 133 132 132 133 135 136 136 136 137 136 136 134 132 129 126 124 121 118 112 107 103 98 92 86 82 80 81 83 86 89 91 95 99 101 102 104 107 110 112 113 114 113 112 112 112 114 115 114 112 110 108 107 108 108 107 106 106 108 108 104 96 92 93 96 100 105 109 112 114 115 115 116 118 120 121 121 120 119 118 118 117 116 115 115 115 115 115 115 116 117 118 118 118 119 120 123 126 128 127 126 124 123 120 117 114
110 112 114 118 121 124 124 125 127 128 128 129 131 131 134 134 133 133 134 136 136 135 135 135 134 134 133 130 128 124 121 117 113 109 104 99 94 87 81 76 75 78 82 86 88 91 95 99 102 104 107 110 114 118 119 118 117 116 117 118 119 119 117 113 111 108 107 107 107 105 102 101 103 103 101 93 87 87 91 96 101 106 109 112 113 114 114 116 119 121 121 121 119 118 118 117 116 116 116 116 116 116 116 117 118 120 120 120 121 122 124 127 128 126 124 123 122 120 116 112
110 112 115 118 121 123 124 125 127 128 127 128 131 131 133 133 132 132 132 132 133 134 133 133 133 131 129 126 124 120 116 112 108 104 100 95 89 82 76 71 72 77 83 86 89 92 95 99 103 106 110 114 120 127 129 125 122 122 123 125 126 125 121 116 112 110 108 107 106 102 99 97 98 99 97 91 83 82 86 91 97 102 107 110 112 113 115 116 118 119 120 120 118 117 117 117 117 117 117 116 115 115 116 118 120 121 122 122 122 123 125 127 127 126 123 122 121 118 114 110
109 112 115 117 119 121 123 124 125 126 126 127 129 129 130 131 131 132 131 131 132 133 132 132 131 129 126 123 120 117 112 108 104 100 96 91 84 78 71 68 71 78 84 88 90 93 96 100 104 109 113 118 127 140 144 136 130 128 129 132 133 132 125 119 115 114 112 109 106 102 97 95 95 95 92 86 79 77 81 88 94 99 104 108 111 113 115 117 117 117 117 117 116 115 114 115 116 117 116 115 115 115 117 119 121 122 123 123 123 124 126 128 128 126 123 120 119 116 112 108
108 111 113 114 117 119 121 122 123 124 125 126 127 128 128 130 131 131 132 132 132 132 132 131 129 126 123 120 117 114 110 105 102 98 93 87 80 73 68 67 72 80 87 90 92 94 97 101 105 111 115 121 135 151 157 147 137 133 134 136 138 136 127 121 119 119 118 113 108 102 97 95 94 93 89 82 76 74 77 84 90 95 100 104 109 112 114 115 115 115 114 114 114 113 112 113 115 116 115 115 115 116 118 121 123 123 124 124 125 126 128 129 128 126 123 119 116 113 110 107
108 109 111 112 114 117 119 120 121 123 125 126 127 127 127 128 129 129 129 130 129 129 129 128 125 122 120 117 114 110 106 103 100 95 90 84 77 70 66 67 75 84 90 91 93 94 97 101 107 113 118 124 138 154 159 150 139 135 136 138 140 136 128 122 123 127 126 119 111 104 99 97 97 94 88 81 75 71 73 79 85 91 96 101 106 109 111 113 113 112 112 112 113 112 112 113 115 114 114 115 116 117 119 121 122 122 124 125 125 127 129 129 128 126 122 118 114 112 109 106
107 109 110 112 113 115 116 118 120 121 123 124 125 126 125 126 126 126 127 127 126 125 125 124 122 119 117 114 110 106 103 99 96 92 87 80 73 67 64 69 79 88 93 92 93 95 98 103 109 116 121 125 134 146 152 145 136 132 133 138 139 135 127 123 129 136 136 126 115 107 102 101 101 98 90 81 73 68 70 76 83 89 94 99 104 107 109 111 111 111 111 111 112 112 113 114 114 113 112 114 116 117 119 120 121 122 123 125 125 127 128 128 128 125 121 116 113 110 107 104
106 108 110 112 113 114 115 116 117 119 121 122 123 124 124 125 125 124 124 124 123 122 122 121 120 118 115 111 107 104 101 97 94 89 84 77 70 65 64 71 83 92 96 95 95 96 99 103 110 117 121 122 125 131 136 136 130 127 128 132 134 130 124 124 134 143 143 134 121 111 105 104 105 102 94 82 72 66 67 74 81 87 91 96 100 104 107 110 111 112 112 112 112 112 112 112 112 111 111 112 114 116 118 118 120 122 123 125 126 127 128 128 127 124 120 115 112 109 106 103
105 107 109 111 112 113 114 115 116 118 119 121 122 122 122 123 123 122 122 122 121 121 121 120 118 116 113 110 106 103 100 95 91 86 81 75 68 64 65 74 87 95 98 99 98 98 99 102 107 113 116 116 115 117 122 124 122 121 122 124 124 122 120 123 133 144 146 139 127 116 110 109 109 107 99 84 71 63 65 71 78 83 88 92 96 101 105 109 111 111 111 111 110 110 111 111 110 110 111 112 113 115 117 118 120 122 123 125 127 127 127 127 125 122 118 114 111 108 105 102
104 106 108 109 111 113 114 115 115 117 118 120 120 121 121 121 121 121 121 121 120 120 120 117 114 112 111 108 105 101 97 92 88 83 78 72 66 63 66 77 90 97 101 103 103 100 98 98 101 104 107 107 106 108 111 114 114 114 114 115 115 114 114 118 127 139 146 142 133 122 117 117 116 112 103 86 69 60 62 69 76 81 86 91 95 99 104 107 109 109 109 109 109 110 110 110 109 110 111 113 114 115 116 118 120 121 123 124 126 126 125 124 121 118 115 112 109 106 104 102
103 104 106 108 109 111 113 114 115 116 118 119 119 120 120 120 120 120 119 120 119 118 117 114 111 108 107 105 101 97 93 89 85 80 75 69 64 62 67 78 90 97 102 104 103 98 94 92 92 95 98 99 100 101 102 105 106 107 107 107 108 108 109 111 118 128 136 135 130 124 121 122 122 116 105 87 67 58 60 67 74 80 85 90 93 97 101 104 105 105 105 106 108 109 109 109 109 110 111 111 112 113 115 117 118 119 122 123 123 123 122 120 118 115 113 110 107 105 104 102
101 103 105 106 108 110 112 113 114 115 116 117 118 119 119 119 119 119 118 118 117 115 113 110 108 105 103 100 97 93 90 87 83 78 73 68 63 62 67 77 89 95 99 100 97 92 88 85 86 88 91 93 93 94 96 97 99 100 100 101 101 102 104 105 107 112 117 118 118 117 118 121 121 115 104 87 66 57 60 66 73 79 84 88 91 95 98 100 102 102 103 105 107 108 109 109 109 110 110 109 109 111 113 115 116 119 121 122 122 121 119 118 116 114 111 109 107 105 104 102
100 101 103 105 106 108 110 111 111 113 114 115 116 117 117 117 117 116 115 115 114 112 109 107 105 103 100 97 94 91 89 86 82 77 72 68 64 62 66 75 85 90 92 91 88 84 80 79 79 81 84 86 87 88 90 92 93 95 95 95 95 96 98 98 98 98 100 100 101 103 107 111 113 109 100 85 66 57 61 67 72 78 83 87 90 93 95 98 100 101 102 104 106 107 108 108 109 109 110 109 109 111 113 115 117 120 121 121 121 119 117 116 115 113 111 109 107 105 103 102
98 99 101 103 104 106 107 108 109 110 112 113 114 115 116 115 115 115 113 113 112 111 108 107 105 103 100 97 93 91 88 85 81 77 73 69 65 63 65 72 79 83 83 81 76 72 69 69 71 74 77 79 81 83 85 87 89 90 90 90 90 90 91 90 89 88 86 85 85 87 91 96 100 100 94 81 65 58 62 68 73 78 82 86 89 91 93 96 99 100 102 103 104 105 106 107 107 108 109 110 111 113 114 116 118 120 121 120 119 117 116 115 114 112 110 109 107 105 104 103
97 97 99 101 102 104 105 106 107 109 111 112 113 113 114 114 115 114 113 112 112 111 109 107 106 103 99 96 93 90 87 84 80 77 74 71 68 66 66 70 75 76 75 69 62 54 49 50 57 64 70 74 75 77 80 82 83 84 84 84 84 85 84 83 80 75 68 64 64 68 76 83 89 92 88 76 65 62 66 71 76 79 82 85 87 89 91 94 97 99 101 101 103 104 104 105 105 106 107 109 111 112 113 115 118 119 120 119 118 116 115 114 113 111 110 108 107 106 104 103
95 96 98 99 100 102 103 104 106 107 109 111 111 112 113 114 114 114 112 111 110 108 107 107 105 101 97 94 92 89 86 83 80 78 76 74 73 71 71 72 72 71 66 58 46 35 28 30 39 50 61 67 70 72 74 76 78 79 79 79 79 79 78 73 66 56 45 39 40 48 61 72 80 84 80 72 67 67 71 76 79 82 83 85 86 88 91 93 96 98 100 101 102 103 103 104 104 104 105 108 109 111 112 114 116 118 118 118 117 116 115 114 112 111 110 108 108 107 105 104
95 96 98 99 99 100 102 103 104 105 107 109 110 110 111 112 112 112 110 109 107 106 105 105 103 99 96 93 91 89 87 84 82 80 80 80 80 80 80 78 74 68 60 51 40 29 23 22 28 39 51 60 64 67 69 71 71 72 72 73 74 72 69 61 51 40 32 28 30 39 52 63 72 75 74 73 72 73 78 82 84 85 85 86 87 90 92 94 96 98 100 101 101 102 102 103 103 103 104 106 108 110 111 113 115 117 117 117 116 116 115 114 112 110 109 108 108 107 106 104
95 96 97 98 99 99 101 102 102 104 105 106 107 108 109 109 109 109 107 106 104 104 103 103 101 98 95 93 90 88 87 85 84 84 85 87 90 91 92 89 82 72 61 51 42 33 29 29 33 39 46 52 58 61 63 64 64 64 65 68 68 65 59 54 48 41 36 33 34 38 47 56 63 68 72 76 78 81 84 87 89 89 89 89 90 91 92 93 95 96 98 99 100 100 101 101 102 102 103 105 107 108 110 111 113 115 115 115 115 115 115 114 111 110 109 108 108 107 106 104
94 95 96 97 98 98 99 101 102 103 104 104 104 105 106 107 106 105 104 102 101 101 101 101 99 97 95 93 91 89 87 86 86 87 90 94 98 101 102 100 94 83 69 57 47 39 36 37 40 45 48 50 53 56 58 58 58 58 61 64 63 58 56 55 52 49 45 43 42 42 46 53 61 69 76 82 85 88 90 92 93 93 92 92 91 91 91 92 93 94 96 97 98 99 99 101 102 102 103 105 106 107 108 109 111 112 113 113 113 114 114 112 110 109 108 107 107 107 106 104
94 95 95 96 96 97 98 99 101 102 102 102 102 103 103 104 104 103 101 99 99 99 98 98 97 95 95 93 91 89 88 87 89 91 94 99 104 108 110 108 104 95 82 69 57 50 46 45 47 50 52 53 53 54 53 51 51 54 58 61 59 57 59 61 61 59 58 56 53 49 51 60 69 78 84 88 91 93 95 96 96 96 95 93 92 91 91 91 92 92 94 95 96 97 98 100 101 102 104 105 105 105 106 108 109 111 111 111 112 112 112 111 109 108 107 107 107 106 105 104
94 94 94 95 95 95 97 98 100 100 101 101 101 101 101 101 101 100 99 97 97 97 96 96 95 94 93 92 91 89 89 90 93 95 98 102 107 111 113 112 110 105 97 85 75 67 62 58 58 59 61 62 61 57 53 48 47 50 55 58 59 61 65 69 72 73 73 70 64 59 64 73 81 87 92 94 96 98 99 99 100 99 97 94 92 91 91 92 92 92 93 94 95 96 97 99 100 102 103 104 103 104 105 108 109 110 110 111 111 111 111 110 109 108 107 106 106 105 105 104
93 94 95 95 95 95 97 98 99 100 100 100 100 100 99 99 98 98 96 95 95 95 95 94 93 93 93 92 91 91 91 93 96 99 101 105 109 112 113 113 112 110 106 100 94 88 82 76 73 72 73 74 72 68 60 53 50 51 55 58 61 66 72 77 80 82 82 79 76 74 78 85 91 95 97 99 100 101 102 102 103 101 98 95 93 92 92 92 92 93 93 93 93 94 96 97 98 100 101 102 102 102 104 107 109 110 110 110 110 110 109 109 108 107 107 106 105 105 104 103
93 94 95 95 95 95 96 98 99 99 99 99 99 98 98 97 96 95 95 94 93 93 93 93 93 93 93 93 92 93 94 95 98 101 104 107 109 111 112 112 111 110 109 107 104 99 95 90 86 84 83 84 83 79 71 64 60 59 60 63 67 73 79 83 86 88 87 86 85 86 88 92 96 98 100 101 102 102 104 104 104 103 100 98 95 93 92 92 92 92 92 92 93 93 95 96 97 98 99 100 101 102 104 107 108 109 110 110 110 109 108 108 108 107 107 106 105 104 103 102
93 93 94 94 94 95 96 97 99 99 99 98 98 98 97 95 94 93 93 92 92 91 92 92 92 93 93 93 93 94 95 98 101 103 105 108 109 110 110 110 110 110 109 108 106 102 99 96 93 91 90 90 90 88 83 76 71 68 69 71 76 82 87 90 92 93 92 92 91 92 94 96 98 100 102 102 103 104 105 106 105 104 102 100 97 95 93 92 92 92 92 92 92 93 94 95 96 96 98 100 101 103 105 107 108 109 110 109 109 108 107 107 108 107 106 106 105 104 103 101
92 93 93 94 94 94 95 96 97 98 98 98 97 97 96 95 93 92 91 91 91 91 91 92 92 93 93 93 94 95 98 100 103 105 107 108 109 109 109 108 108 108 107 106 104 103 101 99 97 95 94 94 95 95 91 86 81 77 77 81 86 91 94 96 97 97 96 96 96 96 96 97 98 101 102 103 104 105 106 106 106 105 104 102 99 97 94 93 92 92 92 92 92 92 94 95 95 96 98 100 101 103 106 107 108 109 109 108 108 108 107 107 107 107 106 106 105 104 102 101
91 92 93 93 94 94 95 96 96 96 96 96 96 96 96 95 93 91 91 91 91 91 91 92 93 93 93 94 96 98 100 102 104 106 108 109 108 108 107 106 106 106 105 104 103 102 101 101 100 99 98 98 99 98 96 92 87 84 85 90 95 98 100 101 100 100 99 99 98 98 98 98 99 101 103 104 104 105 106 106 105 105 104 102 100 98 95 93 92 92 92 92 91 92 93 94 95 96 98 100 101 103 105 107 108 108 107 107 107 107 107 107 106 107 106 106 105 103 102 101
91 92 93 94 94 95 95 95 96 96 96 95 95 95 95 95 93 92 92 92 92 92 92 93 93 94 94 95 97 99 102 104 105 107 108 107 107 106 106 105 104 103 102 102 101 100 101 101 101 100 99 99 100 100 98 94 90 88 90 94 99 102 103 103 102 101 100 100 99 98 97 98 99 101 102 103 103 104 104 104 104 104 103 102 100 98 96 94 92 92 92 91 91 92 92 93 94 96 98 100 101 102 105 106 107 107 107 107 107 107 107 106 106 107 106 105 104 102 101 99
91 92 93 94 94 95 96 96 96 96 96 95 95 95 95 95 94 94 93 93 93 92 92 93 94 95 96 97 98 100 102 104 105 106 106 105 105 104 104 103 102 101 100 100 99 99 99 100 100 99 99 100 101 101 98 94 91 90 92 96 101 104 105 105 104 102 101 100 99 98 97 98 99 101 102 102 102 102 102 102 102 102 101 101 100 98 95 93 92 92 92 92 92 92 92 92 94 95 98 100 101 102 104 106 107 107 106 106 106 106 106 106 107 107 106 105 103 101 100 98
90 91 92 93 94 94 95 95 95 95 95 94 94 94 94 94 94 94 94 93 93 92 92 93 94 96 97 98 99 101 102 104 105 105 104 103 102 102 102 101 100 99 98 97 97 97 98 99 98 98 98 100 101 101 98 93 91 91 93 97 101 105 106 106 104 103 101 100 99 98 98 99 100 100 101 101 100 100 100 100 100 100 99 99 99 97 95 93 92 92 92 92 93 92 92 93 93 95 97 99 101 102 104 105 106 106 106 106 106 106 107 107 107 107 105 104 102 100 99 97
89 90 91 92 93 93 94 94 95 95 94 94 93 93 93 94 94 94 94 94 93 92 92 93 95 97 99 99 100 101 102 103 103 103 102 100 99 99 99 98 97 96 95 95 95 95 96 97 96 96 97 99 102 102 98 94 92 93 95 98 102 106 106 106 104 102 101 100 99 99 98 98 98 98 99 99 98 98 97 96 96 96 96 97 97 96 95 93 92 92 92 93 94 94 93 93 93 94 96 98 100 101 103 104 105 105 105 105 105 106 107 107 107 106 104 103 101 99 98 95
88 89 91 91 92 92 93 93 94 94 93 93 93 93 93 93 93 93 93 93 93 93 93 94 96 98 99 100 100 101 101 101 100 99 98 97 96 95 94 94 93 93 92 92 93 93 93 94 94 93 94 97 101 101 99 96 95 95 96 99 102 105 106 104 102 100 99 98 98 98 98 97 96 96 96 96 95 94 93 93 92 92 93 94 95 96 94 93 92 92 93 94 94 94 94 93 93 94 96 98 100 101 102 103 103 104 104 105 105 106 107 107 106 105 103 102 100 98 96 92
88 89 90 91 91 92 92 93 93 93 92 92 92 92 93 93 93 93 93 94 94 94 94 95 96 97 98 100 100 100 99 97 96 95 94 93 92 91 90 89 89 90 89 89 90 90 90 92 92 91 92 95 98 99 99 97 97 97 98 100 102 105 103 100 97 96 95 96 97 98 98 97 95 95 94 92 91 90 89 88 87 88 89 91 93 94 94 93 92 92 93 93 94 94 94 94 94 95 97 98 100 100 101 102 102 103 104 105 105 106 106 106 105 104 103 101 99 98 94 90
88 89 90 90 91 92 92 92 92 92 91 92 92 92 92 92 93 93 94 94 95 96 96 96 96 96 97 98 99 97 95 93 91 90 90 88 87 86 85 86 87 87 87 87 88 88 88 89 88 86 87 88 91 94 96 97 97 98 99 100 101 100 95 91 88 87 89 91 93 96 97 97 95 93 91 89 88 86 85 83 82 83 85 87 89 91 92 92 92 92 92 93 93 94 94 94 95 96 97 99 100 100 101 101 102 103 104 105 105 105 105 105 105 104 102 100 99 96 89 88
87 88 89 90 91 92 92 92 92 91 91 91 91 92 92 92 93 93 94 95 96 96 96 96 95 95 95 96 95 93 90 87 86 85 84 82 81 80 79 80 82 84 84 85 85 85 84 82 79 76 75 75 78 83 88 91 93 96 98 97 94 88 82 78 76 75 77 80 85 89 92 94 93 91 89 87 85 83 80 78 77 78 79 80 83 86 89 90 91 92 92 93 93 93 94 94 95 97 98 100 100 101 101 102 103 104 104 105 105 105 105 105 104 103 102 100 98 93 86 83
86 88 89 89 90 91 92 92 92 91 91 91 91 92 92 92 93 94 95 95 95 95 95 95 95 95 95 94 92 89 86 82 80 79 77 75 73 73 73 74 76 79 79 79 79 78 75 71 65 62 61 61 63 67 72 77 82 86 88 86 80 75 70 67 66 65 65 68 72 77 81 84 86 85 85 84 82 79 76 73 71 71 72 73 76 80 85 88 90 91 92 93 93 93 94 95 97 98 99 100 101 101 102 102 103 104 104 104 104 104 105 104 104 102 100 98 95 88 80 77
85 87 88 89 90 91 91 91 92 91 91 91 91 92 92 92 93 94 95 95 95 94 94 94 95 95 94 92 89 85 81 78 75 73 70 67 66 66 67 68 70 72 72 71 69 66 62 57 53 50 51 51 52 54 57 61 66 71 73 71 67 64 62 60 59 57 56 57 58 61 66 70 73 74 76 77 76 73 69 66 64 64 64 66 70 75 81 86 88 90 92 94 94 95 96 97 98 99 100 101 101 102 102 103 103 104 104 104 104 104 104 103 102 100 99 96 90 81 74 72
84 86 87 88 89 90 91 91 91 91 91 91 91 92 92 93 94 95 95 96 95 94 94 94 94 94 92 90 86 81 76 72 69 66 63 60 58 58 59 60 61 62 62 60 57 53 49 45 43 42 43 44 44 44 46 49 53 57 59 59 57 55 54 54 53 51 50 49 48 49 51 54 58 61 64 65 65 62 58 56 54 54 56 59 64 71 77 82 86 88 91 94 96 97 98 99 100 100 101 101 101 102 102 103 103 104 104 104 104 104 103 102 101 98 96 92 83 73 66 68
82 85 86 87 88 89 90 90 91 91 91 91 91 91 92 93 94 95 95 96 95 94 94 93 93 92 90 87 82 76 70 65 61 57 54 50 48 48 48 48 50 50 49 46 43 40 37 35 35 36 37 38 38 37 39 41 44 47 49 49 48 47 46 46 46 45 44 43 40 38 38 40 44 47 50 51 51 48 45 43 42 44 47 51 58 66 73 79 83 87 91 94 96 98 99 100 101 101 102 102 102 102 102 102 103 103 104 104 104 103 102 101 99 96 93 85 75 64 60 65
81 83 85 86 87 88 89 89 90 89 90 91 91 91 92 93 94 95 95 96 95 94 93 92 91 89 87 83 78 71 64 58 53 48 44 39 37 37 37 37 37 37 36 34 32 30 29 29 30 30 32 32 32 32 34 36 38 40 41 42 41 40 40 40 40 39 39 37 35 32 31 31 33 35 37 37 37 36 34 32 33 35 39 45 53 62 70 76 82 86 90 93 96 98 99 100 101 102 102 102 101 101 101 101 101 102 103 103 103 102 101 99 97 93 86 76 63 55 59 66
79 83 84 85 86 87 87 87 88 87 88 90 90 91 92 93 94 94 95 95 95 93 92 90 89 86 83 79 73 65 57 50 44 39 34 31 30 31 31 32 31 31 31 31 31 30 31 32 32 32 32 32 32 31 32 33 34 36 37 37 37 36 35 35 35 35 35 34 33 31 31 31 31 31 31 31 31 31 31 30 31 33 36 42 50 59 67 74 80 85 89 92 95 97 98 99 101 101 101 100 100 100 100 100 100 101 102 102 101 100 99 97 93 87 78 65 51 49 56 66
77 81 82 83 84 85 86 86 85 85 87 89 90 91 92 93 94 94 94 94 94 92 90 88 86 84 80 75 68 60 52 44 39 35 32 32 34 35 36 37 36 36 37 39 40 41 44 45 45 44 43 43 42 41 39 37 37 37 37 36 36 37 37 37 38 39 40 40 41 41 41 40 39 38 37 38 39 40 40 39 38 37 39 43 49 57 65 71 78 83 88 91 93 95 96 98 99 100 99 98 98 98 99 99 100 100 101 100 99 98 96 93 88 79 67 52 43 44 54 72
75 79 80 81 82 84 85 85 84 84 86 88 89 90 91 92 93 94 94 93 92 90 89 87 85 82 78 72 65 57 50 44 40 38 37 41 45 47 48 48 47 47 48 50 51 53 55 58 59 59 59 59 59 57 53 50 47 46 45 43 44 46 49 51 52 54 55 55 56 56 54 53 50 50 50 52 53 54 54 52 49 46 46 48 51 57 64 70 76 82 87 90 92 94 95 96 97 97 97 96 97 97 98 99 99 99 99 98 97 95 92 87 80 68 54 40 36 41 57 80
74 78 78 78 80 82 83 84 84 84 85 87 88 89 90 91 92 92 92 92 91 89 87 86 83 80 76 70 63 57 52 48 46 46 47 50 54 56 58 58 58 57 57 58 59 60 62 65 67 68 70 72 72 70 68 65 62 60 59 58 58 61 65 67 68 68 67 66 66 66 64 63 62 62 64 66 66 66 65 62 59 56 55 55 56 60 65 70 76 81 85 88 90 92 93 94 95 94 94 95 96 96 97 97 98 97 96 95 93 91 86 79 68 54 41 30 31 40 60 86
72 75 75 75 78 79 81 82 82 83 84 85 86 87 88 89 90 90 90 90 89 88 86 84 82 78 74 69 63 59 56 54 54 54 55 58 60 60 62 63 64 63 64 63 63 64 66 68 69 71 74 77 76 76 75 72 70 69 70 69 69 71 74 75 75 73 72 71 71 70 70 70 71 73 75 75 74 73 72 70 68 65 63 62 62 64 67 71 76 81 84 86 88 90 91 91 92 92 92 93 94 94 94 95 95 95 94 92 88 84 77 66 53 41 30 23 32 49 67 86
72 73 72 72 74 76 78 79 80 81 82 83 84 84 85 86 87 88 88 88 87 86 85 83 80 76 73 69 65 62 61 61 61 62 63 64 64 63 64 65 65 65 66 66 66 66 66 67 67 68 71 74 74 75 75 73 72 72 73 72 72 73 74 74 73 71 71 70 71 73 74 76 78 80 80 79 78 77 77 76 74 72 71 69 68 68 70 73 76 80 82 84 86 88 89 89 89 89 90 91 92 92 92 93 93 91 90 86 82 75 64 52 41 31 22 21 38 60 76 87
76 78 75 69 69 72 75 76 77 78 80 81 81 81 82 83 84 85 85 85 85 84 83 81 78 75 72 70 68 66 66 67 68 69 69 69 67 66 65 65 64 64 65 66 66 66 65 65 64 64 66 68 69 71 71 70 70 70 70 71 71 71 70 70 68 68 68 70 72 75 77 78 79 80 81 80 80 80 80 80 79 78 77 75 73 72 73 75 76 78 80 82 84 86 87 87 87 88 89 90 90 89 89 90 89 87 83 79 72 62 50 40 31 22 16 22 45 64 81 90
78 79 73 65 63 66 69 73 75 76 77 78 78 79 79 80 81 82 82 82 82 82 81 78 76 74 72 71 70 70 71 72 74 74 74 74 71 69 68 65 62 61 62 63 64 64 63 63 62 62 63 63 64 65 66 66 65 65 66 67 67 67 65 64 64 64 66 70 73 75 75 76 76 77 79 79 80 81 82 83 83 82 80 79 77 76 76 76 76 77 78 79 82 84 85 86 86 87 88 88 88 87 86 86 84 80 75 68 59 48 38 30 23 16 14 28 50 66 79 88
77 73 65 58 57 60 64 67 70 73 75 75 76 76 77 78 78 79 79 79 79 79 78 76 74 73 72 72 72 72 74 76 78 78 79 78 75 73 71 67 61 59 59 61 61 61 61 60 60 59 59 59 60 60 60 60 59 60 61 62 63 63 61 61 62 63 66 69 71 72 72 72 73 74 77 78 79 81 83 84 85 84 83 82 80 79 78 78 77 76 76 78 80 82 83 84 85 85 86 85 85 83 82 80 76 71 65 56 47 37 29 23 17 13 17 37 56 69 80 91
74 68 60 54 51 53 58 62 65 68 71 72 73 74 74 75 75 76 76 76 76 76 75 74 73 73 73 73 73 74 76 78 80 81 82 81 79 76 74 69 64 61 60 59 58 58 57 57 56 56 56 55 55 55 54 53 53 54 55 56 56 57 57 58 59 61 63 65 66 67 68 69 70 72 75 78 80 83 85 86 87 86 85 84 82 81 80 79 77 76 76 77 79 80 81 82 83 83 83 82 80 78 75 72 67 60 52 44 36 29 23 17 14 14 24 44 62 74 86 100
69 66 58 49 44 45 50 55 59 62 66 68 69 70 71 72 72 72 73 73 73 73 72 72 72 72 73 74 74 76 78 80 82 83 84 83 81 79 76 73 69 66 63 60 58 55 54 53 51 51 51 50 49 48 47 46 46 46 47 48 49 50 51 52 54 55 57 59 60 62 64 67 69 72 76 79 82 85 87 88 89 88 87 86 85 83 81 80 78 77 76 76 77 78 79 79 79 79 78 76 74 71 66 62 56 49 41 34 28 22 18 15 14 19 32 52 69 81 92 106
65 64 55 41 34 35 40 46 51 55 60 63 65 66 67 68 68 69 69 70 70 70 71 71 71 72 73 74 75 77 80 82 83 84 84 84 83 81 79 76 72 69 66 63 59 56 53 50 48 46 45 44 43 42 41 40 39 39 39 40 42 43 45 46 47 49 51 54 56 60 63 67 70 74 78 82 85 88 90 90 90 90 89 88 87 85 83 81 79 77 76 76 75 75 76 76 75 73 71 69 66 61 57 52 46 39 33 27 22 19 16 15 18 28 42 61 75 82 92 111
68 65 53 38 27 25 29 35 40 45 52 57 59 60 62 64 65 65 66 67 67 68 69 70 71 72 73 74 76 78 80 82 83 84 85 85 84 83 81 78 75 73 70 66 62 59 55 51 49 47 45 43 42 41 41 40 39 39 39 39 40 41 42 43 45 47 49 52 56 60 64 69 74 78 81 85 88 90 92 92 92 91 91 90 88 86 83 81 79 77 76 74 73 72 72 70 68 66 64 60 57 52 48 43 38 32 26 22 19 18 17 17 23 43 59 73 81 85 101 120
72 63 50 37 25 19 19 23 29 35 42 48 51 52 55 58 60 62 63 64 65 66 67 69 70 71 72 74 76 78 80 82 83 85 86 86 86 85 83 81 79 77 75 71 68 64 61 58 55 53 51 49 48 48 47 47 46 46 45 45 46 46 47 47 48 50 52 55 59 64 69 74 78 82 85 88 91 92 93 94 93 93 92 91 89 86 83 81 79 77 74 72 70 69 67 64 61 59 55 51 47 43 40 36 31 25 21 19 20 20 19 19 31 59 82 92 94 102 117 125
66 57 47 36 24 16 12 14 19 24 31 37 41 43 46 50 54 57 59 61 63 64 65 67 68 70 71 73 75 77 79 81 83 85 86 87 86 86 85 83 81 80 78 76 73 71 69 67 65 63 61 60 60 59 58 58 58 58 57 57 57 57 57 56 57 59 61 63 67 71 75 79 83 86 89 91 93 94 95 95 95 94 92 91 89 86 82 80 77 75 72 69 67 64 61 57 53 50 45 41 38 36 33 30 24 20 19 20 22 22 22 24 44 77 101 110 116 126 129 127
64 58 49 36 24 14 9 8 11 16 22 26 31 34 38 42 46 51 54 57 59 61 63 64 66 68 70 72 74 76 78 80 82 84 85 86 86 86 85 84 83 82 81 80 79 78 77 76 75 74 72 72 72 71 71 71 71 71 71 71 71 70 70 69 70 72 73 74 77 79 82 85 87 90 92 93 95 95 96 96 95 94 92 90 87 84 80 77 74 71 68 65 61 58 54 49 44 39 35 33 32 30 27 24 20 18 20 23 25 24 25 33 63 102 120 126 134 144 139 136
72 63 51 36 23 13 8 7 8 10 14 17 21 25 29 34 39 43 47 51 55 57 60 62 64 66 68 70 72 74 76 78 81 83 84 85 85 85 85 84 84 85 85 85 85 85 85 84 84 84 83 83 83 83 83 84 84 85 85 85 84 84 83 82 82 83 83 84 85 87 88 89 91 92 94 95 96 96 96 95 94 92 89 86 83 80 77 74 70 66 63 59 55 50 45 40 35 31 28 28 27 26 23 21 18 20 23 27 27 26 30 49 86 120 132 138 150 159 156 152
74 57 43 32 22 13 9 7 8 8 9 11 14 17 21 26 31 35 40 44 48 52 55 59 61 64 66 68 70 72 74 77 79 81 83 83 83 84 84 85 86 87 88 89 89 90 91 91 92 92 92 92 92 93 93 95 96 97 97 97 96 94 94 92 92 92 91 92 92 93 93 93 94 95 95 96 96 96 95 94 92 89 85 82 78 75 71 68 65 61 56 52 46 41 36 31 27 24 24 24 23 22 21 20 20 24 28 30 30 31 41 72 109 130 140 152 166 169 165 156
76 57 43 33 22 14 10 8 8 8 9 10 11 11 15 19 23 28 33 37 41 45 50 54 57 60 63 66 68 71 73 75 78 80 81 82 82 83 84 86 87 89 90 92 93 94 96 97 98 98 98 98 99 100 102 104 105 106 106 105 104 102 101 100 99 98 97 97 97 97 97 96 96 96 97 96 96 95 93 91 88 85 80 77 73 69 66 63 59 54 48 42 37 32 28 24 21 21 22 22 22 21 20 21 24 29 33 33 34 37 58 99 128 136 148 164 175 175 167 149
83 66 54 40 25 14 10 9 8 8 10 10 9 9 11 14 18 22 26 30 34 39 43 47 52 56 59 63 66 69 71 73 76 78 80 81 82 84 85 86 88 90 92 94 96 98 99 101 102 102 101 102 103 105 107 109 110 110 110 110 108 107 106 105 104 102 101 101 100 100 99 98 98 97 97 96 95 93 90 87 84 80 75 71 67 64 60 57 51 45 39 33 29 25 22 19 17 19 21 22 22 22 22 24 29 33 35 36 38 48 83 123 140 147 158 170 177 176 161 140
85 71 60 45 28 15 11 9 9 9 9 9 8 9 9 12 15 18 22 25 28 32 36 41 46 50 54 59 63 66 69 72 74 76 79 80 82 84 85 87 89 91 93 96 98 100 102 104 104 104 104 104 106 107 109 110 111 112 112 112 111 109 109 108 107 105 103 102 102 102 101 100 99 98 97 95 93 90 87 83 79 75 70 66 62 58 54 49 43 36 31 26 23 20 17 15 16 20 22 23 23 23 24 28 33 37 39 40 45 72 113 137 146 156 163 170 176 171 151 134
87 74 62 44 29 18 11 10 9 9 10 11 11 10 9 11 14 17 20 22 24 26 29 34 40 44 49 54 59 63 66 69 72 75 77 80 82 84 86 88 90 93 95 98 100 102 104 105 106 106 106 106 107 108 109 109 110 110 111 111 111 110 109 109 108 106 104 103 103 103 102 101 99 98 96 93 90 86 83 79 75 70 65 61 57 52 47 41 35 29 24 21 18 15 14 16 19 22 23 24 24 25 28 33 39 41 43 46 63 101 133 145 150 158 164 171 173 161 141 132
90 79 65 46 32 20 12 10 9 10 12 15 14 12 10 12 15 17 19 21 22 23 25 29 33 39 43 48 54 59 63 67 70 73 76 79 82 84 87 89 91 94 96 98 100 102 104 106 106 106 107 107 107 107 107 107 107 108 108 109 109 108 108 108 107 106 104 104 103 103 103 101 99 96 94 91 87 83 79 75 70 66 61 56 51 45 39 33 27 23 19 17 15 13 14 18 22 24 24 25 26 28 33 39 43 45 48 59 89 126 143 147 152 159 164 167 161 145 135 136
94 82 68 52 37 24 15 11 11 11 14 16 16 13 12 13 16 18 20 21 22 22 23 25 28 32 37 42 48 53 59 63 67 71 74 78 81 84 86 88 91 94 96 98 100 102 104 105 105 105 105 105 105 104 104 104 105 105 105 106 106 106 106 106 105 105 104 103 103 102 102 100 97 94 91 87 83 78 74 70 66 61 56 50 44 37 31 26 21 17 16 14 13 14 17 22 24 25 26 26 28 33 40 45 48 50 59 83 118 143 149 148 153 157 159 155 144 133 134 137
97 83 69 53 39 26 17 14 13 13 16 19 18 16 15 15 17 19 21 22 22 22 23 23 24 27 31 36 42 48 53 58 64 68 72 76 79 81 84 87 90 93 95 97 99 101 102 103 103 102 102 102 102 102 101 101 101 102 102 102 103 102 102 102 102 102 102 101 101 100 99 97 94 91 87 83 79 74 69 65 61 56 49 43 36 30 25 20 16 15 14 13 13 16 21 25 26 26 27 28 32 39 47 51 52 58 75 107 138 152 153 152 154 153 152 143 130 127 130 128
99 85 70 52 37 25 18 14 15 16 20 23 22 20 19 18 18 20 22 23 24 24 24 24 24 25 27 31 36 42 47 53 58 64 68 72 76 79 82 85 88 90 92 95 97 98 99 100 99 99 98 98 98 98 97 97 98 98 98 98 99 99 99 99 99 98 98 98 98 97 96 93 90 86 82 78 73 69 64 60 55 49 42 36 29 23 19 16 15 14 13 13 15 20 24 26 26 27 29 32 38 45 52 54 57 69 95 129 150 157 159 156 149 147 144 134 122 119 121 120
98 87 69 50 34 25 19 16 18 20 24 26 26 25 24 22 21 21 23 24 25 26 25 25 25 25 25 28 32 36 41 47 53 59 64 68 72 75 78 81 85 87 89 91 93 95 95 96 96 95 94 94 94 94 94 94 94 94 94 94 94 95 95 95 94 94 94 94 94 93 91 89 85 81 77 72 68 63 59 54 48 42 35 28 22 18 16 15 14 14 13 14 18 23 25 26 27 30 32 37 45 51 55 58 66 87 117 145 156 162 165 154 145 142 136 125 113 111 116 115
97 87 69 48 33 27 23 21 23 27 30 31 30 31 29 27 24 22 23 25 26 27 27 27 26 26 26 26 28 32 36 41 47 52 58 63 67 71 75 77 81 83 85 88 89 90 91 92 91 91 90 90 90 90 90 91 90 90 89 90 90 90 90 90 90 90 90 90 89 88 86 83 79 75 71 66 62 57 52 47 41 34 27 21 17 15 15 15 14 14 14 17 22 24 25 27 30 32 36 43 51 55 58 64 80 108 137 156 161 165 163 145 135 131 124 113 106 111 113 108
98 87 69 51 36 31 28 27 29 33 36 38 37 36 35 32 27 24 24 24 26 27 28 28 28 28 28 27 27 29 32 36 41 46 51 56 62 66 70 73 76 78 81 83 85 85 86 87 87 86 86 86 86 86 87 87 86 85 85 85 85 85 84 84 84 85 85 85 83 82 79 76 73 68 64 59 55 51 45 39 33 27 21 17 15 15 15 15 14 14 16 20 23 24 26 29 32 33 39 48 53 56 62 73 96 127 152 162 164 161 152 132 121 120 110 102 106 113 110 100
99 87 70 52 38 33 30 30 33 37 43 45 45 44 41 36 30 27 24 24 24 26 28 29 30 30 30 29 28 28 29 32 36 40 45 50 56 61 65 68 72 74 76 78 79 80 81 82 82 82 82 82 82 82 82 82 81 80 79 79 79 79 79 78 79 79 79 79 77 74 72 69 65 61 57 53 49 43 38 31 26 21 17 16 16 16 15 15 14 15 18 22 23 25 29 32 32 35 43 50 53 57 64 77 105 137 157 165 165 155 142 125 115 112 100 97 107 110 103 92
104 88 67 50 38 35 33 34 36 42 50 52 53 54 49 42 34 29 25 23 22 25 28 30 31 31 31 30 30 29 29 30 33 35 39 43 49 54 58 63 66 69 71 73 74 75 76 77 77 77 77 77 76 76 77 76 75 74 73 74 74 73 73 73 73 73 73 72 70 67 64 61 58 54 50 45 41 36 30 25 20 17 16 16 16 16 16 15 15 17 20 22 24 29 33 34 34 39 47 50 54 63 71 79 104 138 159 167 168 154 136 127 115 103 94 97 109 109 96 91
110 92 69 50 39 36 35 37 39 46 57 63 67 67 61 52 42 33 26 21 21 24 28 31 32 33 32 31 31 30 30 30 31 32 34 37 42 46 51 56 59 63 65 67 69 70 71 72 71 71 71 70 70 70 70 70 68 67 67 68 68 67 67 67 67 67 66 64 62 60 57 54 51 47 42 37 33 28 24 20 17 16 16 16 16 16 16 15 16 18 20 22 27 33 36 38 40 45 50 52 61 79 95 99 115 140 159 168 166 149 134 129 114 97 96 102 110 106 93 97
115 98 74 53 42 38 37 39 43 51 65 75 79 78 71 62 52 41 31 24 21 23 28 31 33 34 34 33 32 31 31 31 30 31 32 33 36 40 44 48 52 55 58 61 63 65 65 66 65 65 65 64 63 63 63 62 61 60 61 61 61 61 60 60 60 60 58 56 54 52 50 47 43 38 34 30 26 22 19 17 17 16 16 16 17 16 16 16 17 19 20 23 30 35 38 41 46 52 54 57 71 96 117 125 134 144 153 163 160 140 130 125 113 100 102 109 109 101 95 103
118 102 78 58 46 41 39 41 47 57 72 83 85 84 80 71 63 52 40 30 24 24 27 30 33 35 35 35 34 32 32 32 31 31 31 31 33 35 37 41 45 48 51 53 56 57 59 59 59 59 58 57 56 56 56 55 54 53 54 54 54 54 53 53 53 52 50 48 46 44 41 38 35 31 27 24 21 19 17 17 17 17 17 17 17 17 17 18 19 21 23 27 32 36 41 45 51 57 61 66 79 103 125 135 142 149 151 156 150 132 126 120 111 104 109 111 104 95 97 102
115 105 85 66 52 43 40 44 51 60 73 83 86 89 88 82 74 62 51 40 31 28 28 30 33 36 37 36 35 34 33 33 33 32 32 31 31 32 33 35 38 40 43 45 48 49 50 51 51 51 50 49 49 49 49 48 47 46 47 47 47 46 46 45 45 43 42 40 38 36 33 30 28 25 22 20 18 17 17 17 17 17 18 18 17 17 18 20 23 26 29 31 34 38 43 48 58 70 80 84 92 111 133 147 155 164 164 155 147 137 128 117 109 108 112 108 96 92 100 100
113 110 96 77 59 45 41 44 51 59 70 76 83 90 91 86 78 68 57 49 41 34 31 31 33 36 38 38 37 36 35 34 34 33 33 32 31 31 31 32 33 35 36 38 40 41 42 43 43 43 43 42 42 42 41 40 39 39 39 39 39 39 38 38 37 35 34 33 31 29 27 25 23 21 19 18 17 17 17 18 18 18 18 18 18 18 20 23 28 32 34 35 38 41 46 55 71 89 106 108 108 122 140 157 169 178 173 161 154 145 129 116 112 113 114 102 91 98 106 101
114 117 109 92 73 54 45 46 50 55 65 72 76 82 84 82 74 66 59 53 47 40 35 34 34 36 38 39 38 37 36 35 34 34 34 33 32 31 31 31 31 31 32 33 34 35 35 36 36 35 35 35 35 35 34 33 33 32 32 32 32 32 31 31 30 29 28 26 25 24 22 21 20 19 18 18 18 18 18 18 18 19 18 18 19 21 24 27 33 37 39 40 43 47 55 69 89 111 126 125 123 136 147 159 174 178 171 163 158 147 127 116 117 118 111 96 94 108 109 105
113 118 115 104 89 68 53 50 50 52 61 68 68 70 71 70 66 64 61 56 48 42 39 37 35 36 38 39 38 37 37 36 35 35 34 34 33 33 32 31 30 30 30 30 30 30 30 30 30 30 30 30 30 30 29 28 28 27 27 27 26 26 26 26 25 24 23 22 22 21 20 19 19 18 18 18 18 18 18 19 19 19 18 19 22 26 29 33 38 43 45 46 50 60 77 93 112 130 138 139 143 155 161 162 172 173 167 161 155 143 126 117 121 118 104 94 102 112 109 112
109 116 115 110 97 77 61 53 53 52 54 60 61 59 59 61 63 64 64 61 53 46 42 39 37 36 37 39 38 37 37 37 36 35 35 35 34 34 33 32 31 30 29 29 29 28 28 27 27 27 27 26 26 26 25 25 24 24 24 24 23 23 23 22 22 21 21 21 20 19 19 19 19 19 19 19 19 19 19 19 19 19 20 22 27 31 35 40 45 48 50 54 64 83 103 120 133 144 148 155 165 175 178 173 174 174 167 158 149 139 128 119 120 112 97 94 106 109 108 115
103 109 110 109 98 83 68 59 56 51 48 51 54 54 55 60 65 65 65 64 58 53 48 43 41 40 40 40 39 39 39 38 37 36 36 35 35 34 34 33 32 30 30 29 29 28 27 27 26 25 25 25 24 24 24 23 23 23 22 22 22 22 22 21 21 21 20 20 19 19 19 19 19 19 19 19 19 20 20 20 19 20 23 28 32 36 41 47 52 55 60 69 86 108 125 137 148 157 164 172 183 185 182 179 178 177 170 158 147 140 131 121 115 103 93 98 109 105 108 115
105 107 110 112 108 99 86 73 65 55 50 51 55 59 61 66 70 73 73 70 65 60 56 52 48 47 45 44 43 42 42 39 37 37 36 36 35 35 35 34 33 32 31 30 29 29 28 27 26 26 25 25 24 24 23 23 23 23 22 22 22 22 22 21 21 21 20 20 20 20 20 20 20 20 20 20 20 20 20 20 21 24 28 32 37 43 48 54 60 68 75 88 110 131 141 150 164 176 182 186 190 184 179 179 180 178 171 158 147 141 133 122 111 99 95 105 109 104 108 111
114 113 115 119 123 117 104 90 80 71 68 69 72 74 75 78 80 83 84 81 78 73 69 63 59 56 53 50 48 47 46 43 40 38 37 36 36 36 36 36 35 34 33 32 31 30 29 28 28 27 26 26 25 25 24 24 24 23 23 23 23 23 22 22 22 21 21 21 20 20 20 20 20 20 20 20 21 21 21 22 25 29 33 37 43 48 54 63 73 84 96 112 133 146 155 169 185 192 196 195 191 182 179 181 182 178 169 155 145 139 130 119 109 100 103 112 107 103 107 105
120 113 111 119 127 124 113 101 95 88 88 93 92 90 87 89 89 89 90 89 90 89 82 75 71 66 61 56 52 51 50 47 44 41 40 39 37 37 37 36 35 35 34 34 33 32 31 30 29 29 28 27 27 26 25 25 25 24 24 24 24 24 23 23 22 22 21 21 21 21 21 21 21 21 21 21 21 21 22 26 30 34 36 40 45 54 63 76 89 103 119 135 149 160 171 185 197 200 200 196 190 184 183 184 182 176 165 151 143 136 126 115 104 100 111 115 105 103 102 98
120 105 101 113 120 120 117 110 106 101 107 112 107 101 95 93 92 93 95 97 99 97 91 87 83 78 70 63 57 54 52 51 49 49 48 45 41 39 38 37 36 36 36 35 34 34 33 32 31 30 30 29 28 28 27 26 26 26 25 25 25 24 24 24 23 23 22 22 22 22 22 22 22 22 22 22 22 23 26 31 35 36 38 41 50 64 78 93 109 124 140 153 163 175 186 196 201 200 198 194 189 187 187 186 180 170 158 147 141 131 121 111 100 102 114 111 102 101 97 97
114 99 97 105 110 114 116 111 112 116 121 123 116 107 99 94 89 92 97 100 102 102 100 100 97 90 80 71 62 56 53 54 54 55 55 54 47 42 41 40 39 38 38 37 36 35 34 34 33 32 31 31 30 29 28 28 27 26 26 26 25 25 24 24 24 23 23 22 22 22 22 23 23 23 23 23 23 26 30 36 39 41 45 50 63 80 95 113 130 145 157 167 179 189 195 198 198 196 194 193 190 190 191 187 175 163 151 144 137 126 119 109 102 107 112 107 102 99 94 98
