98 100 100 101 104 106 108 110 112 115 117 119 120 121 124 125 124 125 126 126 128 132 135 136 140 142 142 142 142 140 140 143 144 143 144 143 141 141 141 140 139 139 139 137 137 138 139 140 141 141 141 141 140 140 140 140 141 142 143 144 146 146 146 145 144 144 144 144 143 143 144 145 144 144 144 146 149 149 150 150 150 149 149 149 149 149 148 148 147 145 144 142 140 139 138 135 132 131 130 129 128 127 126 126 125 123 122 122 121 120 119 118 118 117 116 113 110 107 103 98
97 99 100 101 104 106 108 111 113 116 118 120 120 122 124 125 125 126 126 126 129 132 134 137 141 145 145 145 146 145 145 147 147 146 145 144 143 142 142 141 140 140 140 140 140 140 140 141 141 141 141 141 140 141 141 141 140 141 143 144 145 146 146 145 145 145 145 144 143 142 144 145 144 144 145 147 149 150 150 150 149 149 148 147 148 148 147 147 146 145 144 143 141 138 137 136 132 131 130 129 128 128 126 126 124 123 122 122 121 120 119 119 119 118 116 114 110 107 104 99
97 99 100 102 104 106 108 111 113 116 118 119 120 121 123 124 125 127 128 128 130 132 133 137 142 146 146 148 149 148 148 149 149 147 147 146 145 143 143 142 142 141 141 141 141 141 141 142 143 143 142 141 141 141 141 140 139 140 142 144 145 146 146 146 146 146 146 145 144 142 143 144 143 144 145 148 150 151 151 151 150 149 148 148 148 149 148 148 147 146 146 144 142 140 138 137 134 131 131 129 128 128 126 125 125 123 122 122 121 120 119 119 119 118 116 114 111 108 105 100
97 98 100 102 103 106 108 111 113 115 117 119 119 120 121 124 127 129 130 131 132 134 135 139 144 146 147 149 151 150 149 150 150 149 149 148 146 144 144 143 142 142 142 142 143 143 143 144 145 145 143 142 141 141 140 139 139 141 142 143 145 146 147 146 147 147 146 145 143 142 142 143 143 144 146 149 151 152 153 152 151 150 149 150 151 151 151 151 149 147 147 145 143 140 139 138 135 132 131 129 128 127 126 125 124 123 122 122 121 120 118 118 118 117 116 114 112 109 106 102
96 98 100 101 103 106 109 112 113 115 116 117 117 118 121 125 127 130 132 134 136 137 139 142 145 146 147 149 151 151 151 151 151 150 150 150 147 145 144 144 143 143 142 143 145 145 145 145 146 146 145 144 143 142 141 140 140 141 143 144 145 147 147 147 147 147 147 145 144 144 144 145 145 146 148 150 152 153 154 154 153 151 150 151 152 154 153 153 151 149 147 144 143 141 139 138 136 134 132 130 129 127 125 125 124 123 122 122 121 120 118 118 118 118 116 114 112 110 108 103
97 98 100 102 104 106 109 112 113 114 114 115 116 118 121 125 127 130 135 138 139 140 142 145 147 147 149 150 151 152 152 153 153 151 151 151 149 147 145 144 144 143 143 144 146 147 147 147 147 148 148 147 145 143 142 141 141 142 143 144 145 147 148 147 147 148 148 146 146 146 147 147 147 148 150 152 153 154 155 155 154 152 152 151 153 155 155 154 152 150 148 144 144 142 140 139 137 135 133 130 129 128 126 125 124 124 123 122 121 120 119 118 118 118 117 115 113 111 109 105
96 98 100 101 103 106 109 111 113 114 113 114 115 118 122 126 128 132 137 141 142 143 146 148 149 149 152 154 153 152 153 154 154 153 153 152 150 148 145 144 144 143 143 144 146 147 148 148 149 149 150 150 147 145 143 143 143 143 144 145 146 147 148 147 147 148 149 148 146 146 147 148 147 147 149 151 154 155 155 155 154 154 153 153 154 156 155 154 151 149 147 144 144 141 139 139 138 136 134 132 130 128 126 125 124 123 123 122 121 120 119 119 118 117 117 116 114 111 109 106
95 97 98 100 102 104 107 111 113 113 113 114 116 120 123 127 131 134 140 144 144 145 148 150 151 153 156 156 154 154 155 155 154 154 154 152 150 148 146 145 144 144 144 144 146 147 149 149 149 150 151 152 150 148 146 146 146 146 146 147 147 148 149 148 148 149 151 150 147 147 147 147 147 147 148 151 153 155 156 155 155 155 155 156 156 156 155 153 150 148 146 144 143 141 139 138 138 136 134 132 130 128 126 125 124 123 123 123 122 120 119 118 118 117 116 116 115 111 108 106
94 95 96 98 100 103 106 109 112 111 113 115 118 122 125 129 134 139 144 146 146 148 151 152 153 155 159 159 157 158 157 155 154 155 154 152 150 148 146 146 145 145 145 145 146 148 149 150 150 151 152 153 152 150 149 149 149 148 148 148 149 149 150 149 148 150 152 151 148 147 148 148 148 148 148 150 152 154 155 155 155 156 156 156 156 157 157 155 151 149 147 145 143 142 140 139 138 137 134 132 130 128 126 124 123 123 123 122 121 120 118 117 117 117 115 115 114 111 107 105
92 94 94 96 98 101 103 108 111 111 115 118 119 123 128 133 138 141 144 146 148 150 153 153 153 156 161 164 163 163 161 156 154 155 154 152 151 149 146 146 145 144 144 145 146 149 151 151 151 151 153 155 154 153 153 153 153 151 150 150 150 151 152 152 151 152 154 153 149 148 149 150 150 149 148 148 150 152 154 156 157 157 155 156 157 158 158 156 153 151 149 145 143 141 140 139 138 136 134 131 129 126 124 123 122 122 122 121 121 120 118 117 117 117 115 114 112 110 106 103
91 92 93 94 97 100 102 105 110 113 115 117 118 122 129 133 136 139 142 147 150 151 152 152 152 156 162 164 165 167 164 158 155 154 152 150 150 148 146 145 144 144 144 144 146 150 151 152 152 151 153 155 156 157 157 158 157 155 153 152 152 152 154 155 154 154 155 154 149 147 149 149 149 148 146 147 148 151 153 155 158 158 156 157 160 160 159 157 154 153 149 145 142 139 137 137 136 134 131 128 127 124 121 119 119 120 119 119 119 119 118 116 116 116 113 112 111 109 106 102
90 92 92 93 96 99 101 104 109 109 108 110 115 119 125 130 131 132 138 144 145 146 147 149 153 155 158 160 164 166 164 159 156 153 150 148 148 146 145 144 144 144 144 144 146 149 151 151 151 151 153 156 158 159 160 161 160 157 155 154 154 154 155 156 155 155 156 155 150 147 147 147 146 145 145 146 148 149 150 153 157 158 156 156 158 160 159 156 152 151 147 142 140 137 136 133 131 130 127 124 123 120 116 114 114 115 115 115 117 117 117 115 114 113 110 109 109 107 105 101
91 92 91 92 95 97 99 102 104 100 98 103 106 108 115 123 123 123 128 132 133 137 140 143 147 147 148 152 156 162 161 158 155 151 148 146 144 143 143 143 143 143 142 142 145 148 150 150 150 151 152 156 159 160 161 161 160 159 157 156 155 156 157 158 156 156 157 155 150 146 145 144 143 142 144 146 147 147 148 152 156 155 154 154 155 157 155 152 150 148 143 137 134 131 131 130 126 123 121 118 116 113 108 106 105 107 107 110 113 114 115 114 112 111 109 108 107 106 105 102
92 91 88 88 90 91 94 95 93 88 88 91 92 95 104 113 113 115 118 116 117 124 129 129 132 132 133 138 144 151 151 149 147 146 144 142 140 139 140 140 140 140 139 140 143 146 148 149 149 150 151 155 159 160 162 161 161 160 158 156 156 157 158 158 158 157 155 153 148 145 142 141 139 137 140 141 141 142 146 150 153 153 152 151 152 153 150 147 144 140 135 130 128 124 122 121 120 115 112 109 107 103 100 96 95 97 98 103 108 110 112 113 110 109 109 107 106 106 105 103
90 88 84 84 84 82 83 84 80 75 75 77 78 84 92 98 100 105 106 101 101 107 110 110 113 115 116 122 126 133 136 136 136 138 138 136 135 134 135 135 135 136 135 137 140 142 144 145 145 145 147 152 157 159 160 159 159 158 158 156 156 156 157 157 157 157 153 149 144 140 138 135 133 131 132 134 133 135 139 144 147 147 147 144 145 145 143 140 135 130 124 119 116 113 110 107 108 105 100 98 95 92 88 84 84 86 86 92 98 103 107 108 107 107 107 106 106 106 105 103
88 85 81 80 77 72 71 72 69 64 63 64 67 71 76 82 87 92 91 87 88 92 92 91 94 96 97 101 106 113 117 119 122 124 126 127 126 126 127 127 128 129 129 131 135 137 137 137 137 138 140 145 151 153 155 155 155 156 156 154 154 154 155 155 154 154 149 145 139 134 130 128 125 123 124 125 125 127 129 133 136 136 137 135 134 134 131 127 122 118 112 106 100 97 96 93 93 91 88 84 81 79 76 73 73 74 74 78 85 91 97 101 102 104 105 105 106 106 105 103
87 83 79 76 70 63 62 63 60 57 56 56 57 60 64 70 73 74 74 76 79 78 74 73 73 75 78 83 86 93 98 102 105 107 109 112 113 114 115 115 117 119 120 123 127 129 129 129 128 130 133 138 143 146 148 149 150 151 151 150 149 149 150 151 150 149 145 140 134 126 122 119 114 112 113 113 114 117 118 121 122 121 123 121 118 117 114 109 104 100 95 90 85 78 78 80 80 78 74 72 69 68 67 63 62 62 63 65 71 75 83 91 94 99 102 103 104 105 105 103
85 81 76 71 64 57 56 56 54 53 53 53 52 53 55 58 58 58 59 61 64 60 55 55 55 56 59 63 65 72 78 81 83 85 89 94 95 97 100 104 106 108 109 113 117 119 118 118 119 121 124 129 135 137 139 141 143 145 145 144 144 143 144 145 143 142 138 132 125 119 115 110 103 100 99 97 99 103 107 109 108 107 108 105 100 97 94 90 86 83 77 72 68 63 62 64 66 64 61 59 58 58 58 55 54 54 53 55 59 61 67 76 82 89 96 99 101 103 103 103
83 79 72 65 57 51 50 49 49 49 50 49 48 47 46 45 46 46 46 45 45 42 41 42 41 39 41 44 47 54 58 60 62 65 69 74 77 81 86 91 94 96 98 101 106 108 107 107 107 109 112 118 125 129 131 133 135 137 138 138 138 138 139 138 135 134 128 122 115 110 108 103 95 91 88 85 84 87 91 93 92 90 90 86 82 79 75 71 67 65 60 55 51 47 46 47 49 49 48 47 47 48 48 47 47 48 47 48 50 50 54 62 69 76 87 95 98 100 103 103
81 76 68 59 52 46 44 44 43 44 44 43 43 42 39 37 37 36 34 33 32 31 32 31 29 28 29 32 34 39 42 45 48 50 52 55 59 64 71 77 80 82 84 87 92 95 95 94 94 95 99 106 113 118 121 123 127 130 133 133 133 133 133 131 128 124 119 114 107 101 99 96 89 84 82 76 73 73 74 74 72 70 71 67 62 59 56 53 50 49 45 42 39 35 32 33 34 34 36 37 37 38 39 40 42 43 43 43 43 44 45 52 59 65 77 89 95 99 102 102
79 73 64 54 48 43 40 40 39 39 38 38 38 37 35 34 33 31 29 28 27 27 27 25 24 23 23 25 27 29 31 34 36 37 38 41 45 50 57 62 67 70 72 74 79 83 82 81 83 85 89 96 103 109 114 116 120 125 128 129 128 127 125 124 122 118 113 110 102 93 91 89 84 80 76 69 67 67 64 61 57 56 56 52 48 43 42 39 37 37 34 34 32 29 26 25 24 25 28 31 32 33 34 36 38 40 40 41 41 41 41 45 51 58 69 82 91 96 101 103
78 70 60 52 46 42 40 38 38 37 37 38 38 39 40 39 37 36 33 30 29 29 29 28 27 25 24 25 26 26 26 27 28 29 30 32 36 40 46 51 56 61 63 65 69 72 71 71 74 77 83 90 97 104 109 112 116 120 123 124 123 121 120 119 118 115 109 105 98 89 85 83 78 74 69 64 64 63 60 56 52 49 46 41 38 34 32 32 31 30 29 30 30 29 27 26 25 27 31 34 36 35 34 35 37 38 38 39 40 40 41 43 47 54 63 75 86 93 100 103
76 68 60 53 47 44 42 41 41 43 44 47 49 53 56 56 54 52 47 44 43 43 41 40 38 33 31 30 31 29 29 28 28 28 29 30 31 36 41 45 50 55 57 59 62 64 63 64 67 71 78 85 92 100 106 109 112 116 118 118 118 118 118 117 116 112 106 101 95 87 82 79 74 70 65 62 63 63 60 57 50 45 42 39 36 32 30 32 32 31 32 33 34 34 35 36 36 41 46 49 50 46 43 42 41 40 40 39 40 41 42 44 47 54 62 71 83 91 97 102
75 69 61 56 52 50 50 50 52 56 59 62 67 73 77 76 75 75 71 67 65 63 58 55 52 46 43 41 40 37 36 35 34 33 33 32 33 35 39 43 47 51 53 54 56 58 58 59 61 66 74 82 91 98 103 107 111 113 115 115 115 115 116 114 112 108 103 98 91 84 80 77 72 69 64 61 62 62 59 55 49 45 42 40 38 35 35 37 38 39 41 44 46 48 50 53 55 62 68 71 71 65 61 59 55 52 50 47 48 49 49 50 53 58 65 72 82 91 95 100
76 71 64 60 58 59 60 63 68 74 79 83 88 92 96 97 98 97 94 89 87 84 81 76 71 65 59 55 53 49 47 46 44 42 40 39 38 38 39 42 45 48 50 51 52 55 56 57 59 64 71 80 89 96 102 106 109 112 114 115 113 113 113 111 108 105 99 94 88 82 78 75 71 68 63 59 59 59 57 54 51 49 46 45 45 43 45 48 50 53 58 61 64 68 70 74 80 88 95 98 96 91 86 82 74 69 68 66 66 66 65 62 64 67 71 76 85 92 96 100
80 76 72 70 69 70 73 76 81 88 96 101 106 110 112 112 113 112 108 104 104 105 103 98 91 85 79 75 70 64 61 59 57 54 51 48 47 44 43 44 45 47 50 51 51 53 55 57 60 65 70 79 87 94 100 104 107 110 113 114 113 112 112 110 108 105 99 93 86 80 76 73 71 69 64 60 60 59 57 55 55 56 55 56 57 57 59 62 64 68 74 78 82 87 91 97 102 111 118 120 119 115 110 105 96 91 90 88 87 87 85 80 78 78 79 82 88 94 99 102
82 81 81 81 82 84 86 88 91 98 105 113 119 123 124 122 121 119 115 113 114 116 116 114 109 103 98 95 89 81 76 73 70 67 63 59 57 53 50 49 49 50 51 52 52 54 56 58 62 67 72 79 86 93 99 103 106 110 112 114 113 113 113 112 109 106 101 93 86 81 76 73 71 69 65 62 62 61 59 59 61 63 64 67 70 72 73 76 79 83 88 93 98 103 107 112 118 124 129 132 133 131 129 125 116 110 107 105 103 103 101 96 92 88 87 87 91 96 100 102
85 85 85 87 90 92 95 98 101 104 110 117 124 128 131 131 130 127 124 122 122 125 126 126 122 118 115 111 106 98 92 87 83 79 75 71 68 63 59 57 54 54 55 54 54 55 57 60 64 68 74 80 87 93 98 103 107 110 113 115 116 114 113 112 109 106 101 94 86 80 77 74 71 69 66 64 63 63 63 65 68 71 73 77 81 83 85 88 91 95 100 104 109 113 117 121 126 132 136 139 141 140 138 135 127 121 116 114 112 111 108 105 102 98 94 92 93 97 101 103
86 86 88 91 94 96 98 101 104 108 113 117 122 126 130 133 134 133 132 128 127 132 133 133 130 127 124 122 118 113 107 102 97 92 87 83 79 74 69 65 62 60 59 59 58 58 60 62 65 69 74 80 86 93 99 104 109 113 116 118 119 117 115 114 111 108 103 95 86 81 78 75 72 70 67 66 66 67 69 71 75 79 81 85 89 92 94 97 101 106 110 113 116 120 124 128 132 137 141 144 147 146 144 140 133 127 121 117 115 113 112 111 108 106 102 97 97 98 100 103
85 87 90 93 97 99 100 102 104 108 113 117 121 124 126 131 133 133 134 132 133 135 135 134 131 130 128 127 124 121 116 111 107 102 97 92 88 84 78 74 71 68 66 65 63 63 64 66 69 73 78 82 87 94 100 105 110 114 117 120 122 122 120 119 116 114 109 100 92 86 81 77 75 73 70 71 73 74 76 79 82 86 88 92 96 99 100 103 107 112 115 117 120 124 128 131 134 139 142 145 147 147 145 141 136 129 124 120 116 114 113 112 110 109 106 103 102 101 100 103
85 88 91 94 96 97 99 102 104 106 109 113 117 119 120 122 123 125 129 127 127 128 127 126 124 124 123 122 121 122 119 115 112 108 103 98 94 90 84 81 79 76 73 70 68 67 67 69 73 78 82 87 92 98 104 109 113 116 118 121 124 126 125 124 123 122 116 108 100 92 86 81 79 77 75 76 77 80 82 84 87 90 93 96 99 103 105 107 111 114 117 120 122 125 128 131 134 137 141 144 146 145 143 139 134 128 124 121 118 116 114 113 111 109 107 105 104 102 101 104
87 89 92 94 95 94 94 97 99 101 102 104 106 108 111 115 118 120 117 117 117 117 118 117 117 118 119 120 118 115 112 110 107 104 100 96 93 89 86 83 82 80 77 74 72 71 70 72 76 81 86 92 97 104 110 115 118 119 118 121 126 129 131 131 131 130 126 118 109 99 92 88 84 82 81 80 80 82 84 86 89 91 93 96 99 104 106 107 109 112 115 117 119 122 123 126 131 133 136 139 141 140 138 133 129 125 122 120 118 116 114 114 112 110 108 106 105 104 104 105
86 89 92 93 90 88 89 91 92 95 97 100 105 109 111 116 119 120 119 118 118 119 118 116 118 123 124 127 126 120 117 115 113 109 105 99 94 88 84 80 80 79 77 76 74 72 72 74 79 85 92 98 105 112 119 123 125 123 121 123 128 133 137 139 139 138 133 124 115 105 97 93 88 85 83 81 81 81 83 85 87 90 92 92 96 100 102 102 103 105 108 109 111 113 116 119 122 124 126 128 130 129 126 123 121 119 116 115 113 112 112 112 111 110 109 107 106 106 107 108
82 86 88 87 86 90 94 92 93 95 97 98 100 100 102 106 107 108 109 109 107 107 106 103 105 109 112 114 115 116 115 115 113 110 109 105 99 94 89 84 78 75 73 72 71 71 72 75 82 89 96 103 113 120 128 133 134 130 127 128 133 139 144 147 146 143 136 126 116 108 100 94 88 84 82 80 79 78 79 80 81 82 85 88 91 94 97 100 102 106 110 113 115 117 121 122 120 122 125 127 127 126 122 120 124 122 111 105 103 102 103 105 105 106 106 105 105 105 107 108
75 78 80 84 88 89 88 87 86 87 88 88 89 90 91 92 93 95 97 99 99 97 97 96 95 95 96 99 101 103 103 102 101 98 96 93 90 88 86 83 79 75 73 69 68 67 68 73 81 90 97 106 116 127 136 142 145 142 136 135 140 147 152 155 153 147 137 126 117 109 102 94 86 81 78 75 73 72 72 74 76 81 86 91 95 98 101 104 106 107 108 113 113 111 113 116 118 120 123 125 125 127 123 125 139 137 118 104 100 98 98 97 96 96 97 99 101 104 106 105
63 66 71 81 81 76 74 76 75 76 77 76 76 74 74 76 77 76 77 81 79 78 78 77 77 77 78 79 83 87 86 85 84 83 78 75 73 73 75 71 70 69 69 69 69 68 68 71 77 87 97 106 117 130 143 152 156 153 147 145 149 156 161 162 158 148 136 124 116 109 100 89 81 76 72 70 70 70 73 74 77 80 85 88 91 93 92 92 92 91 90 94 94 92 93 96 99 101 104 106 107 107 105 109 123 123 108 103 100 98 98 97 95 95 94 93 94 104 105 100
48 52 64 70 67 65 64 65 64 64 65 63 63 66 69 70 72 76 79 78 81 82 82 83 82 80 81 82 82 82 82 80 78 76 75 72 68 65 65 63 62 62 61 62 64 66 70 74 79 83 90 101 112 126 142 155 162 160 156 154 158 163 170 169 161 148 134 122 113 105 94 86 82 78 73 71 69 68 69 69 71 72 75 77 78 78 77 75 74 73 72 75 76 77 79 84 86 89 91 93 93 91 93 104 118 109 97 96 95 94 93 92 92 92 92 92 92 97 98 88
33 38 57 58 57 61 61 63 67 68 69 71 76 80 82 82 84 85 88 89 90 90 90 89 89 89 89 88 88 89 89 87 86 84 84 84 82 73 63 60 57 55 54 54 55 59 66 74 82 86 86 92 99 112 130 147 156 157 154 154 156 160 170 172 159 143 128 114 105 100 94 90 86 80 72 66 63 60 62 64 65 66 66 65 63 60 59 55 54 55 56 55 55 56 58 64 69 71 73 73 74 78 83 106 118 100 91 90 90 89 87 84 84 82 82 83 89 92 82 71
26 27 44 49 61 66 62 64 64 64 65 67 70 71 71 73 73 73 76 78 77 75 73 70 67 66 63 61 61 65 66 67 68 70 75 79 83 84 77 71 66 59 56 55 56 58 59 64 71 79 84 82 84 94 110 128 139 142 140 139 142 146 157 161 148 133 116 102 94 96 96 90 83 76 67 61 57 56 56 56 56 54 53 48 45 43 41 41 43 45 45 47 49 51 53 56 62 66 69 70 71 77 80 95 101 83 76 79 80 80 81 82 81 79 76 77 81 84 66 53
21 21 32 47 58 59 53 50 48 49 51 53 55 55 54 56 54 53 54 55 51 47 45 42 38 37 33 33 33 34 35 39 41 43 50 58 68 77 80 78 76 71 67 66 68 72 71 64 59 61 70 73 75 82 95 111 126 132 129 128 132 137 144 146 135 118 104 93 88 92 90 84 80 72 63 56 53 51 50 53 55 55 51 45 40 37 36 36 35 34 31 33 35 36 38 39 42 46 51 56 63 74 78 78 79 71 67 69 70 70 72 72 71 73 71 70 72 69 53 39
23 19 34 48 55 53 42 39 37 37 38 39 37 34 32 33 33 33 36 36 30 25 24 22 18 17 15 15 16 17 23 35 38 33 29 33 46 63 76 79 77 73 70 72 80 89 90 78 64 58 61 58 60 69 79 92 112 124 124 123 126 133 138 137 122 105 94 82 77 83 80 77 71 66 63 62 60 59 62 67 66 60 49 37 30 29 30 28 25 19 14 14 16 19 19 18 19 23 29 34 36 42 48 52 62 63 62 64 66 67 69 69 66 65 66 59 62 72 50 31
29 21 41 54 59 54 41 36 33 31 30 29 25 22 19 21 23 26 32 34 28 20 16 13 11 10 9 9 12 16 30 52 61 49 31 24 27 43 66 78 80 76 72 75 85 93 97 89 76 71 71 50 45 52 55 66 84 101 106 108 112 117 124 120 104 92 84 70 63 71 68 60 63 77 84 80 72 70 70 69 62 49 36 26 26 33 37 35 25 16 13 11 11 12 13 13 17 24 32 36 32 28 27 29 39 46 50 54 56 58 61 63 63 62 58 60 64 72 52 28
39 32 46 66 73 63 49 43 41 40 39 35 30 26 25 25 27 32 40 45 37 27 20 15 13 10 10 11 15 21 42 71 79 62 41 30 25 31 52 72 81 78 74 79 91 97 95 91 84 82 83 58 35 27 31 41 56 73 79 86 95 100 101 93 82 70 64 55 43 51 56 61 80 95 94 84 75 72 72 67 54 39 29 26 32 44 50 43 27 19 15 12 11 11 12 13 20 32 41 46 41 33 28 28 31 37 43 46 47 49 50 52 53 59 61 63 75 76 52 30
56 47 53 75 87 79 64 57 55 54 51 47 42 37 37 37 38 42 50 55 52 41 32 23 17 15 14 16 22 32 55 77 78 64 49 42 39 38 48 66 77 77 76 84 96 97 91 84 75 76 80 60 36 20 26 38 46 54 58 64 71 75 74 65 60 47 41 35 24 39 59 71 81 91 93 87 78 75 74 65 51 40 34 33 38 51 57 49 34 23 18 15 13 13 15 17 28 44 52 53 47 38 35 35 37 42 47 50 50 50 50 52 56 62 74 73 81 82 60 39
77 65 68 85 99 94 79 72 69 66 61 56 51 48 50 50 51 53 58 64 65 59 50 40 30 24 24 28 35 45 62 74 73 68 64 61 59 55 55 66 74 76 79 89 97 91 83 77 62 59 62 55 42 27 38 52 61 64 67 68 70 75 72 66 57 44 34 30 25 37 59 64 66 78 87 88 81 78 74 66 58 51 47 46 47 55 59 53 43 33 26 21 19 20 23 30 44 58 59 57 52 46 43 43 44 47 51 53 54 55 57 60 66 75 87 87 85 84 62 44
104 89 90 103 112 106 91 85 82 78 72 66 62 62 64 64 63 63 66 70 71 69 64 58 50 44 44 50 54 61 69 75 77 78 77 74 72 69 68 72 75 77 83 93 95 86 75 66 53 54 51 51 41 37 57 74 90 95 97 96 95 100 101 98 83 63 47 42 37 39 54 46 51 69 82 88 87 81 76 71 67 63 60 59 58 61 63 60 55 49 42 35 34 36 42 51 61 66 62 59 58 56 56 56 54 54 56 57 59 63 68 73 81 90 101 101 98 90 68 60
111 97 103 118 124 118 102 97 95 90 85 80 77 77 77 77 76 76 77 76 73 70 68 68 66 62 61 63 66 70 74 76 77 78 78 76 74 73 75 75 76 80 86 94 93 79 64 55 52 57 54 57 47 48 71 97 120 126 126 122 122 128 133 134 120 93 65 53 48 44 51 41 45 62 78 88 92 86 79 74 71 68 67 66 66 66 68 67 65 61 58 55 56 59 64 67 69 69 67 66 69 70 70 70 66 64 63 63 66 71 78 85 94 102 111 111 108 103 91 86
113 102 104 125 138 130 113 107 104 100 97 95 93 92 91 88 87 88 89 88 86 82 79 77 74 70 68 68 71 73 74 74 73 73 74 73 75 76 78 78 80 83 89 94 91 79 64 54 55 54 60 66 52 55 81 118 144 147 143 139 139 146 154 155 143 117 80 60 47 46 61 54 52 59 72 86 93 92 85 79 73 70 68 68 68 69 70 71 70 69 68 69 71 73 75 75 75 77 78 82 87 88 88 85 79 75 72 71 74 79 86 95 103 111 119 120 121 124 120 110
116 113 116 130 144 142 124 116 113 109 107 107 106 105 102 99 98 98 100 102 101 97 94 90 85 81 78 76 75 74 73 73 73 74 74 76 78 80 81 82 83 87 90 92 91 86 68 59 58 50 59 70 54 60 94 135 156 156 150 145 146 153 162 163 152 131 95 66 47 46 65 70 62 65 65 79 94 97 93 87 80 74 70 69 69 71 72 73 73 74 76 77 80 82 85 86 90 94 96 99 102 102 100 96 90 86 82 81 84 90 95 103 111 118 124 124 139 138 133 121
121 122 128 137 143 148 134 122 119 116 115 114 115 113 110 107 105 104 104 104 102 100 97 93 90 86 83 81 79 78 77 76 78 79 80 82 85 86 87 88 89 93 93 92 92 84 68 62 61 51 61 67 57 70 108 144 161 160 153 147 148 155 166 168 157 140 111 78 57 50 62 72 62 71 70 77 94 104 103 97 90 81 74 73 73 74 76 76 77 78 81 83 86 90 94 97 102 106 106 107 108 108 107 104 99 96 94 92 95 102 107 111 116 123 127 123 143 141 137 123
124 123 127 138 149 149 142 129 126 123 122 121 121 120 117 114 111 107 104 102 99 97 94 91 89 87 86 85 85 83 82 82 84 85 86 89 91 93 95 96 97 99 97 94 94 86 70 61 60 57 72 64 62 83 118 148 163 162 153 147 148 155 167 171 162 146 125 94 69 57 66 75 70 81 79 78 94 108 111 107 100 90 82 79 78 79 80 81 83 85 87 88 90 94 98 101 105 107 108 110 111 112 112 111 109 108 106 105 107 112 115 117 120 126 127 125 146 144 136 127
124 124 125 135 154 157 145 131 130 130 129 128 127 126 125 121 119 115 110 106 103 99 95 93 91 90 91 91 91 89 88 87 88 90 91 95 97 98 101 103 104 105 102 98 96 92 83 76 73 76 89 70 72 97 125 147 161 161 153 147 148 154 166 171 163 150 137 112 81 63 70 86 87 95 89 86 98 109 114 113 109 100 92 87 84 83 84 85 87 90 93 93 94 97 100 103 106 108 109 112 115 118 120 120 119 119 118 117 119 121 121 123 125 127 131 138 148 142 135 131
124 125 128 134 144 154 148 136 135 136 135 133 131 130 129 127 126 122 118 113 110 106 102 99 97 96 96 96 95 93 92 92 93 95 98 101 102 102 105 108 110 110 108 103 100 97 93 94 94 111 98 76 84 110 131 146 157 158 152 147 146 151 163 170 163 152 143 127 98 75 67 89 105 114 108 101 102 110 117 119 116 108 100 94 90 87 87 88 90 94 96 97 98 101 103 105 109 112 114 118 122 125 127 129 129 129 128 126 127 128 126 124 126 132 140 142 140 140 140 134
126 129 132 134 137 141 143 141 140 140 140 138 134 130 129 128 127 124 121 118 116 112 107 104 101 99 97 97 95 94 94 95 97 100 104 106 107 108 112 114 115 116 112 105 104 103 106 108 110 130 99 83 99 119 133 143 152 154 151 147 146 150 160 166 162 153 147 136 114 91 76 94 121 132 127 115 106 110 118 122 122 116 109 102 97 92 90 90 92 95 97 99 100 104 107 109 112 116 119 123 127 130 134 137 138 138 136 133 132 131 128 125 128 139 143 132 137 148 142 134
128 132 135 138 140 140 141 141 141 141 141 139 135 131 130 129 127 125 122 120 119 116 112 107 104 101 98 96 95 95 97 99 102 105 108 111 113 117 120 121 120 119 113 106 103 106 114 112 116 120 100 96 113 126 133 142 150 153 150 146 146 151 159 163 160 154 150 142 125 106 92 96 126 141 139 123 109 113 121 126 127 122 116 110 104 99 95 92 92 94 96 98 100 104 108 111 114 118 122 127 131 134 138 141 142 142 140 136 133 132 131 131 130 131 131 130 142 153 141 134
131 136 141 145 146 144 145 145 142 140 139 138 135 131 128 126 125 124 123 121 119 117 113 108 105 102 99 97 97 99 103 106 108 110 112 114 117 119 121 121 120 117 113 106 102 104 109 108 113 107 98 108 122 128 134 141 150 153 150 146 146 153 162 165 159 154 152 145 136 120 105 102 121 135 134 116 108 114 122 128 129 127 123 119 113 105 100 97 94 96 97 97 99 102 105 108 112 117 121 126 131 135 140 143 145 144 142 140 138 137 137 134 128 126 131 135 138 142 138 134
134 140 146 150 149 147 148 149 148 145 141 136 133 130 127 124 123 122 121 119 118 116 111 106 104 101 100 100 103 106 110 111 112 112 113 115 119 121 120 120 118 114 110 106 103 103 104 106 104 100 106 120 128 131 135 142 151 153 149 146 148 156 169 171 159 151 151 147 142 131 115 106 110 117 116 109 109 112 118 123 125 126 126 124 120 114 109 103 99 98 98 97 99 103 104 106 109 115 119 125 131 137 142 146 148 148 145 144 143 142 138 133 131 134 136 132 133 137 137 134
136 141 147 151 151 150 151 151 151 149 145 141 139 134 127 123 121 119 118 117 117 115 111 108 106 105 104 106 111 114 115 114 113 113 112 115 118 119 119 120 118 114 111 108 107 108 108 107 105 109 116 123 127 131 135 144 153 154 150 147 151 160 173 176 161 149 149 148 144 137 123 110 110 114 115 115 115 113 114 117 119 120 120 119 118 117 114 108 103 102 102 101 103 107 109 107 110 115 120 125 131 136 140 143 146 146 146 145 144 142 140 140 140 137 134 134 137 139 137 134
136 141 147 152 155 155 155 154 152 149 145 142 140 136 130 126 124 122 119 117 118 118 117 115 113 112 112 115 118 120 119 116 116 118 119 121 123 121 122 123 123 120 116 112 111 112 112 112 115 118 119 122 126 130 135 146 154 155 150 148 152 162 176 178 162 151 150 147 143 138 128 119 119 123 121 118 115 112 111 115 117 117 117 115 114 116 115 110 106 106 107 106 108 113 112 110 111 114 116 120 125 130 132 136 143 145 144 144 146 148 148 146 143 141 140 141 141 139 137 134
135 141 149 155 158 159 158 156 153 149 144 140 137 135 131 128 125 122 122 121 123 126 126 125 123 122 123 126 128 128 127 126 127 129 129 130 130 127 126 126 126 124 120 116 115 116 116 116 118 118 118 120 124 129 136 146 155 155 151 149 154 163 178 179 162 150 147 144 140 136 130 127 128 128 123 117 113 110 112 117 118 117 115 113 113 115 114 111 110 112 113 111 111 113 113 112 111 112 114 120 125 127 130 136 141 144 146 148 149 150 150 148 148 147 146 144 142 140 137 134
137 144 152 156 158 159 160 158 155 150 144 139 135 133 130 126 122 120 122 125 129 132 134 133 131 130 131 132 134 135 135 135 136 136 135 134 132 129 129 129 128 126 122 118 119 119 118 117 116 115 115 117 122 127 134 144 153 156 153 150 154 162 176 178 160 148 144 141 137 133 131 131 134 133 127 118 113 111 112 117 118 118 117 116 118 118 118 118 118 119 118 115 113 112 112 112 112 112 115 120 126 129 132 139 142 144 148 152 153 153 153 153 152 150 147 144 143 140 137 133
136 144 150 154 154 155 157 159 158 153 147 141 137 135 131 127 123 123 127 131 135 137 137 137 135 135 136 138 139 141 142 141 141 140 139 138 136 133 132 132 131 127 123 121 120 119 117 115 112 112 113 116 120 125 131 141 150 154 152 150 153 160 172 172 157 146 142 138 134 131 129 131 135 137 131 123 118 117 117 118 118 117 116 117 120 122 123 124 126 127 126 122 119 117 116 115 116 118 121 125 129 132 134 139 145 146 149 153 154 154 154 154 152 149 146 144 142 140 136 133
134 141 148 152 151 152 156 160 160 155 148 143 140 138 136 133 131 131 134 137 139 139 139 140 138 139 141 143 145 145 145 144 142 141 142 140 137 135 134 134 131 128 125 122 119 116 113 111 109 110 113 117 120 124 131 140 148 152 150 148 151 157 167 168 156 146 140 137 134 130 128 129 134 137 134 128 125 125 125 125 124 120 117 118 122 125 127 129 132 134 133 129 125 123 121 120 121 122 124 128 131 135 137 141 144 147 149 151 152 153 154 154 152 149 145 143 141 139 136 133
134 141 148 151 151 152 157 161 160 155 147 143 140 139 139 139 139 138 139 140 141 141 142 142 141 141 143 146 148 148 147 146 143 142 144 141 136 133 133 132 130 127 124 120 115 111 109 107 106 108 112 116 120 124 131 140 146 149 147 146 148 153 162 163 155 146 140 136 133 130 128 128 131 133 133 130 128 129 130 131 130 126 123 123 127 131 132 134 138 141 140 135 131 129 126 124 125 126 126 129 132 136 139 142 144 145 147 149 150 153 154 153 151 148 144 142 141 137 134 131
135 141 147 151 151 153 157 160 158 153 145 142 142 141 141 143 144 142 141 141 142 142 143 144 143 143 145 149 151 152 150 147 145 145 145 138 132 130 131 130 128 124 119 113 108 107 105 103 103 107 112 116 119 123 130 138 143 145 144 144 146 150 157 157 152 146 140 134 130 128 127 127 128 128 129 129 130 132 134 136 135 130 128 129 133 137 139 141 142 144 144 140 136 135 131 127 128 129 129 131 133 137 140 143 145 145 146 148 149 153 154 151 149 146 142 141 140 136 133 130
134 139 145 149 151 152 154 155 154 150 144 143 145 145 143 144 144 143 142 142 144 144 145 146 146 145 147 151 154 154 151 148 147 147 144 135 129 129 128 127 123 118 113 107 103 102 101 99 101 107 112 116 118 122 128 135 139 142 142 142 144 147 151 151 147 143 138 132 128 125 124 124 124 124 125 127 130 134 138 141 139 134 132 134 138 142 144 145 145 145 144 140 138 138 135 132 130 131 132 133 134 137 140 143 144 144 145 148 149 151 151 149 145 143 141 140 138 135 131 127
132 137 142 147 151 152 151 151 151 149 146 147 148 147 146 145 145 144 144 146 148 149 150 151 149 147 149 152 156 156 151 148 147 146 142 135 130 127 123 119 115 110 105 101 98 97 97 97 100 107 113 116 118 123 129 135 138 138 139 141 143 145 148 147 143 140 136 131 127 124 122 120 119 119 120 123 128 133 139 141 139 136 136 139 142 144 146 147 147 147 144 140 140 141 140 138 135 133 134 135 135 137 139 141 141 143 146 149 149 149 149 146 143 141 139 137 135 132 128 125
131 135 140 145 149 150 150 151 150 150 150 150 148 148 149 149 147 145 147 150 151 152 154 154 151 151 152 154 155 154 151 147 145 142 139 133 125 120 113 107 105 102 99 96 95 95 95 96 101 108 113 116 119 124 131 137 138 137 137 139 142 144 146 145 142 139 135 130 126 123 120 117 115 114 116 119 123 128 134 137 136 136 138 141 143 145 146 147 148 148 144 140 141 143 145 143 139 136 137 139 138 137 137 140 140 142 146 147 147 145 145 143 141 140 138 135 133 130 126 123
128 132 136 141 143 144 146 148 148 149 149 149 149 150 151 151 148 145 147 149 150 152 155 155 155 156 154 152 151 151 149 146 144 140 135 125 114 106 100 98 99 99 96 94 94 96 96 98 104 109 113 115 119 124 131 138 139 137 137 139 141 144 146 144 140 137 134 129 125 121 118 115 112 111 112 115 118 122 127 128 128 131 135 139 141 143 144 145 146 146 142 140 143 146 147 144 140 139 141 142 142 139 137 139 139 141 144 145 144 142 141 140 140 140 137 134 132 129 126 123
125 129 133 136 137 139 141 143 145 147 148 148 148 149 150 150 148 145 146 149 151 154 154 155 157 156 152 149 148 148 147 144 141 136 127 113 100 93 93 95 96 95 94 94 95 97 98 101 106 110 112 116 120 124 130 136 139 138 138 140 142 145 147 145 141 138 134 128 123 119 117 114 112 111 110 111 113 116 120 119 119 123 129 133 137 141 142 144 146 144 141 142 145 147 147 144 142 142 144 144 142 140 138 138 139 141 143 143 141 139 138 138 138 139 137 134 131 129 125 123
122 126 129 131 132 134 137 140 144 147 148 147 147 147 147 148 148 147 147 148 152 154 154 155 155 153 151 149 148 146 143 139 133 125 113 97 87 86 90 93 92 93 94 96 97 98 101 105 109 110 114 118 121 124 129 135 139 139 139 141 144 148 151 150 144 139 134 127 122 118 115 114 113 112 111 111 111 113 116 115 114 117 123 128 134 137 139 142 145 144 142 144 147 147 146 146 145 144 145 145 142 141 140 137 140 142 143 142 139 137 137 137 137 138 136 133 130 128 124 121
118 121 123 125 128 131 135 140 145 147 147 145 145 145 145 147 149 149 148 148 150 152 154 155 155 153 151 149 147 143 138 132 123 113 99 84 79 84 90 91 92 95 97 99 99 98 102 108 111 112 115 120 124 128 133 139 141 140 139 142 147 153 160 160 151 142 135 127 121 117 116 116 114 113 112 113 112 112 115 115 113 114 117 124 131 135 138 141 143 142 143 145 147 146 147 148 146 144 145 146 145 145 143 139 141 142 141 139 137 135 135 136 136 136 134 131 128 126 122 120
114 116 118 121 125 130 135 141 147 148 146 146 146 147 146 147 149 150 149 147 149 151 154 156 156 154 150 148 143 138 133 125 114 101 87 76 76 84 89 92 96 101 104 103 101 102 105 110 114 116 118 122 129 138 144 148 145 141 141 144 149 160 174 180 169 151 138 129 123 118 118 119 116 114 115 117 115 113 115 117 114 111 112 118 127 133 136 138 139 140 141 144 146 147 150 150 148 145 146 148 149 148 143 139 140 139 137 136 135 133 133 133 133 133 131 128 126 123 120 118
111 112 115 120 125 130 135 139 144 146 146 146 147 148 148 147 146 148 148 147 148 150 152 153 153 150 147 143 138 132 126 117 103 90 79 72 77 85 90 96 102 108 111 110 107 108 111 114 120 122 123 128 137 149 157 157 150 142 142 146 152 167 188 201 193 168 144 132 125 121 121 122 120 117 120 122 119 114 113 116 115 110 109 114 123 129 132 134 135 136 139 143 146 149 151 153 152 148 146 148 149 147 144 138 136 136 135 135 134 133 132 131 131 130 127 125 123 121 119 117
109 110 114 119 125 129 133 136 140 143 143 144 145 146 147 146 145 146 148 148 148 148 148 148 147 143 139 137 132 126 119 108 93 81 72 71 79 87 94 102 107 112 115 115 114 114 115 119 124 126 128 135 146 157 163 160 150 141 141 145 152 170 195 211 207 179 148 132 125 122 124 125 125 124 125 125 122 116 113 114 116 112 109 111 118 125 128 130 132 134 138 142 146 149 149 151 151 146 144 146 148 147 144 139 135 136 136 135 135 133 131 130 129 127 125 122 121 120 118 115
109 111 115 119 125 129 132 134 137 141 142 144 144 143 143 144 145 147 148 146 145 146 147 146 144 137 132 130 128 121 111 97 84 75 70 72 80 88 97 106 111 116 119 121 121 120 120 121 123 122 124 132 143 155 158 153 145 138 136 139 145 160 183 196 194 174 147 130 123 122 125 129 131 132 131 129 127 121 115 112 113 113 110 110 114 121 125 127 129 132 136 141 146 147 148 149 148 143 141 144 147 148 145 141 137 136 137 135 133 131 130 129 128 125 122 119 119 118 116 114
111 113 116 121 124 127 130 132 136 141 144 145 146 144 143 144 145 146 146 144 144 145 146 146 143 135 126 124 123 115 102 89 79 72 69 72 78 87 98 107 113 118 123 126 125 124 122 118 114 109 110 116 125 134 139 137 134 131 128 130 134 141 153 159 160 150 135 123 118 120 125 130 136 139 138 135 133 127 117 111 112 113 111 110 112 115 120 123 126 129 133 139 144 146 148 149 147 143 140 142 146 147 144 141 138 136 136 134 130 129 128 127 125 122 119 117 117 116 114 111
112 114 117 120 123 125 127 130 135 140 143 144 146 146 146 146 145 144 144 144 144 145 145 145 142 134 126 122 119 108 95 83 75 69 69 74 79 89 100 109 114 119 123 125 123 120 116 108 100 95 95 98 104 111 117 119 121 121 119 119 121 124 127 127 127 124 119 113 110 114 121 127 134 139 142 141 138 132 122 115 115 116 115 112 110 112 115 119 123 127 131 135 141 143 146 147 145 142 140 140 144 144 142 139 137 135 135 132 128 127 126 124 122 119 117 116 116 114 111 109
111 114 117 119 121 122 125 128 133 137 140 142 144 145 146 145 144 143 144 144 144 145 146 147 143 136 129 124 116 103 89 79 73 69 72 78 81 90 101 107 113 116 118 116 110 104 99 92 85 82 84 88 91 96 101 105 108 110 109 109 109 109 110 110 108 107 105 101 100 105 112 118 126 134 141 143 139 134 125 118 118 121 121 117 112 111 113 116 121 125 128 132 136 138 141 144 144 142 140 140 142 142 140 138 135 133 133 131 129 127 125 123 121 118 116 115 114 113 110 108
112 114 116 117 119 122 125 128 132 135 138 140 142 143 143 143 143 144 145 144 144 146 147 146 142 136 130 123 113 98 85 76 72 73 78 83 84 90 98 104 108 108 105 101 94 86 80 74 70 70 74 79 81 85 89 92 95 97 97 98 96 94 95 96 95 94 92 88 89 93 99 105 113 123 131 135 133 129 123 117 120 126 127 122 115 112 112 115 120 123 125 128 131 132 137 142 144 143 142 140 140 140 139 136 134 131 131 131 130 128 126 123 120 118 116 115 114 113 110 107
111 113 114 116 118 122 125 128 130 133 136 138 139 140 140 141 143 145 145 144 145 148 147 144 138 132 125 117 107 93 81 75 74 79 85 87 86 89 94 97 98 95 90 84 75 64 57 52 49 52 61 68 73 77 79 81 82 82 83 84 81 80 81 81 82 80 77 73 73 75 78 84 93 103 111 117 120 121 117 115 122 131 132 126 119 114 112 114 118 120 122 125 127 130 136 142 143 143 142 140 140 140 138 135 133 131 131 131 130 128 126 123 120 117 115 114 113 112 109 105
110 111 113 115 118 121 124 125 128 131 133 136 137 138 140 142 145 147 146 145 146 147 145 140 134 127 120 113 102 90 80 78 81 86 91 92 90 88 89 89 87 81 74 63 49 35 27 23 23 29 42 54 64 69 71 71 70 68 68 69 67 66 67 68 68 64 60 54 51 48 48 53 62 74 85 97 106 110 109 111 120 131 134 131 124 117 114 115 118 119 121 125 128 132 137 141 143 142 141 139 140 139 137 135 133 132 132 130 129 127 126 123 120 116 113 113 112 110 106 103
109 111 113 115 117 119 121 123 126 128 131 134 137 139 141 143 145 146 146 145 145 144 142 138 133 126 119 112 101 90 83 84 90 95 97 97 96 91 85 81 75 68 58 44 28 18 14 14 18 25 34 46 58 64 64 62 59 56 54 55 55 55 58 60 58 52 46 39 34 31 28 28 33 47 64 81 93 100 102 109 121 130 135 134 128 120 116 117 118 119 122 127 131 135 138 140 140 140 139 139 140 139 138 136 134 133 131 129 128 128 126 124 120 115 112 111 110 108 103 100
109 111 113 114 116 118 120 122 125 128 130 133 136 139 141 143 144 144 143 143 142 141 139 134 130 125 120 113 102 94 91 94 100 102 102 102 101 95 86 76 67 58 49 37 29 27 29 34 41 48 52 57 63 64 61 56 52 48 45 46 48 52 58 64 65 62 56 53 48 45 40 33 31 37 51 66 80 92 103 114 124 130 134 135 130 123 119 119 120 122 125 131 136 138 138 137 138 139 139 140 140 139 138 137 135 133 131 129 128 128 126 124 118 113 110 109 108 105 100 99
108 110 112 113 115 117 120 122 125 127 130 132 134 136 140 143 143 142 142 142 142 141 137 130 125 123 120 113 104 100 101 105 109 109 107 107 107 103 95 82 68 58 50 44 44 48 53 58 67 74 77 79 77 71 64 57 51 48 46 46 51 59 68 79 87 90 87 85 80 74 67 58 51 48 52 62 77 94 110 120 126 129 132 134 131 127 124 123 123 125 129 134 138 139 137 137 138 140 140 140 140 139 138 137 135 132 130 129 128 127 125 123 117 111 108 107 106 103 99 98
107 109 111 112 114 116 119 122 124 126 129 131 133 135 138 141 142 142 142 143 142 141 137 130 125 124 121 116 110 110 112 115 116 115 112 113 113 111 108 99 85 74 65 61 64 69 74 78 84 90 94 95 90 83 74 67 61 58 58 57 62 71 82 94 105 110 109 107 100 91 82 74 67 63 65 75 93 110 121 125 127 128 131 134 133 131 129 128 128 130 133 135 139 139 137 138 139 140 140 140 140 139 138 136 134 132 130 129 128 126 124 121 116 111 108 106 104 102 99 97
105 107 110 111 113 115 118 120 123 125 128 131 133 135 138 141 142 142 143 143 143 142 140 136 132 129 125 121 119 119 121 122 123 121 118 119 118 116 115 112 105 97 87 81 82 84 87 89 94 103 106 107 104 98 92 86 79 77 75 72 75 84 94 104 113 117 116 115 109 100 91 84 79 78 84 97 112 122 127 129 128 128 130 134 134 134 134 133 133 134 135 137 139 140 139 139 141 140 139 140 140 139 137 135 132 130 129 128 127 125 122 120 115 110 107 104 102 101 98 96
104 107 109 111 112 114 117 120 122 124 127 131 133 136 138 139 140 141 142 142 142 143 142 140 136 133 129 126 125 126 127 127 127 124 122 122 121 119 117 116 114 110 104 99 98 98 97 97 102 111 115 116 116 115 111 106 98 94 89 83 88 99 108 115 118 121 122 122 117 110 104 99 97 101 109 116 123 126 127 128 127 127 130 133 134 134 135 135 137 137 136 138 141 141 140 140 141 140 139 139 139 138 135 132 130 128 127 126 124 122 120 117 113 109 105 102 101 100 98 96
104 106 108 110 111 114 116 119 121 123 126 130 132 134 136 136 137 139 139 139 141 142 142 140 138 136 133 131 131 132 132 131 130 127 124 123 121 120 120 119 117 115 111 109 108 107 105 104 109 117 122 122 125 128 127 122 115 107 99 93 100 114 122 124 127 129 127 125 121 118 116 114 114 118 123 124 125 125 125 126 126 127 131 133 133 134 134 137 138 137 136 139 141 140 139 139 139 139 138 137 136 135 133 130 128 126 125 124 122 119 116 113 110 107 103 101 100 100 98 96
103 105 107 109 111 113 115 117 119 122 125 128 130 132 133 135 136 136 136 137 139 140 140 140 140 138 137 136 136 135 134 133 130 127 125 123 121 120 120 120 117 116 113 110 110 111 111 110 114 123 128 129 132 137 137 134 128 118 107 102 111 124 130 130 133 133 129 125 120 119 120 120 120 122 125 125 124 124 124 124 125 129 132 134 133 133 134 136 137 137 137 139 140 138 137 136 136 138 137 134 133 132 130 127 126 125 124 122 119 117 113 110 107 105 103 101 100 99 97 95
102 104 106 108 110 112 114 115 117 120 124 127 130 131 132 134 136 136 135 137 138 138 139 140 140 140 139 138 138 137 136 133 130 126 123 122 120 119 118 117 116 117 114 110 110 113 114 114 118 126 132 134 137 142 143 141 134 124 109 106 116 126 130 133 135 132 127 122 118 119 121 118 117 120 122 124 124 124 123 123 125 129 132 134 134 134 135 136 137 137 137 139 139 137 135 135 136 136 134 132 131 130 128 127 125 123 122 119 117 113 110 107 105 104 103 101 99 98 95 94
100 103 105 107 109 111 113 114 115 118 122 126 129 130 131 133 135 137 137 138 138 137 138 139 141 141 140 139 139 138 137 133 129 124 121 120 117 116 115 115 115 117 117 113 113 116 116 116 120 126 131 135 139 143 142 138 132 123 109 109 118 124 130 134 134 130 124 118 116 120 122 117 115 116 118 121 123 122 120 120 122 127 130 131 133 134 135 136 138 139 138 138 138 136 134 135 135 134 132 131 130 128 126 125 124 122 119 116 114 111 108 105 104 104 103 100 98 97 94 92
99 101 104 106 108 110 112 112 114 116 120 124 127 129 130 132 134 136 137 137 137 137 139 140 141 142 141 140 140 139 137 134 129 123 120 117 112 110 109 111 113 116 117 116 117 116 114 116 120 125 129 133 138 140 134 129 126 120 110 111 117 122 130 134 134 130 122 118 117 121 124 121 117 115 115 116 117 117 114 114 118 123 124 126 130 134 135 136 139 140 139 139 138 136 134 134 132 130 129 128 127 125 123 123 122 119 116 114 112 110 107 105 104 104 102 99 97 96 94 92
98 100 102 104 106 108 110 111 113 115 119 123 125 128 130 132 133 134 135 135 136 138 140 142 142 142 141 140 139 137 135 131 126 120 116 113 108 105 104 105 109 112 116 118 120 117 113 116 120 122 124 128 133 134 127 120 118 113 107 109 113 121 130 134 134 130 124 120 120 124 126 126 124 120 116 113 112 111 107 107 111 116 116 120 127 131 132 135 138 139 139 139 137 135 133 131 129 127 125 125 123 121 120 120 119 117 115 113 112 110 107 106 105 104 101 98 96 95 94 92
96 98 101 103 104 106 108 110 113 116 119 121 123 125 129 131 132 133 133 134 135 137 140 141 142 141 139 138 137 133 129 124 119 113 108 106 105 105 105 106 108 111 115 120 121 117 114 116 118 117 116 119 124 127 123 117 112 106 103 105 110 121 130 133 133 129 125 121 122 125 126 127 127 124 119 113 109 107 103 101 102 107 112 117 122 125 127 130 135 137 137 137 136 133 132 130 127 124 122 121 120 119 119 119 118 116 114 113 112 110 108 107 106 103 100 98 97 95 94 92
95 97 100 101 103 104 106 109 112 115 118 119 121 124 128 130 131 131 132 133 134 136 138 140 140 138 136 135 133 128 123 118 113 107 101 99 99 100 105 110 112 113 116 119 118 114 112 112 111 111 113 115 118 121 120 115 109 103 101 104 111 119 124 127 127 123 119 118 121 124 124 124 124 123 120 112 108 106 101 98 98 103 109 110 112 116 119 124 130 133 134 134 133 132 130 128 125 122 120 119 119 119 120 119 117 115 114 112 112 110 108 107 105 102 100 99 97 95 93 91
94 96 99 100 101 102 105 107 110 113 116 118 120 122 126 128 129 129 129 131 133 134 136 137 138 136 133 130 128 124 118 113 106 101 96 94 95 98 104 111 114 115 115 114 111 108 106 104 103 103 106 107 110 113 115 114 109 105 104 107 112 114 113 114 113 110 108 110 116 120 121 122 122 122 120 114 111 109 105 103 101 103 102 98 100 107 113 120 127 129 130 131 131 130 128 126 124 122 120 119 120 120 120 120 117 114 112 111 110 109 107 106 104 102 101 99 97 95 93 90
94 96 98 99 100 100 103 106 109 112 114 116 118 120 123 126 126 126 127 129 130 131 132 134 135 133 128 124 120 115 109 104 98 95 93 94 97 102 109 114 115 114 112 108 106 102 98 94 91 89 91 94 97 101 104 106 105 105 105 107 107 106 103 101 99 97 96 99 107 111 115 118 120 118 117 115 114 112 109 108 105 102 96 91 95 102 110 118 123 124 125 128 129 129 127 125 124 122 121 120 121 121 120 119 116 113 111 110 109 108 107 105 104 102 100 97 96 95 93 88
95 96 98 98 99 99 101 104 108 111 113 114 115 117 120 123 124 124 124 127 127 128 129 130 132 129 124 118 112 106 99 94 92 94 95 97 101 106 111 114 113 110 107 103 97 91 86 83 81 81 83 84 88 90 92 95 97 97 99 100 98 97 95 93 91 91 90 91 94 97 103 109 114 113 114 116 116 113 113 112 108 101 93 91 94 101 109 118 120 118 120 125 127 127 126 125 124 123 121 121 121 120 119 117 115 112 110 108 108 107 106 104 102 100 98 97 95 95 91 85
95 96 97 98 98 99 100 102 106 109 111 112 112 114 118 121 122 122 123 126 127 127 128 128 128 126 121 113 106 103 99 92 90 94 98 101 104 109 111 112 109 102 97 91 84 77 76 76 78 79 80 80 81 81 82 84 87 87 89 90 88 88 87 87 88 89 88 87 86 87 91 98 105 106 109 114 117 116 115 112 107 99 92 91 94 100 110 116 115 113 116 122 124 124 124 123 123 122 121 120 120 119 116 115 113 111 109 108 107 106 104 102 101 99 99 98 96 93 88 83
93 95 96 96 97 98 99 101 104 107 110 112 112 114 116 119 120 120 122 125 127 127 127 126 125 122 116 107 101 98 97 94 90 92 96 99 103 108 109 107 101 90 82 75 70 69 71 74 75 76 76 75 75 75 75 77 78 77 79 81 80 80 80 82 85 87 86 84 82 81 83 87 92 94 99 107 114 116 113 108 105 98 91 90 94 101 108 109 106 105 111 118 120 121 121 121 121 120 119 118 118 116 114 113 112 110 109 108 107 105 103 102 100 100 101 99 96 93 85 79
92 94 95 96 97 96 97 99 102 106 110 112 113 114 116 118 119 119 121 124 126 126 125 123 121 117 110 100 92 90 93 94 91 89 91 94 99 102 101 97 87 76 68 64 63 64 67 69 69 70 70 69 68 68 68 68 68 68 71 73 71 72 73 75 79 82 82 80 77 75 74 75 77 78 82 91 102 108 107 104 103 98 93 93 95 99 103 101 97 99 108 114 116 117 117 118 118 117 117 116 115 113 112 111 111 109 108 107 106 104 102 100 100 100 100 98 94 89 83 76
92 94 96 97 96 95 96 97 101 105 109 111 112 113 115 117 118 119 121 123 124 124 122 119 115 111 104 94 86 86 90 93 90 86 86 88 91 92 88 82 71 62 58 57 57 58 59 61 61 61 62 61 60 59 58 57 57 59 62 64 64 64 65 67 71 75 76 74 70 67 66 65 66 65 67 76 86 93 96 97 99 97 94 91 92 95 97 95 94 100 108 111 113 114 115 114 114 114 114 113 112 110 110 110 109 108 106 105 104 102 100 99 99 98 98 96 90 85 80 74
92 95 97 97 96 94 95 97 100 104 107 109 110 111 114 116 117 118 120 123 123 122 120 116 112 107 99 90 84 83 85 86 85 82 81 80 81 79 72 65 56 50 49 49 50 50 51 52 52 52 53 53 52 51 49 49 50 52 54 56 57 57 58 59 62 66 67 65 61 58 57 57 56 55 56 61 67 75 81 85 89 90 88 86 88 92 93 93 96 104 109 110 112 113 113 112 112 112 111 110 109 108 108 108 107 106 104 103 102 101 99 98 97 96 95 93 87 84 77 73
92 94 96 97 95 93 94 96 99 102 104 105 107 109 113 114 115 117 119 121 121 120 119 117 114 105 94 87 83 81 81 79 77 75 73 70 68 64 57 50 44 40 40 40 41 41 43 44 44 44 44 44 44 44 44 44 45 46 47 50 51 51 50 51 52 55 55 54 52 50 49 48 47 45 46 48 52 59 64 70 75 77 77 79 83 88 90 92 98 106 109 109 111 113 112 111 111 110 109 108 107 107 106 106 105 103 103 102 102 101 99 97 96 94 92 89 85 81 74 72
90 93 95 95 94 93 93 94 97 99 101 103 105 108 110 112 114 116 118 119 120 119 118 117 113 103 90 84 81 80 77 73 68 64 60 56 54 50 43 39 35 33 32 33 34 35 37 38 37 37 37 37 38 40 40 41 40 39 40 45 46 44 43 43 44 45 46 45 43 43 42 41 38 37 37 38 42 47 51 54 58 61 63 68 74 81 84 89 98 105 107 108 109 110 110 110 110 109 108 107 107 106 105 104 103 102 101 101 101 99 97 95 94 91 89 86 82 78 70 73
88 91 93 94 93 92 92 93 95 97 100 102 105 107 109 111 113 115 116 117 118 118 116 115 110 97 84 81 81 78 73 67 58 52 46 43 42 39 34 30 28 27 27 29 30 32 35 36 36 36 34 34 35 37 37 37 36 34 36 39 41 39 39 40 41 43 44 43 43 43 43 41 38 35 34 35 37 38 42 43 44 45 48 55 63 71 78 88 99 104 105 104 106 109 110 110 109 108 107 107 106 105 105 103 102 101 101 100 98 96 94 91 91 88 85 83 80 73 67 74
86 89 91 93 93 92 92 93 95 97 99 102 105 106 108 109 111 112 111 111 113 114 113 112 105 92 80 79 80 74 67 59 50 41 34 31 32 31 27 26 26 28 30 33 37 42 45 48 51 52 48 47 46 46 49 49 49 50 49 49 51 49 50 52 54 57 57 57 57 59 59 56 51 48 46 45 43 40 40 39 37 37 40 46 55 63 73 85 94 97 98 99 104 108 110 111 109 108 107 106 105 105 104 103 101 100 100 98 94 92 90 88 88 86 82 79 75 66 64 70
84 86 89 91 93 93 93 93 95 97 99 102 103 105 107 108 109 108 106 105 107 110 111 109 104 94 84 79 77 69 60 52 44 36 31 29 29 30 30 33 40 46 48 52 60 65 68 72 76 79 77 75 70 70 74 75 76 79 75 74 76 72 74 78 81 82 82 80 80 80 81 79 76 73 70 68 64 58 54 47 41 40 45 49 55 62 71 80 87 90 93 97 103 108 110 110 109 107 106 104 104 104 104 103 101 99 97 94 90 88 87 86 87 85 80 76 70 61 63 66
81 84 87 90 92 92 93 94 95 97 99 100 101 104 106 107 108 107 104 104 106 109 109 106 103 98 89 82 74 66 57 51 46 42 41 42 41 42 47 54 65 70 68 72 79 83 85 88 91 95 98 98 93 91 95 95 98 100 97 96 96 90 91 98 101 101 101 99 99 99 98 96 95 92 87 84 80 76 71 65 58 55 59 61 64 68 73 79 84 89 93 98 104 107 109 109 108 107 105 104 103 103 103 102 99 97 94 90 86 85 85 85 85 82 77 72 64 59 62 63
80 82 86 88 90 91 93 94 95 96 97 98 99 102 104 106 107 107 105 105 107 108 107 103 100 97 91 82 73 65 60 57 58 59 61 62 60 61 65 71 77 80 79 83 87 90 93 96 99 104 109 111 107 106 109 109 110 110 108 110 108 100 101 110 114 115 114 115 115 112 108 106 103 101 96 92 89 86 81 79 76 74 76 76 75 76 78 81 86 91 96 100 104 107 108 108 107 106 104 103 102 101 100 99 96 92 90 87 84 84 83 83 81 77 73 66 59 63 62 68
78 80 84 86 88 89 91 93 94 95 96 97 98 100 103 104 105 106 106 106 106 108 106 104 100 96 91 83 74 68 66 68 71 74 77 77 75 76 78 79 81 82 84 88 91 92 94 99 104 107 112 115 114 114 116 115 113 112 110 115 114 108 109 118 122 125 123 125 123 114 110 108 107 106 102 96 93 90 87 87 88 89 88 87 84 83 83 85 88 93 97 101 104 105 106 106 105 104 102 100 99 98 96 94 91 89 87 85 84 82 81 80 77 72 69 62 57 60 57 74
75 78 81 84 86 87 89 91 93 94 94 95 96 98 101 103 103 104 104 104 105 106 106 105 102 97 91 85 79 76 76 78 81 84 85 84 83 85 85 84 83 84 86 89 91 91 92 98 102 105 108 114 115 114 116 118 115 112 110 116 117 114 116 122 126 128 125 124 120 111 106 103 104 104 102 97 94 91 89 92 93 94 94 92 90 88 87 88 91 94 97 100 102 103 104 104 103 101 99 98 96 94 92 91 89 87 86 84 82 80 78 76 73 69 64 58 53 51 53 76
72 75 78 81 83 85 86 88 90 92 93 93 94 96 99 100 100 100 101 101 103 105 105 104 101 96 90 86 82 82 84 87 89 92 91 89 86 87 87 85 82 82 85 88 88 87 89 95 96 97 102 108 109 108 111 113 112 108 108 112 114 114 116 121 124 124 120 116 110 104 100 98 97 97 95 93 91 89 89 91 93 94 95 95 94 91 89 89 90 93 96 98 100 101 102 102 101 100 98 96 94 91 89 88 86 84 82 80 79 77 75 73 70 65 59 52 41 38 47 70
69 72 75 78 80 82 84 86 88 89 90 90 92 94 96 97 97 97 98 98 101 101 100 99 96 92 90 88 86 87 90 93 96 97 96 93 89 88 85 82 78 77 81 83 83 82 84 89 89 88 92 98 100 101 103 104 104 102 102 105 105 106 108 111 113 111 108 103 98 96 94 92 90 89 87 86 85 86 87 89 91 94 96 97 95 92 90 88 89 92 94 96 98 99 100 100 99 98 96 94 91 89 86 85 83 81 79 77 76 74 72 69 65 59 53 41 25 25 36 56
65 69 72 75 78 80 81 83 85 86 87 88 89 91 93 94 94 94 95 95 95 94 93 94 91 89 88 89 90 92 93 95 98 100 99 96 92 90 87 82 76 74 76 77 76 76 78 80 80 80 82 86 88 90 91 91 91 90 91 93 90 91 92 93 95 94 92 89 87 86 85 83 81 81 81 81 81 84 87 89 91 93 96 96 94 91 89 88 89 91 93 94 95 96 96 96 96 95 93 91 89 86 84 82 80 78 77 75 73 71 68 65 60 53 44 28 18 17 19 36
61 66 69 73 75 77 79 80 82 83 84 85 87 88 90 91 93 92 91 90 89 89 90 91 90 88 88 91 94 95 95 95 97 100 100 98 94 91 89 84 78 74 74 74 72 71 71 71 70 70 71 72 75 76 76 77 77 76 76 76 72 74 74 75 77 78 77 76 75 74 74 73 73 74 76 77 80 84 88 89 91 93 94 94 93 90 88 89 91 91 92 92 93 93 94 94 94 92 90 88 86 84 82 80 78 76 75 73 71 68 65 60 53 46 31 17 17 14 9 18
56 62 66 70 72 74 76 78 79 80 81 83 84 86 88 89 91 90 89 88 87 87 88 88 89 89 89 91 95 97 96 95 97 99 100 99 96 92 89 84 79 76 74 73 70 68 66 63 62 60 59 59 60 60 60 61 62 61 60 58 56 57 58 59 60 62 63 63 64 63 64 65 67 70 73 75 80 85 87 89 91 93 93 93 92 89 89 90 91 90 90 91 91 91 92 92 91 89 87 85 83 81 79 77 75 74 73 71 68 65 60 55 47 34 19 14 16 10 8 10
48 56 62 66 69 72 74 76 77 78 79 81 82 84 86 87 89 89 88 88 87 87 86 85 86 87 88 90 93 94 93 94 96 98 98 99 97 93 88 83 79 76 73 71 67 63 60 57 54 51 50 48 47 46 44 44 43 41 41 40 39 42 43 45 46 49 51 53 54 55 57 60 63 67 70 73 78 83 87 89 92 93 93 92 90 89 90 90 89 89 89 89 89 90 89 89 87 86 83 81 80 78 76 75 74 73 71 68 65 61 56 47 36 21 13 14 13 7 6 8
38 48 57 61 66 68 71 73 75 76 78 80 81 82 84 86 87 87 87 86 85 85 83 82 83 85 87 89 90 90 91 92 95 96 96 96 96 92 87 81 77 74 71 67 63 59 55 51 48 44 42 40 39 37 35 34 31 30 29 29 29 31 33 35 37 40 43 46 48 50 53 57 60 64 68 73 79 84 87 91 93 94 93 91 90 89 90 90 89 89 89 89 88 88 87 85 84 83 80 78 77 75 74 73 72 71 69 67 63 58 50 37 22 11 12 14 9 6 6 8
28 38 49 56 61 65 68 70 73 74 76 78 79 81 83 84 85 85 85 84 83 82 81 81 82 84 85 87 88 89 89 91 93 93 93 94 96 92 86 80 75 72 70 68 65 60 56 51 48 44 41 40 39 38 36 35 33 32 32 32 32 32 33 34 36 39 43 46 49 52 54 57 60 65 70 75 82 86 89 91 92 93 92 90 90 90 90 90 90 90 90 89 88 86 85 83 82 80 78 76 75 74 72 71 70 68 67 63 57 51 40 25 12 9 12 13 7 6 6 7
20 27 39 48 56 60 64 67 70 72 74 76 77 78 81 82 83 82 81 81 81 81 81 81 82 83 85 87 87 87 88 89 89 88 89 91 94 92 87 81 76 73 72 72 70 66 62 58 54 50 47 47 46 44 43 41 40 41 42 42 42 42 42 41 42 45 48 52 55 59 60 62 65 69 74 80 84 87 89 90 90 90 90 90 90 90 90 91 91 92 91 89 87 85 84 82 80 79 77 75 74 72 71 69 68 66 63 58 50 42 30 15 8 9 13 10 5 5 6 7
13 19 28 38 48 55 60 64 67 69 71 72 74 75 77 79 79 79 78 78 79 80 82 82 83 83 84 85 85 85 86 86 85 84 84 87 90 90 87 83 80 77 77 78 77 75 71 67 64 61 58 57 55 54 54 53 54 56 56 56 55 55 55 53 54 55 57 61 65 67 68 69 71 75 79 83 86 88 89 89 89 89 89 90 90 90 90 91 92 92 90 88 86 84 83 81 79 78 76 75 73 70 68 67 65 63 59 51 44 34 22 11 7 10 14 7 4 5 6 6
9 12 18 27 40 49 55 60 64 66 69 70 72 73 75 76 77 77 77 77 78 79 80 82 82 82 83 84 83 84 85 86 85 83 83 84 86 87 86 85 84 82 82 82 82 81 78 76 73 71 69 67 66 68 70 72 74 76 74 73 71 68 69 68 68 69 70 73 74 75 75 75 76 79 83 85 86 88 90 90 89 89 89 90 89 90 91 92 92 91 89 87 86 84 83 81 78 77 76 74 72 70 67 66 63 59 53 44 40 31 18 9 7 13 12 5 4 5 6 6
6 7 10 18 31 44 51 55 60 63 66 68 70 71 73 74 75 75 77 77 78 78 79 80 80 80 82 82 82 83 84 86 85 83 83 83 84 85 85 84 85 85 85 85 85 85 84 82 82 82 81 80 81 85 89 91 93 94 94 93 91 88 87 86 85 85 85 86 85 84 82 81 81 84 86 86 87 88 89 90 89 89 88 89 89 90 91 91 91 91 89 88 86 85 84 82 79 76 75 73 71 68 65 63 59 55 48 42 40 30 17 9 8 14 9 4 4 5 5 6
6 7 7 10 24 40 47 51 55 59 63 66 68 70 71 72 73 74 75 77 78 78 78 79 79 79 81 81 81 81 83 84 83 81 81 81 81 82 82 83 84 84 84 84 85 87 89 90 91 92 92 93 97 102 105 105 107 108 109 110 108 105 105 105 105 103 102 101 97 93 90 89 88 89 89 89 88 89 89 89 88 88 88 89 89 90 90 91 91 90 89 88 87 86 85 82 79 76 73 71 69 65 62 59 54 51 46 44 43 30 17 9 11 13 7 3 4 4 5 5
5 6 6 7 20 38 44 48 51 55 59 61 64 66 68 69 70 71 73 75 77 78 78 78 78 78 79 80 79 79 80 82 81 78 78 79 79 79 80 81 82 81 82 83 86 91 95 98 100 100 101 104 109 115 118 119 120 120 121 121 119 118 119 121 121 119 116 113 106 101 99 97 94 93 92 91 91 91 90 89 88 87 88 89 89 89 90 90 90 90 89 88 87 86 84 82 78 75 72 69 65 61 57 54 50 50 49 49 45 31 18 10 13 11 5 3 4 4 5 5
4 5 6 8 20 39 45 46 48 51 54 57 60 62 64 65 67 69 71 73 76 77 78 78 78 78 79 79 78 77 78 81 81 78 77 78 79 79 80 81 81 81 81 83 88 95 101 104 106 108 108 111 116 122 126 127 128 127 127 126 125 125 128 131 132 130 127 123 117 112 108 105 101 99 96 94 93 93 92 90 88 88 89 89 89 88 89 89 89 89 88 87 86 85 83 80 77 73 70 66 61 57 53 50 49 52 54 51 44 31 18 12 13 7 3 3 3 4 4 4
4 5 6 10 25 42 48 47 47 48 50 52 55 57 59 61 63 66 68 71 74 76 77 78 78 79 79 79 78 77 78 81 82 81 80 80 80 80 81 82 82 82 83 87 93 101 107 110 112 114 116 118 123 127 130 131 131 129 128 128 127 130 135 138 138 137 136 134 129 124 118 113 108 104 100 97 95 95 94 91 90 89 89 89 88 87 87 88 88 87 86 85 85 83 81 78 74 70 66 61 56 52 50 50 53 57 57 53 44 30 17 14 11 5 3 3 3 4 4 4
4 5 5 9 24 42 50 50 49 48 48 49 51 53 55 57 60 63 66 68 72 75 76 78 78 79 79 78 78 78 79 81 82 82 81 82 81 81 82 82 82 84 86 92 99 107 113 115 117 118 121 124 126 129 130 130 129 128 126 125 126 131 135 139 140 140 142 142 138 132 125 119 112 107 102 99 97 96 94 92 90 90 89 88 86 86 86 87 87 86 85 84 83 81 77 73 68 64 59 55 51 49 52 56 59 62 60 53 43 26 15 14 7 3 3 3 3 3 4 4
3 4 5 9 21 39 50 53 52 50 48 47 47 49 51 52 55 59 62 65 68 71 74 76 77 78 79 79 79 79 79 81 82 82 82 82 82 82 83 83 84 85 88 94 103 110 115 117 118 120 124 127 127 126 126 126 125 123 122 120 121 125 129 133 135 137 140 141 138 134 127 120 114 108 103 100 98 95 93 91 90 89 88 87 85 85 86 86 85 84 83 82 80 76 71 66 61 56 51 50 50 54 59 63 65 65 59 53 42 24 16 11 5 2 3 3 3 3 3 3
3 4 4 7 18 34 47 54 55 53 51 48 47 46 47 48 51 55 58 61 65 68 71 73 75 76 77 79 79 80 81 81 81 82 82 81 82 83 85 86 85 87 90 96 104 112 115 116 117 120 123 126 125 122 119 118 117 116 115 115 114 115 118 123 127 129 132 133 132 130 125 119 113 109 105 101 97 93 91 90 89 88 87 85 85 85 85 85 84 83 82 79 76 71 65 59 54 49 47 49 53 59 63 66 68 66 58 53 39 22 16 8 3 2 2 2 2 3 3 3
3 3 4 5 15 29 43 53 57 57 55 52 48 46 44 44 46 50 52 56 60 64 67 69 71 73 74 76 78 80 81 82 82 82 82 81 82 83 85 86 87 88 91 96 104 111 114 115 116 117 118 119 118 114 110 108 107 107 107 106 105 105 107 111 115 119 121 124 124 124 121 116 112 109 105 101 95 91 89 88 88 87 85 84 84 84 84 84 82 80 78 75 70 65 59 53 48 46 48 53 57 62 66 68 69 66 59 52 34 21 14 6 3 2 2 2 2 3 3 3
2 3 3 5 14 26 38 50 57 59 59 56 53 49 45 43 43 45 47 50 54 58 61 65 67 69 71 73 75 77 79 80 81 82 81 81 81 83 84 85 86 88 91 95 100 107 110 112 112 111 110 109 108 105 102 100 99 98 97 96 96 97 99 102 105 108 111 113 114 115 115 113 110 108 104 98 92 89 88 88 87 85 83 82 83 83 83 82 80 77 74 69 65 59 52 47 46 48 52 58 62 66 69 70 70 67 59 49 29 20 12 4 3 2 2 2 2 3 3 3
2 2 3 6 16 27 34 46 56 60 60 60 58 54 49 45 42 42 43 45 47 51 55 59 63 66 68 70 72 74 76 77 78 79 79 78 79 80 81 83 85 88 91 93 96 101 104 106 105 103 100 99 98 97 94 92 91 90 87 86 87 89 91 93 97 100 103 105 105 107 109 108 107 105 101 95 90 89 89 89 88 85 83 82 83 82 82 80 76 73 69 64 58 52 47 46 48 54 58 63 67 69 71 71 71 67 58 42 25 21 11 4 3 2 2 2 2 2 2 3
1 2 3 7 19 30 31 40 54 60 61 61 60 57 54 50 44 42 41 41 42 45 49 54 58 62 65 68 70 72 74 75 75 76 75 75 76 77 78 79 82 87 90 91 94 97 99 98 96 94 92 90 89 88 87 86 84 81 77 76 78 81 82 85 89 93 94 97 98 100 102 104 103 101 98 94 91 91 90 90 88 86 84 83 82 82 80 78 73 69 64 58 52 47 45 48 53 59 63 67 70 72 73 73 70 66 55 33 24 22 12 4 3 2 2 2 2 2 2 2
1 2 3 8 22 34 34 35 47 58 61 62 62 60 57 54 50 45 43 41 39 41 43 48 52 56 61 64 67 70 72 74 74 73 73 72 73 74 75 77 80 85 88 90 91 93 93 90 88 86 84 82 80 79 80 80 78 73 68 67 69 72 74 78 82 85 87 90 93 95 96 97 98 97 95 93 91 91 90 89 87 85 84 83 82 81 78 75 69 64 58 52 47 46 47 53 59 64 67 70 72 73 74 73 70 64 47 27 27 25 12 5 3 2 2 2 2 2 2 2
1 1 3 9 24 38 38 35 40 53 60 62 63 61 59 57 54 51 47 44 41 39 40 42 46 51 55 60 63 66 68 71 72 72 71 69 70 70 72 74 78 82 85 86 88 89 88 86 83 81 79 76 74 74 75 76 72 66 62 60 60 64 67 72 75 78 81 84 87 89 88 89 91 92 91 90 90 89 87 86 85 83 82 81 79 78 75 70 63 57 51 47 45 48 52 58 64 68 70 72 74 75 74 73 69 57 35 26 31 26 13 5 3 2 2 2 2 2 2 3
1 1 4 11 25 39 43 40 37 47 58 62 63 62 61 59 58 56 53 49 45 42 39 39 41 44 48 53 57 60 63 66 68 69 69 67 67 67 68 70 73 76 79 80 82 84 84 83 81 78 76 73 70 70 70 70 66 61 57 54 55 58 62 67 71 74 75 78 80 80 79 80 83 85 85 86 86 84 82 81 80 79 78 77 75 73 69 63 56 50 46 46 48 52 58 63 67 70 73 74 75 75 75 73 66 48 29 31 36 28 15 6 4 3 2 2 2 2 2 3
1 1 4 12 27 40 45 45 39 40 53 61 64 64 62 61 60 58 57 55 51 47 42 39 38 39 42 47 51 54 57 60 63 65 66 67 66 65 64 64 66 70 72 75 76 79 80 79 77 75 74 71 68 66 66 64 60 57 53 51 52 55 60 64 66 68 69 71 73 73 72 73 76 78 79 79 79 77 75 75 75 75 73 72 71 68 62 55 48 45 45 49 53 57 62 66 70 73 74 76 76 76 76 72 60 40 31 38 40 30 18 9 4 3 2 2 2 2 2 2
1 1 4 14 32 43 47 46 42 39 49 59 64 65 64 63 62 60 60 59 56 52 48 42 39 38 39 41 44 47 51 54 58 61 63 65 65 63 60 59 60 64 67 70 71 72 72 71 70 69 69 67 65 63 61 59 56 53 50 49 50 54 58 59 60 60 62 65 66 65 66 68 71 73 72 72 72 70 69 70 70 70 69 67 64 59 53 48 45 45 49 53 58 61 65 69 73 75 76 77 77 76 75 69 52 35 37 45 42 32 21 12 6 4 3 2 2 2 2 2
1 2 5 17 35 45 50 50 46 41 43 54 62 65 65 65 63 62 61 61 59 56 53 47 43 40 38 38 39 41 44 48 52 56 59 61 63 62 59 57 57 60 62 64 64 63 63 62 63 63 62 62 61 59 57 55 52 49 48 47 48 50 53 53 53 54 56 59 60 60 60 63 65 65 64 63 64 64 64 65 65 64 62 60 55 50 47 47 48 50 54 58 61 65 68 72 75 77 77 78 77 76 72 62 45 35 43 48 44 33 23 15 8 5 3 2 2 2 2 3
1 2 6 19 37 46 51 52 50 44 41 48 60 65 66 66 65 64 63 63 62 60 56 52 48 44 40 38 37 37 38 41 45 49 53 56 59 58 57 56 55 55 56 56 56 55 54 54 55 56 56 56 56 55 53 51 49 47 45 44 45 46 46 46 47 48 50 52 52 53 55 57 57 56 55 55 57 58 58 57 56 54 52 50 47 45 46 49 52 55 58 62 64 68 72 75 77 78 78 78 77 75 69 53 37 42 52 52 45 33 23 17 11 6 4 3 2 2 2 2
2 2 7 20 38 48 51 53 53 48 42 43 54 65 67 67 66 65 65 65 64 62 60 56 53 49 45 42 39 36 35 36 39 42 46 49 53 53 53 52 52 51 51 50 49 49 48 47 48 49 50 51 51 51 49 47 45 43 41 40 41 41 40 40 41 42 43 44 44 46 48 49 49 47 46 48 50 52 51 49 47 46 44 44 45 47 50 53 57 59 62 65 67 70 74 77 78 79 79 78 77 72 60 44 38 50 58 54 46 34 24 18 12 8 5 3 3 2 2 2
1 2 8 22 40 50 52 53 54 52 46 41 48 62 67 67 67 66 66 66 66 65 62 59 57 54 50 47 43 39 36 34 35 36 38 42 45 47 47 47 47 46 46 45 44 43 42 41 42 43 44 44 45 45 44 43 40 38 36 35 35 35 34 34 35 35 36 36 37 38 40 41 41 39 39 41 43 44 44 43 43 43 44 45 49 52 54 57 60 62 65 67 69 72 75 78 79 80 79 78 76 66 52 39 44 58 61 56 48 36 27 20 14 9 6 4 3 3 2 2
2 2 9 24 43 52 54 54 54 55 51 42 42 58 67 68 68 68 67 67 67 66 64 61 59 58 54 51 48 44 40 37 35 34 34 36 39 40 41 40 40 40 40 39 38 37 36 35 35 36 37 37 37 37 37 36 34 31 30 29 29 29 28 28 28 29 29 30 31 32 34 34 33 33 34 35 36 38 40 42 45 46 49 51 53 56 57 60 63 65 68 69 71 74 77 78 79 79 78 77 72 60 45 40 53 63 63 58 50 38 29 22 16 11 7 5 4 3 3 2
2 3 10 26 43 53 56 55 55 56 55 47 40 50 64 68 69 69 68 68 68 68 67 64 61 60 58 54 51 49 46 43 40 38 36 35 35 35 35 34 34 34 34 33 32 31 30 29 29 30 30 30 29 28 28 27 26 24 23 22 22 22 22 22 23 23 24 25 26 28 29 29 28 28 31 33 35 39 43 46 49 52 55 56 57 58 60 63 66 68 70 71 74 77 78 79 79 78 77 76 67 53 41 46 61 66 65 60 52 42 32 24 17 13 9 6 4 3 2 2
2 3 11 27 44 53 57 57 55 57 56 52 42 43 59 67 69 70 69 69 69 68 68 66 64 63 60 57 54 52 50 48 46 44 43 40 38 35 33 31 30 29 29 29 29 27 26 24 24 24 24 24 23 22 21 21 20 19 18 17 17 17 17 18 19 19 20 21 23 25 27 28 28 29 33 37 41 45 50 53 56 58 59 59 60 61 63 66 69 71 72 73 76 78 79 79 78 78 77 72 59 44 40 54 67 68 66 61 53 43 34 27 20 14 10 6 4 3 2 2
2 5 13 28 45 54 58 59 56 57 57 56 49 41 51 64 69 70 70 70 70 69 69 68 66 64 63 60 57 54 53 52 50 48 48 47 44 41 37 34 33 31 30 29 29 26 24 22 21 20 20 20 19 18 17 17 16 15 15 15 15 15 16 17 18 19 20 23 25 28 31 32 34 37 41 46 49 52 56 58 60 61 61 61 62 64 66 69 71 73 74 76 78 79 79 79 78 78 75 66 51 40 48 64 71 69 66 61 54 45 36 28 21 16 11 7 5 4 3 2
2 6 15 29 46 54 59 60 58 57 56 57 56 45 45 60 67 69 71 71 71 70 69 69 68 66 64 62 59 56 54 54 53 51 50 50 48 46 43 41 39 36 34 32 30 27 25 24 23 21 20 19 19 17 17 17 16 16 16 16 16 17 18 19 21 23 26 28 31 34 38 40 43 46 50 54 56 57 60 61 62 63 63 63 64 66 68 71 73 74 75 77 79 79 79 79 78 78 72 59 44 42 57 69 72 70 67 62 56 48 39 30 23 17 12 8 6 4 3 2
