84 85 85 80 76 72 58 50 41 35 47 56 48 40 35 31 30 31 26 29 31 30 34 38 44 48 56 62 63 71 73 73 69 61 56 50 52 51 52 54 48 48 50 51 45 41 41 41 43 42 39 37 38 45 44 41 44 45 42 40 39 37 37 36 42 44 43 45 45 41 33 31 34 37 37 29 23 25 25 22 25 28 26 21 17 17 21 25 25 24 22 16 14 15 17 18 15 15 21 26 26 22 19 19 24 25 20 18 14 16 22 30 31 24 22 23 21 19 16 14
86 85 85 81 78 72 59 54 46 37 42 55 53 42 39 38 33 34 30 28 32 31 34 38 44 50 56 63 65 73 78 77 74 64 59 54 54 54 52 52 51 50 51 51 46 41 41 42 44 43 40 39 38 41 43 41 44 47 43 41 41 39 39 39 42 45 46 46 49 47 38 33 34 37 39 35 26 25 28 24 24 30 30 25 20 18 21 26 26 25 24 19 16 16 18 21 19 16 20 26 27 25 22 19 23 26 22 20 15 17 22 30 34 28 24 24 21 19 16 15
86 85 85 82 78 72 61 56 52 41 40 51 56 48 41 43 37 35 34 31 30 31 34 38 45 52 57 65 67 74 81 81 78 69 64 61 58 60 57 51 51 52 52 53 48 42 41 42 45 46 43 43 42 40 40 41 45 48 44 42 44 41 42 42 42 47 49 49 51 51 45 38 36 37 40 41 33 27 29 28 25 31 34 30 24 20 22 26 28 27 27 23 19 18 18 23 23 19 21 25 28 27 25 22 22 25 22 21 18 17 22 30 38 33 26 25 23 20 17 16
86 85 85 83 77 73 61 57 57 48 41 46 56 53 45 46 41 37 39 38 34 31 34 39 45 52 59 67 69 75 83 85 82 74 70 66 61 65 65 55 51 53 56 57 53 44 42 44 47 47 44 45 48 43 38 42 45 48 45 44 46 45 46 44 44 48 51 51 52 53 51 43 39 38 40 44 39 32 31 31 28 32 35 35 29 22 22 27 29 29 29 26 22 20 19 22 25 22 21 25 28 29 28 26 23 24 22 21 20 17 21 32 41 37 27 24 24 22 18 17
86 86 85 84 76 73 65 58 60 57 44 46 55 54 49 51 45 43 46 44 41 37 36 41 47 52 60 69 73 78 84 87 86 80 76 72 65 67 68 62 55 54 57 60 58 47 45 48 51 50 45 44 51 49 40 44 47 49 46 45 46 47 49 47 45 48 54 55 55 54 55 50 44 43 42 45 43 38 36 35 32 32 36 40 35 26 24 27 30 30 31 29 24 21 20 22 26 24 21 25 30 32 31 30 27 25 23 23 21 19 23 32 43 40 29 25 25 25 20 18
87 87 86 86 76 74 71 61 59 60 50 50 59 56 53 57 50 52 55 48 49 46 41 44 50 54 60 70 77 83 86 90 89 85 82 79 74 71 70 65 59 53 57 63 64 52 47 52 56 56 47 43 53 53 43 43 48 52 47 45 47 48 52 52 49 50 56 59 58 56 57 55 50 49 47 47 46 43 41 39 37 34 36 42 41 32 26 29 31 31 32 31 27 23 20 23 27 25 22 24 31 35 34 33 30 26 25 23 22 22 23 29 44 45 34 27 26 28 23 19
87 88 87 87 78 75 75 65 58 62 58 52 61 63 60 63 59 62 65 54 55 56 48 47 54 58 62 69 79 86 89 92 90 89 88 86 83 78 76 69 62 55 57 64 69 57 48 56 60 62 53 44 53 56 46 45 50 53 51 48 50 48 55 57 54 53 56 61 62 59 60 59 56 55 51 50 49 47 46 43 43 39 38 43 45 36 29 31 35 33 33 33 30 26 21 25 29 26 23 25 33 38 38 36 32 28 26 25 22 24 24 29 45 48 37 29 27 31 27 22
88 88 87 87 81 77 79 71 58 63 66 56 62 67 66 67 67 69 73 63 60 66 56 53 59 61 64 67 75 83 88 90 93 92 92 92 90 85 82 75 69 59 56 63 72 64 51 59 63 66 62 48 53 58 49 51 55 54 55 52 51 50 58 61 59 58 57 63 65 62 63 64 62 61 56 53 53 52 51 48 49 46 41 44 48 43 33 33 39 36 32 34 36 30 23 28 34 29 26 27 36 42 43 40 35 31 27 26 22 25 28 31 45 49 40 32 30 34 33 27
88 88 88 89 85 79 82 77 62 65 70 63 65 71 71 70 73 76 78 70 67 74 66 61 67 68 71 72 75 82 87 88 91 93 93 94 95 90 86 81 77 68 59 64 73 69 55 60 68 70 69 56 55 60 53 57 61 58 57 54 54 55 61 64 63 65 60 63 66 64 67 68 67 66 62 57 58 57 56 53 54 55 47 45 49 50 39 34 41 40 34 36 40 36 26 27 35 33 29 28 37 46 48 45 39 37 31 29 24 26 30 32 45 52 46 38 32 34 36 34
88 88 89 90 86 80 84 83 69 70 75 70 72 76 76 76 79 82 84 79 76 79 75 69 75 76 79 81 83 88 91 90 90 93 93 93 97 94 89 84 81 78 66 66 74 72 63 60 70 74 73 65 59 62 62 63 67 65 60 56 57 60 65 66 66 71 67 66 69 68 70 72 72 70 67 64 63 61 62 60 57 60 54 49 51 53 44 37 42 44 38 37 43 40 29 27 36 37 32 30 38 49 52 48 43 42 37 33 26 28 33 35 46 52 51 46 37 32 37 42
88 89 90 91 87 84 86 86 76 73 79 75 76 80 80 81 84 85 88 88 83 83 85 78 81 83 85 89 92 96 98 98 95 94 95 94 98 97 94 88 82 83 74 68 75 75 69 65 68 75 75 71 66 64 68 69 70 69 66 60 62 65 68 69 68 73 73 72 73 71 73 76 75 74 71 71 68 64 66 67 63 65 62 56 54 54 48 42 42 46 42 39 45 44 32 28 36 40 36 34 41 50 54 50 45 47 42 37 28 31 37 38 45 52 54 53 45 34 39 50
89 90 91 91 88 87 88 88 81 76 81 78 78 82 84 85 88 89 92 95 89 90 95 87 83 88 90 93 97 101 103 104 103 98 98 99 101 101 97 93 86 87 81 71 75 77 73 70 69 77 77 75 72 67 70 75 73 73 71 65 67 69 70 72 72 76 78 78 78 76 77 80 79 78 74 75 73 68 70 74 69 68 68 64 58 56 53 47 46 46 45 45 49 47 37 31 36 41 40 37 42 50 55 49 47 51 46 40 31 32 42 42 45 52 56 58 51 37 41 52
90 91 91 90 88 89 88 88 85 81 85 83 81 84 86 88 91 93 95 99 96 96 101 95 87 91 95 97 102 105 107 107 108 104 102 101 101 103 102 98 92 92 88 78 75 79 80 77 74 79 80 79 77 72 73 79 77 77 76 69 71 72 74 77 77 79 82 82 81 80 80 83 81 80 76 77 79 73 76 81 74 72 74 71 65 60 57 53 52 49 50 52 56 52 43 36 39 43 44 42 44 50 54 50 49 53 51 45 36 37 46 49 47 51 56 59 56 43 44 53
90 92 92 90 89 91 90 90 87 85 88 87 85 86 88 92 95 97 98 101 100 100 103 102 95 95 99 100 104 106 107 108 109 107 104 103 102 103 104 101 97 95 93 86 79 82 86 84 80 82 84 82 80 76 77 82 80 81 81 75 76 77 79 82 83 84 85 85 83 82 82 85 82 81 77 79 82 79 80 85 80 74 77 75 70 66 62 58 57 54 56 60 62 57 50 43 42 47 49 48 50 51 53 52 50 53 53 50 42 41 47 54 51 50 54 60 59 51 51 55
90 92 93 92 92 94 94 93 89 88 90 88 85 87 91 96 98 100 103 103 102 102 103 104 102 100 99 100 104 107 107 107 106 106 106 106 104 104 105 103 100 96 96 91 85 85 88 90 87 84 87 86 83 80 82 85 81 84 87 80 80 82 84 87 88 88 88 88 87 85 85 86 84 81 79 83 86 85 84 86 84 78 78 78 75 71 69 63 62 60 62 65 67 62 56 50 47 52 53 53 56 55 55 55 54 56 55 53 49 46 49 56 58 52 53 62 63 59 60 61
90 92 93 93 94 95 96 94 90 88 89 86 85 88 92 95 97 101 105 106 106 106 106 107 107 103 100 99 101 104 106 105 103 103 105 106 105 104 103 103 102 96 95 93 88 86 88 91 91 86 87 88 86 84 85 87 83 86 89 83 84 86 88 90 91 92 91 90 90 87 87 87 85 81 80 85 90 89 88 87 85 81 80 81 79 75 73 69 69 67 67 69 71 67 62 55 52 55 57 58 61 59 59 58 57 59 59 56 54 51 52 59 64 58 56 64 68 67 68 71
90 92 93 94 95 95 95 91 87 85 85 84 84 88 90 92 95 99 103 105 106 109 109 108 108 105 102 98 98 100 102 102 101 101 102 102 102 102 103 103 102 96 93 92 90 88 89 91 93 90 90 90 90 88 87 88 86 89 91 88 87 89 90 91 92 93 93 93 91 89 88 87 86 83 82 88 93 92 92 90 88 85 85 84 82 80 77 75 75 73 72 74 73 70 68 61 57 57 60 62 64 63 64 62 61 61 60 59 57 54 55 62 70 67 64 67 71 73 76 78
90 92 93 95 95 93 90 86 82 80 79 78 79 81 82 85 91 97 100 102 105 108 108 104 101 102 101 98 95 95 96 97 99 99 99 98 98 100 102 101 99 96 93 92 90 90 90 92 94 95 94 94 93 91 89 90 90 92 94 90 88 90 91 91 92 93 94 93 92 90 89 88 88 85 85 90 93 93 94 92 91 89 89 88 85 83 80 80 79 79 78 77 75 72 72 66 61 59 60 63 66 66 66 65 63 63 60 60 57 56 60 64 74 74 71 70 73 76 82 85
90 91 93 94 91 87 85 82 76 72 68 67 68 70 72 77 83 89 94 97 100 101 101 99 97 96 96 95 93 90 91 93 94 95 94 94 95 97 97 96 95 94 93 91 89 90 92 92 95 97 98 97 95 94 92 93 93 94 95 92 90 91 91 91 93 94 95 93 92 90 89 89 88 86 86 90 93 94 95 94 93 93 92 91 88 85 83 84 82 82 81 80 78 76 75 70 64 61 60 64 65 64 64 64 63 62 60 60 57 59 64 66 74 77 77 76 77 78 85 89
90 90 91 91 87 84 81 73 64 57 54 54 56 61 66 71 74 76 81 85 88 89 89 90 90 89 87 88 88 85 84 87 89 88 89 90 90 90 90 90 89 89 89 88 87 88 90 92 94 96 98 97 96 94 94 95 95 94 94 92 90 91 91 91 92 94 94 93 92 90 89 88 85 85 86 90 92 93 94 94 94 94 94 93 90 87 85 85 84 83 82 80 78 76 74 69 64 59 59 63 63 62 62 61 59 59 61 61 59 62 64 69 75 78 81 81 80 81 85 91
88 89 88 86 82 77 70 62 56 54 54 52 51 53 57 61 60 60 65 71 75 77 78 79 81 81 78 77 79 78 77 78 80 81 81 83 83 82 83 84 84 84 84 84 84 86 88 90 92 95 96 95 95 93 94 96 96 94 93 91 89 89 90 90 91 92 92 92 90 89 87 85 83 83 85 87 89 90 90 91 93 93 93 93 90 87 84 83 81 80 78 76 75 73 70 66 61 56 56 58 57 60 61 60 59 58 59 60 61 64 66 69 72 76 81 83 85 83 86 92
90 89 87 82 77 71 65 60 59 58 55 53 50 49 50 50 50 50 53 57 62 64 65 66 69 70 68 66 66 68 67 67 68 70 70 70 71 71 73 74 75 77 78 79 81 83 85 88 90 92 93 93 93 92 92 94 94 93 92 90 88 87 88 89 89 90 90 90 88 86 84 81 79 79 81 83 84 85 85 86 87 87 86 84 82 79 76 75 73 71 69 67 66 65 63 60 57 55 54 54 55 56 57 59 62 63 63 63 64 67 68 69 70 76 81 85 87 86 87 92
88 87 83 80 77 72 67 63 59 55 52 54 55 53 50 47 47 48 48 49 52 53 54 57 59 58 54 50 49 52 54 54 55 56 56 56 57 59 60 61 64 68 71 73 75 79 82 85 87 89 90 91 91 90 91 92 92 93 92 89 86 85 86 87 88 88 88 87 85 82 80 77 75 75 76 77 76 76 76 76 75 75 73 70 68 66 64 63 62 60 58 56 55 53 52 52 52 51 52 54 55 54 56 60 63 66 69 71 71 72 73 72 74 79 82 86 89 89 90 93
88 86 82 79 74 69 66 65 64 63 60 59 58 56 54 50 48 46 46 47 47 47 47 48 49 46 41 37 35 37 39 41 42 42 42 44 45 46 46 49 53 59 63 66 69 73 77 81 84 86 87 88 88 87 88 90 91 92 92 89 86 85 85 86 86 87 87 85 83 79 76 73 71 70 69 68 66 64 63 62 60 58 57 54 52 51 51 50 49 49 50 51 49 47 47 47 47 48 49 53 55 57 60 64 67 70 73 77 83 85 83 80 79 82 85 88 90 91 92 94
89 87 84 80 76 74 73 71 70 69 66 61 58 57 57 55 54 52 50 50 48 45 42 40 40 39 39 37 33 32 33 35 36 36 35 37 40 40 40 44 47 53 57 59 63 67 72 77 80 83 85 86 86 85 86 89 90 91 91 89 86 84 84 85 86 86 85 83 80 76 72 68 66 64 61 58 55 52 50 48 45 43 43 42 41 41 40 39 38 39 42 46 47 46 47 48 48 50 53 57 59 63 66 70 75 79 81 85 91 95 95 93 90 89 89 91 93 93 94 98
88 87 86 83 81 81 80 77 74 74 72 67 63 61 60 59 59 59 57 55 53 50 48 44 40 40 40 40 37 34 32 34 36 36 34 34 37 40 41 42 44 49 53 55 58 62 67 72 76 80 82 83 83 82 85 88 89 90 91 89 86 84 84 85 85 85 84 82 78 73 68 64 61 58 54 51 46 43 41 40 39 38 37 35 35 36 36 36 36 36 37 41 44 46 49 52 54 57 60 65 70 74 76 79 82 86 90 92 95 99 103 103 100 96 95 95 95 96 96 99
90 89 88 86 84 83 82 81 80 79 77 73 69 66 65 64 63 63 64 63 60 58 56 53 48 46 44 43 43 41 38 38 39 40 39 37 38 41 42 42 44 47 50 52 54 58 63 68 73 77 79 80 79 79 83 87 88 90 91 89 86 84 83 84 85 85 84 82 78 72 67 61 57 53 49 46 43 40 38 38 38 39 38 37 36 36 36 38 39 40 41 44 47 50 55 59 63 67 70 75 80 83 85 86 88 91 94 96 98 102 105 105 103 101 99 96 96 97 99 100
88 90 90 88 87 84 80 79 78 76 75 74 74 74 74 74 73 72 73 74 74 72 70 67 61 58 54 52 50 48 47 46 46 46 45 44 42 43 44 44 45 46 48 49 51 55 60 66 70 74 76 77 77 78 82 85 87 89 90 89 86 84 83 83 84 84 84 82 79 73 66 60 55 51 47 45 43 41 41 40 41 40 41 42 42 42 42 43 45 48 50 53 57 61 65 69 73 77 81 84 87 90 92 92 92 91 92 96 100 104 107 108 107 105 101 98 97 98 100 101
85 88 89 89 87 82 78 76 76 78 79 80 79 79 80 82 83 82 83 84 86 86 84 80 74 70 66 64 60 57 54 53 52 51 49 47 45 44 44 45 46 46 47 48 50 53 58 63 67 71 73 75 75 77 81 84 86 88 88 88 87 85 83 82 83 83 84 83 80 75 68 62 57 52 48 46 45 45 44 44 44 44 44 44 45 46 47 50 53 57 60 62 66 70 75 79 83 87 89 91 93 96 97 98 97 96 96 97 99 102 105 109 110 108 104 100 100 100 101 101
85 87 90 90 88 83 79 77 76 77 80 82 82 82 83 86 90 92 92 92 93 94 93 91 85 81 78 76 73 68 64 61 58 55 52 50 48 46 44 44 45 46 47 47 49 52 56 60 64 68 70 72 73 75 78 81 84 85 86 87 86 85 83 82 82 83 83 83 81 76 71 65 59 55 52 49 48 48 48 47 47 46 45 46 47 49 52 55 59 64 69 71 75 79 82 85 89 93 95 97 98 99 100 101 102 103 102 101 100 101 103 106 107 106 105 102 102 102 103 103
87 87 88 89 88 85 81 78 78 80 83 84 85 86 86 89 93 96 97 96 96 97 99 98 94 90 87 85 82 77 72 69 65 61 57 54 52 50 47 45 44 46 47 47 49 52 55 58 61 64 67 70 71 73 76 79 81 83 84 85 85 85 83 82 81 81 82 82 81 77 73 67 61 57 54 52 50 50 49 49 48 48 48 48 49 51 55 60 66 71 76 78 81 84 86 89 93 95 98 100 102 104 105 106 106 106 105 104 103 103 104 105 106 106 105 105 104 103 103 102
85 85 85 85 84 82 81 81 83 85 87 88 88 89 91 93 96 98 98 98 98 99 100 101 98 95 92 90 87 83 79 75 71 68 64 62 59 56 54 51 49 48 47 47 49 51 54 56 58 61 63 66 69 71 74 77 79 81 82 84 84 84 83 82 81 81 81 81 80 78 74 69 64 59 56 54 52 51 50 50 50 51 51 53 54 57 60 63 68 74 78 82 84 87 89 92 94 96 99 102 105 107 108 109 109 109 109 107 106 104 103 103 104 104 105 105 105 104 103 104
84 84 85 85 83 81 81 83 86 87 89 91 91 92 93 94 96 98 97 98 99 101 101 101 99 96 93 91 89 86 83 79 76 73 70 67 63 60 58 56 54 51 50 49 49 51 53 54 56 58 61 64 67 70 74 77 79 80 81 83 83 83 82 82 81 81 81 81 80 78 74 69 65 60 57 54 53 53 52 52 53 54 56 58 61 63 66 69 72 75 79 82 85 88 91 93 94 96 98 101 104 107 109 109 108 108 108 107 106 104 103 103 103 103 105 105 106 106 105 106
84 84 84 85 85 84 83 84 87 88 90 91 92 92 92 94 96 97 98 98 98 98 98 99 98 95 92 90 88 84 82 80 78 75 72 69 65 62 60 59 57 54 52 51 50 50 52 53 55 57 59 63 67 70 74 77 78 79 80 82 83 83 82 81 81 81 81 81 80 78 74 70 65 61 58 55 54 54 53 54 55 57 59 62 65 68 72 75 78 81 82 83 85 87 89 91 92 94 95 98 101 104 107 108 107 106 105 104 103 102 102 101 102 103 104 105 106 106 107 108
83 82 82 82 83 83 84 85 86 87 89 90 91 91 91 92 93 93 94 94 92 92 93 93 92 89 87 85 84 81 79 78 76 73 70 67 64 62 61 60 58 56 53 52 51 51 52 54 55 57 60 64 67 71 74 77 78 79 80 82 83 83 82 82 82 82 82 81 80 78 74 70 64 60 57 55 54 54 54 55 56 58 61 63 66 68 71 73 75 78 79 79 81 83 85 85 86 87 89 91 93 98 101 103 102 101 100 99 99 99 99 100 101 102 104 106 107 108 110 111
82 80 78 79 80 81 82 83 83 84 85 86 86 86 85 86 86 87 87 87 87 87 86 85 85 82 79 78 77 74 72 71 70 68 67 65 62 60 59 59 58 56 54 52 52 52 53 54 56 58 61 65 68 71 74 76 78 79 80 82 83 84 84 84 85 84 83 82 81 78 75 70 64 58 55 53 53 52 52 54 56 57 59 59 60 61 63 65 68 70 72 76 78 80 81 81 81 82 83 84 86 90 93 96 96 94 93 92 91 92 95 97 99 101 104 106 108 110 113 114
82 79 76 76 76 76 78 79 79 78 78 78 77 77 78 78 78 77 77 76 77 77 75 73 72 71 68 66 64 61 60 60 58 56 58 59 58 57 57 57 55 54 52 52 51 51 53 55 57 60 63 66 69 72 74 75 77 79 81 84 86 86 86 87 88 88 87 86 84 80 76 71 65 58 54 52 50 50 51 53 54 54 53 53 54 55 58 61 63 64 66 69 71 73 73 74 75 75 76 77 80 82 85 87 87 85 83 82 84 85 89 92 95 99 102 106 109 112 115 117
83 79 77 75 74 72 72 73 73 72 71 70 68 66 64 64 63 62 62 64 65 65 64 62 59 58 56 55 53 51 51 50 48 46 45 46 48 51 53 53 53 51 50 50 50 50 52 55 59 62 64 66 69 72 74 76 78 80 83 86 87 88 89 91 92 92 93 91 88 84 79 73 66 59 54 50 49 49 50 52 52 51 50 48 48 49 50 52 53 54 54 55 57 59 61 63 66 69 71 74 76 79 81 81 79 76 73 72 74 77 80 85 90 95 100 105 109 113 117 119
84 81 78 75 72 68 64 64 64 61 59 56 52 52 52 53 54 53 54 52 49 48 47 43 43 42 41 40 40 40 42 44 44 42 40 39 39 42 46 49 50 49 48 48 48 49 51 55 60 63 65 67 70 72 76 78 81 84 86 89 91 92 93 95 97 98 99 98 94 89 82 75 67 59 54 50 49 49 51 51 50 47 42 39 39 36 34 33 32 31 31 34 35 37 39 50 64 63 67 70 73 77 77 74 72 71 68 66 66 67 70 75 81 88 95 102 109 114 118 120
86 82 77 72 67 60 55 53 50 47 45 44 44 44 45 45 43 41 38 31 25 22 19 17 19 19 18 18 19 23 30 35 36 35 33 32 32 34 39 45 47 48 48 47 48 49 52 56 60 64 67 70 72 75 79 83 86 88 90 93 95 96 97 99 103 105 107 105 100 94 86 77 68 59 53 50 49 51 51 50 45 36 32 32 30 24 19 16 13 11 12 17 17 19 21 37 57 59 66 71 73 74 67 59 59 60 63 65 64 64 66 70 75 82 91 99 107 114 119 121
85 81 75 67 59 51 47 45 43 42 42 39 36 34 35 35 36 35 28 19 12 8 6 5 6 6 6 6 7 14 27 39 42 40 34 28 24 25 30 38 45 48 48 48 49 51 54 58 62 66 70 73 76 78 82 87 91 94 95 97 99 101 101 104 108 112 114 111 106 99 89 80 70 61 54 52 52 54 52 45 36 28 29 33 32 24 17 11 8 6 6 7 8 8 9 14 36 66 77 74 72 65 58 54 51 52 63 71 71 70 69 71 75 81 89 96 104 113 119 122
87 82 75 67 59 53 51 49 48 48 49 44 39 36 38 40 44 46 41 27 13 8 6 5 5 5 6 6 7 17 32 47 54 50 43 34 27 23 26 34 43 49 51 52 53 55 58 61 66 70 74 77 79 82 86 90 96 99 100 101 103 105 106 108 113 117 118 115 108 99 91 82 72 63 56 55 59 59 52 40 28 25 30 39 43 35 22 14 10 8 7 6 7 7 7 13 38 65 76 77 75 68 60 55 52 56 68 76 77 78 76 77 80 85 91 97 105 112 118 122
92 87 80 75 71 68 67 65 67 70 69 62 56 54 52 51 54 58 55 39 20 11 9 8 6 6 6 8 13 25 38 50 58 54 48 41 36 32 33 35 40 50 55 57 58 60 62 65 69 73 77 79 82 85 89 94 99 103 104 105 105 107 109 111 115 120 120 116 109 101 94 86 76 66 60 62 65 62 51 34 26 29 37 46 53 49 32 19 14 11 9 8 8 9 12 27 45 59 71 75 73 71 65 63 68 75 81 84 86 86 85 85 88 92 96 101 107 113 119 123
96 91 87 84 82 82 82 83 83 83 76 69 68 68 66 64 64 65 64 54 37 22 14 12 10 10 11 14 22 34 44 54 58 55 52 49 47 47 49 48 47 52 60 62 63 64 67 69 71 74 78 81 84 88 92 97 102 106 108 107 106 107 111 113 116 120 120 115 109 103 97 91 81 70 65 68 67 63 48 38 40 42 47 54 60 60 49 32 22 16 13 12 12 15 25 39 50 62 70 72 69 66 68 78 90 96 93 89 90 91 90 93 96 99 101 105 110 114 119 122
100 97 94 92 92 92 91 90 90 88 82 76 76 75 72 70 69 72 72 68 58 45 34 28 22 22 26 29 36 46 53 59 60 60 60 57 54 57 64 65 63 61 64 66 67 69 72 74 76 77 80 84 88 92 96 100 104 108 112 111 108 109 112 114 118 122 121 115 109 105 100 95 86 75 69 71 71 66 56 56 60 60 61 64 66 66 62 52 41 34 29 28 29 34 41 49 57 66 69 71 71 72 80 93 106 106 100 95 94 95 96 99 102 104 106 108 112 116 120 123
104 102 100 100 101 100 97 95 94 92 88 85 83 81 79 74 71 70 70 71 68 63 60 58 49 47 48 50 54 58 63 65 64 64 63 60 55 57 66 67 68 68 67 67 69 73 77 79 80 81 84 87 91 96 100 103 107 111 115 114 111 111 115 116 118 121 121 115 110 105 101 98 90 80 72 73 74 69 66 71 72 70 69 69 69 69 67 64 60 55 50 46 47 49 52 57 63 67 70 75 78 83 91 101 107 107 104 101 100 100 102 103 105 106 109 112 115 119 122 125
108 106 105 106 107 106 104 101 97 95 93 92 90 88 86 82 78 76 73 70 65 62 62 62 60 60 61 60 61 64 66 67 65 63 62 58 54 55 59 60 64 68 69 69 71 77 82 84 85 85 87 90 94 98 103 105 108 113 118 118 114 114 116 117 117 119 119 115 109 105 102 99 94 85 77 75 74 71 70 72 71 68 67 67 67 67 66 65 63 62 60 56 57 59 62 66 69 72 75 79 86 93 100 105 108 108 107 105 105 105 105 106 107 109 112 115 119 122 124 126
110 109 108 108 109 108 106 104 101 99 97 94 92 92 91 89 87 87 86 81 76 72 69 66 64 64 66 66 66 66 66 64 61 58 56 54 53 54 54 56 60 66 70 72 77 83 88 89 89 89 91 93 96 100 104 106 108 113 118 118 115 114 116 117 117 119 119 115 109 106 103 101 97 92 85 80 77 75 71 67 65 62 61 61 61 62 64 64 64 64 64 64 66 68 70 72 75 78 82 87 93 99 103 107 109 109 108 107 107 107 107 107 109 112 115 119 122 125 126 127
110 109 109 110 110 110 109 106 105 104 101 97 94 92 91 89 89 88 88 87 83 80 77 76 73 71 71 68 66 63 61 59 56 54 53 52 52 54 55 57 61 65 71 77 84 91 94 94 93 93 94 97 98 101 104 107 109 113 117 117 114 113 116 117 118 119 119 116 111 107 105 104 101 97 92 87 83 80 74 68 64 61 59 57 56 57 58 60 62 64 66 67 70 72 75 78 81 84 88 91 95 99 103 107 109 108 109 109 109 110 110 110 112 115 118 121 124 127 129 129
111 109 109 111 111 111 110 109 108 106 104 101 98 94 91 87 84 83 82 81 79 76 74 72 70 69 67 64 61 59 58 57 56 55 54 53 54 55 56 59 62 68 75 84 92 97 98 96 95 96 97 99 100 102 105 107 109 113 116 116 115 114 115 116 117 119 119 116 112 109 106 106 103 100 97 94 92 87 79 72 67 64 61 59 57 55 55 56 58 61 64 67 71 74 78 80 82 85 88 91 95 98 103 106 109 110 110 111 111 113 113 113 115 119 122 125 127 130 131 131
114 113 112 112 111 110 111 111 109 108 107 105 103 100 96 90 85 83 81 79 77 75 73 70 68 67 66 64 62 60 60 59 59 58 56 54 55 56 57 60 65 73 82 91 98 101 100 98 97 98 99 101 101 103 105 107 108 111 116 117 116 116 117 117 117 117 118 115 112 110 108 107 105 102 101 100 100 95 87 80 73 69 65 62 60 58 57 57 58 60 63 66 70 73 77 79 82 85 87 90 94 98 102 106 109 111 113 114 114 116 117 117 119 121 124 127 130 132 133 133
117 116 115 114 111 111 112 113 111 109 109 109 108 106 102 98 94 91 88 86 84 83 81 78 75 73 71 69 67 66 64 62 60 58 56 55 55 57 60 64 70 80 90 97 102 103 102 100 99 100 101 102 103 104 106 107 108 110 115 119 119 119 119 118 117 117 116 115 111 109 108 108 106 105 103 104 104 101 95 89 80 74 70 66 63 61 60 61 62 63 66 68 71 75 78 81 84 87 90 93 96 100 105 108 111 113 115 117 118 118 120 121 121 123 127 130 133 136 137 137
118 118 117 115 112 111 113 114 112 111 111 111 109 108 107 104 100 98 96 94 93 91 89 86 82 80 77 73 71 69 66 63 60 58 56 56 58 60 64 70 77 87 97 102 105 105 104 103 102 102 103 103 104 106 108 109 108 109 115 119 122 122 122 121 119 117 117 116 112 109 107 108 108 108 106 106 105 104 101 96 88 81 75 71 67 65 64 64 65 68 70 72 76 79 82 85 88 91 94 97 101 104 107 110 112 114 116 118 119 120 121 122 123 126 130 134 137 139 141 141
119 120 119 116 115 115 115 113 112 112 111 110 109 109 108 105 101 99 98 97 95 93 91 88 85 83 79 75 72 70 66 63 61 58 58 59 62 65 70 78 86 95 102 105 106 106 105 105 104 103 103 103 104 108 111 111 110 112 116 119 123 126 125 123 122 119 117 116 113 109 107 106 108 109 109 108 107 106 105 102 96 90 83 78 73 69 67 67 67 70 72 74 78 81 84 87 91 93 97 101 104 107 110 112 113 114 117 118 120 121 122 123 126 129 133 137 141 144 146 146
120 120 119 117 117 117 116 115 114 112 109 107 108 108 107 104 101 99 97 96 95 92 90 86 84 81 77 74 72 69 66 63 61 60 61 63 67 73 79 88 95 100 104 104 104 104 104 104 105 105 104 104 106 110 112 112 111 113 117 120 126 130 128 125 124 122 119 116 113 111 108 107 108 111 112 111 110 109 108 106 102 98 92 87 81 76 72 70 69 70 71 74 77 80 84 87 91 94 98 101 105 108 111 113 114 115 116 118 119 121 122 124 128 131 135 140 144 148 152 151
120 121 119 118 117 115 114 114 114 113 111 109 108 107 104 102 99 96 95 93 92 90 87 83 81 78 75 72 70 67 66 66 65 64 67 70 75 83 90 97 100 103 104 104 103 103 103 103 105 107 107 108 110 113 113 112 111 113 117 123 131 134 129 126 126 125 121 118 116 113 110 109 111 113 115 115 115 113 111 109 106 104 101 97 91 85 79 75 73 72 72 73 76 79 82 85 89 93 96 100 103 106 109 111 113 114 116 117 119 121 123 125 129 133 138 144 148 155 159 159
121 121 120 117 114 111 112 113 113 112 111 111 109 106 102 99 96 94 93 92 91 89 86 83 80 77 75 72 70 68 67 69 69 70 73 78 84 92 98 101 102 104 105 103 103 103 103 104 106 108 110 112 114 114 114 113 113 114 118 126 134 136 131 127 127 126 124 122 119 116 113 111 113 115 117 119 118 116 114 112 110 109 108 105 100 94 88 83 79 77 76 75 76 78 81 84 88 92 96 99 102 104 106 109 111 114 116 118 119 121 123 125 129 134 140 145 152 158 162 164
120 120 118 116 112 108 111 113 113 111 109 108 107 106 103 97 95 95 94 93 92 90 87 84 81 78 76 73 70 70 71 73 74 76 80 85 92 99 103 104 103 103 103 102 103 104 104 105 107 110 112 115 116 116 115 115 115 115 118 127 136 138 132 127 127 127 126 125 123 120 117 115 115 117 119 120 119 116 116 115 113 112 111 109 106 102 97 92 88 86 83 80 80 81 83 85 88 91 95 99 101 103 105 107 110 112 116 118 119 120 122 125 129 134 139 145 154 160 165 168
118 118 117 116 113 112 113 112 112 111 108 106 106 107 106 100 97 96 95 93 91 89 87 84 80 78 76 75 74 75 78 78 79 84 88 92 97 102 104 104 102 101 100 102 103 104 105 106 109 112 113 115 117 117 117 117 116 116 120 129 138 138 132 127 128 130 128 128 127 124 121 119 119 119 120 120 118 117 118 118 117 114 112 110 109 108 105 102 99 96 92 88 87 87 87 87 89 92 96 99 101 102 104 107 110 112 115 117 118 120 122 125 129 134 140 146 154 161 167 168
116 115 115 115 115 116 114 111 111 111 108 106 106 106 104 101 98 96 94 92 89 86 85 82 80 79 79 79 79 82 84 84 85 91 95 96 99 102 103 102 101 100 100 102 103 104 105 107 111 113 114 115 116 117 117 117 117 118 123 132 139 140 135 129 130 131 130 130 130 127 124 122 121 121 122 121 120 119 120 121 118 115 112 111 111 111 109 107 106 104 100 95 94 93 92 92 93 95 98 100 102 103 105 108 111 113 115 117 118 120 122 125 130 135 141 147 153 160 166 166
113 111 112 114 114 114 114 111 110 110 108 105 105 104 101 99 96 94 93 90 87 85 84 83 82 83 84 83 84 87 90 90 92 97 99 99 101 103 102 102 102 102 102 103 103 104 106 109 112 115 116 116 117 117 117 117 118 119 125 136 141 141 137 131 131 132 131 131 133 130 126 122 121 123 123 123 123 123 122 121 119 115 112 112 113 112 111 110 110 108 104 101 100 99 98 97 98 99 100 101 103 104 107 109 112 114 116 117 118 118 121 124 130 135 140 146 152 159 163 160
110 110 111 113 113 113 113 111 110 110 107 104 103 101 98 96 94 92 91 89 87 85 85 84 84 84 86 86 87 92 95 96 98 100 101 101 101 102 101 101 102 102 103 103 103 105 107 110 113 117 118 118 118 118 117 117 117 118 125 138 144 143 137 130 131 132 130 131 133 130 124 120 120 124 126 126 125 125 124 123 120 117 114 115 115 114 111 111 111 110 108 106 104 103 103 102 102 101 101 101 103 105 107 110 113 114 116 117 117 118 120 123 129 135 139 145 150 154 158 154
108 110 112 112 111 110 110 109 108 108 106 103 102 100 96 94 92 91 90 89 88 86 86 86 85 86 88 89 92 96 98 97 99 103 103 102 102 103 102 102 102 102 103 103 104 106 108 111 114 116 118 119 118 117 116 115 115 116 125 137 144 145 136 128 128 129 128 129 132 130 123 118 118 122 126 127 126 125 124 123 121 120 119 118 118 116 113 112 111 112 111 109 108 107 106 105 105 104 103 103 104 105 107 110 112 114 115 117 117 118 120 123 128 134 138 142 145 150 152 147
106 109 110 110 108 106 105 104 105 105 104 102 102 99 96 94 93 91 90 90 89 87 87 87 87 89 91 93 96 99 99 97 99 103 104 102 103 105 104 102 101 102 102 102 104 106 108 110 114 115 118 119 117 115 115 113 113 115 126 140 146 146 136 127 127 127 125 128 132 131 124 116 114 117 124 127 127 126 126 125 123 122 121 120 119 118 115 114 113 113 113 112 111 110 109 109 108 107 106 105 105 106 107 109 112 114 116 116 117 119 121 123 127 132 138 142 142 146 145 141
106 108 109 109 107 105 103 101 103 104 103 102 101 100 98 97 95 92 92 91 90 89 89 89 90 93 95 97 99 100 100 98 99 101 102 102 102 103 102 101 100 101 101 101 102 104 106 109 113 115 116 117 115 112 113 112 112 116 128 144 150 144 132 125 125 123 122 127 132 131 124 115 112 115 121 126 127 128 127 126 125 124 122 121 120 118 116 115 115 114 114 113 112 111 111 111 110 110 110 109 107 108 108 110 112 114 115 117 118 119 121 125 128 133 140 143 143 145 141 137
105 107 108 108 106 104 103 103 104 104 103 102 101 101 100 100 98 95 93 90 90 90 90 91 94 97 98 99 101 101 100 100 101 102 102 102 101 100 99 98 97 97 98 98 98 100 103 108 111 113 113 113 112 111 111 111 110 116 132 145 149 140 127 123 123 119 119 125 132 131 124 116 112 114 118 123 128 130 129 127 126 124 122 121 121 120 118 117 117 116 115 114 114 113 112 112 112 112 112 112 110 110 110 112 113 114 116 117 119 120 123 127 130 133 139 143 144 144 138 132
102 105 106 106 105 104 104 105 106 105 103 102 102 101 100 101 99 97 94 93 94 95 94 94 97 100 100 100 101 101 100 100 101 102 101 100 100 98 95 94 93 92 92 91 91 94 100 107 108 109 110 110 110 110 109 110 109 117 133 142 144 136 125 121 120 118 117 122 128 128 122 117 115 116 118 121 126 129 129 127 124 122 120 120 119 119 119 119 118 117 117 116 115 115 114 114 114 114 114 114 112 112 111 112 114 115 117 118 120 123 126 128 131 133 137 140 142 139 133 128
100 102 103 105 106 105 105 107 106 104 103 102 100 100 99 100 100 99 97 96 98 100 99 98 99 101 100 99 99 99 100 100 101 100 99 98 98 96 93 90 89 87 86 84 85 90 98 104 105 106 107 107 108 109 108 108 109 117 132 139 137 129 121 119 120 118 117 119 123 124 122 118 115 115 117 119 123 125 123 121 118 117 116 115 116 117 118 119 119 117 117 117 117 116 116 115 115 115 115 115 114 113 113 113 114 115 118 119 121 124 127 128 130 133 136 137 138 135 129 124
98 98 100 103 105 105 105 106 104 102 102 101 99 100 100 100 100 99 98 99 101 102 100 101 102 102 100 99 98 98 99 99 99 98 95 94 95 92 87 85 83 80 78 77 80 89 96 99 101 103 105 105 107 107 106 108 110 117 129 136 131 124 119 118 121 120 117 117 120 122 121 117 114 113 115 116 117 118 116 111 108 109 110 110 111 114 115 117 118 116 116 118 118 117 117 117 117 117 117 116 115 115 115 115 115 116 118 119 122 125 127 129 131 133 134 133 133 130 125 121
97 97 99 102 103 103 104 104 102 100 101 100 99 101 101 100 99 98 97 100 102 101 101 104 105 104 101 99 98 98 98 97 96 95 93 91 90 86 82 79 76 72 70 71 78 87 92 95 97 100 101 103 105 105 106 108 110 117 127 133 128 120 115 115 121 122 117 116 119 121 122 118 113 112 112 111 110 110 108 103 101 101 101 102 105 108 111 113 115 116 116 117 118 117 117 117 117 118 117 117 117 116 117 117 117 118 118 119 122 125 128 129 131 133 134 133 131 128 124 121
94 95 97 100 101 100 101 103 102 101 100 99 101 102 103 102 99 97 97 100 102 100 104 105 102 101 100 98 98 98 97 95 93 92 90 88 84 81 77 72 68 64 64 70 77 85 90 92 94 97 99 101 104 103 106 108 108 115 125 128 124 116 112 114 120 122 117 115 118 122 122 118 112 111 111 108 105 104 104 101 98 97 94 93 96 101 105 108 111 114 115 116 118 117 117 117 117 117 117 118 118 119 120 120 119 119 120 121 122 124 127 130 132 136 137 134 131 128 125 120
92 93 95 97 98 97 97 99 100 99 96 96 101 103 103 103 102 100 100 103 103 102 104 102 98 98 97 96 97 96 94 92 90 88 87 84 80 77 72 66 61 59 64 73 79 84 89 92 93 95 98 101 103 103 106 107 109 114 122 125 123 115 110 114 120 121 117 115 119 124 123 117 112 111 109 107 102 100 101 103 100 96 89 86 87 93 99 104 108 111 113 115 117 116 116 116 116 117 117 118 119 121 121 121 121 120 121 122 123 124 127 130 133 137 137 135 132 128 124 119
89 91 92 94 97 98 98 98 98 95 92 93 99 103 103 104 104 102 103 105 104 103 104 104 100 99 97 95 95 94 92 91 88 86 83 80 77 73 67 60 56 58 67 77 83 87 91 93 93 94 97 101 103 104 104 105 107 113 121 126 125 115 110 115 121 120 115 115 120 127 125 117 112 110 107 105 102 99 98 102 104 97 86 80 80 85 93 99 106 109 111 113 115 115 114 114 115 115 116 118 121 122 122 123 123 123 122 123 124 125 127 129 133 137 137 134 131 127 123 119
86 88 91 94 97 100 100 100 98 95 94 96 100 103 104 104 104 102 103 103 101 100 102 103 101 99 97 95 93 91 89 87 86 83 80 77 73 68 62 56 55 61 72 82 89 93 96 96 94 94 96 101 103 105 105 106 109 115 125 132 128 115 111 117 121 119 115 115 123 129 128 119 113 110 106 104 102 101 99 100 103 98 85 76 74 78 86 94 101 105 108 110 112 113 113 113 113 114 115 118 121 122 123 125 125 124 124 123 125 126 127 131 133 136 136 133 129 125 122 118
84 87 90 93 97 98 97 96 95 95 97 99 101 102 102 101 100 99 101 101 99 99 100 99 98 96 95 94 91 89 87 85 83 80 77 74 70 64 59 55 55 64 78 88 95 98 99 98 96 94 97 101 104 105 105 107 111 119 132 142 135 118 114 119 121 119 116 118 126 132 129 121 114 110 106 105 104 103 103 102 101 97 85 73 68 72 80 88 95 100 103 107 109 111 111 112 113 113 114 116 120 122 124 126 126 125 125 124 125 125 127 130 132 133 132 130 126 123 120 115
83 87 90 92 95 96 96 94 95 97 100 101 101 100 98 97 97 99 100 100 99 98 97 96 96 94 93 92 90 88 85 83 81 79 75 71 66 62 57 54 55 67 83 93 99 101 100 99 98 97 100 104 106 107 107 109 111 121 138 147 137 119 116 121 122 119 117 122 130 135 133 124 116 111 108 107 108 108 108 107 104 97 84 70 64 66 74 81 89 94 99 104 107 108 109 110 112 112 114 116 118 121 123 125 125 125 125 125 125 125 126 128 132 131 129 127 124 121 117 114
82 86 88 90 92 93 94 95 96 99 100 99 98 97 95 95 97 99 100 100 97 94 93 94 93 91 90 89 88 86 83 81 79 76 71 66 63 60 56 53 57 73 89 98 102 103 101 99 101 101 104 107 109 110 110 110 111 123 140 144 131 116 117 123 122 118 119 127 134 139 139 130 120 114 111 111 112 114 115 114 110 99 81 66 60 63 69 75 82 89 95 100 103 106 108 108 109 110 113 114 116 118 121 123 124 124 125 125 125 125 126 127 130 129 127 125 122 120 116 115
80 82 85 88 89 90 92 94 95 97 96 95 96 96 95 95 96 97 98 97 94 92 91 91 90 88 86 86 85 83 81 79 76 72 67 63 61 59 56 54 58 76 93 102 105 105 101 101 104 106 107 110 111 112 112 110 109 121 135 134 121 111 116 121 119 117 121 130 139 148 150 140 128 120 118 119 120 123 124 122 115 101 80 62 57 61 66 71 78 85 91 96 99 103 106 107 107 108 111 113 114 118 119 121 122 123 123 123 124 126 127 127 127 127 125 122 120 118 115 114
80 81 84 87 87 88 90 92 94 95 94 94 96 95 94 93 94 95 95 94 92 90 89 89 88 85 84 84 82 80 78 77 74 69 65 62 61 60 58 55 58 78 95 104 107 106 104 106 109 110 110 112 113 112 111 108 105 113 123 121 112 106 112 117 116 116 121 130 144 160 161 153 142 129 127 129 132 135 134 129 121 105 82 61 55 59 63 69 74 81 87 91 96 99 103 105 106 107 110 112 114 117 118 120 121 122 122 122 123 125 127 126 125 125 124 121 119 118 115 114
80 81 84 86 86 87 89 91 93 93 92 93 94 92 91 92 93 93 93 92 91 90 89 88 87 85 84 83 80 77 76 74 71 67 64 62 63 63 60 55 58 78 95 104 106 107 109 112 112 111 110 110 110 108 107 105 100 102 109 107 103 101 106 110 111 113 118 128 147 167 172 164 150 138 137 140 144 146 140 129 121 109 83 62 57 59 62 67 72 77 83 87 92 96 99 103 105 106 109 112 114 116 118 119 121 121 121 122 122 124 125 125 125 124 122 121 119 117 116 115
80 81 83 83 85 86 88 90 91 91 91 92 92 91 91 92 92 93 92 91 90 90 90 89 87 85 82 80 78 76 74 72 68 64 63 64 66 67 63 58 60 77 91 99 101 104 108 107 105 102 102 102 100 99 100 98 94 93 97 97 96 97 100 103 106 109 113 124 143 163 169 157 146 143 144 146 147 148 138 124 117 109 82 63 61 62 64 67 70 74 79 84 89 93 96 100 104 106 109 112 115 118 118 118 120 120 120 120 122 124 125 125 124 123 120 119 118 117 116 115
80 81 82 83 84 85 86 88 89 91 93 92 91 92 92 92 92 92 91 90 89 89 89 88 85 83 81 78 77 75 72 69 65 63 64 67 71 72 68 62 63 75 84 88 91 95 95 93 90 86 85 86 87 88 90 90 86 85 87 89 90 92 94 97 100 102 106 115 130 143 147 136 130 132 136 137 136 135 128 117 113 105 81 66 65 67 67 69 72 74 77 81 85 90 95 99 103 106 109 113 115 117 117 117 118 119 120 120 122 123 124 123 122 121 119 119 117 117 117 115
79 81 82 83 84 84 85 85 87 90 93 92 91 92 92 91 90 90 90 89 88 88 88 87 85 83 80 78 77 75 71 67 64 64 68 73 76 75 72 70 70 73 76 77 78 79 78 74 70 66 66 70 75 78 81 81 79 78 80 82 83 85 88 91 94 95 97 102 112 118 120 113 105 104 110 111 111 111 109 105 105 97 80 73 71 71 72 73 74 74 76 79 84 89 95 99 103 106 109 113 114 114 115 117 117 117 119 119 120 121 122 121 120 119 118 117 117 117 117 117
79 81 82 82 82 83 85 86 87 89 91 91 91 92 91 90 89 89 89 89 88 88 88 87 85 83 80 78 76 74 70 67 66 67 72 77 80 80 79 78 77 75 73 70 66 63 60 55 49 46 49 55 62 68 72 72 71 71 72 73 75 77 80 83 86 88 88 90 94 96 98 92 81 77 79 81 83 85 89 92 94 87 80 79 77 77 78 78 77 76 76 79 82 88 94 98 103 106 109 112 114 114 114 115 117 117 117 118 119 120 121 121 119 117 117 117 116 117 118 117
80 81 81 81 81 83 86 87 88 88 90 90 91 91 90 88 88 88 88 88 88 87 87 86 83 81 79 76 74 72 70 68 69 72 77 82 85 86 86 87 85 81 76 69 60 54 46 38 31 30 34 41 51 58 62 62 62 63 64 64 65 68 71 74 78 79 80 81 83 84 86 79 68 61 62 63 67 71 77 83 85 82 81 82 82 83 84 83 81 79 78 79 82 87 92 98 102 106 108 111 113 113 113 114 116 117 116 118 118 119 120 120 118 117 117 116 117 118 118 118
81 82 82 81 82 84 88 89 88 88 89 90 90 89 88 88 88 88 87 87 87 86 86 84 81 79 77 74 73 72 71 70 72 77 82 86 89 91 93 94 93 90 85 76 64 53 42 32 25 24 29 36 46 51 54 53 54 55 55 55 56 59 62 66 69 71 72 73 74 78 82 79 71 62 60 59 61 65 71 80 84 83 85 88 88 89 89 88 87 83 81 81 83 87 92 97 102 106 108 110 112 113 113 114 115 116 116 116 117 118 119 118 118 118 118 117 118 119 118 117
81 84 84 85 85 85 88 89 88 88 88 89 89 87 86 87 87 87 87 87 87 87 86 83 80 78 75 74 73 73 72 71 76 81 86 89 92 95 97 99 99 96 93 88 77 63 51 43 38 38 40 44 49 51 52 50 49 50 49 48 48 51 53 56 60 62 64 66 69 76 84 86 85 80 72 67 65 67 73 82 87 88 90 93 93 93 93 93 92 89 86 84 85 87 92 97 102 105 108 109 111 113 114 115 115 115 115 115 117 118 118 119 119 119 119 119 120 121 120 116
81 85 87 88 88 86 87 87 86 86 87 88 88 86 86 87 87 87 86 86 86 86 84 82 80 78 76 74 74 73 72 74 79 85 90 93 94 96 98 100 101 100 98 98 92 79 68 60 57 58 59 61 61 60 58 55 51 49 47 45 45 46 47 49 51 53 57 62 68 78 87 93 99 96 88 82 77 77 81 87 93 95 96 98 98 97 98 98 97 95 92 88 87 89 92 97 101 105 108 109 109 112 114 115 114 114 114 114 115 117 117 118 119 120 121 121 121 123 120 117
82 85 86 88 88 87 87 87 86 86 85 86 87 87 86 87 87 86 84 84 85 85 83 81 80 78 77 76 75 74 75 78 84 89 94 97 97 98 99 100 101 101 100 101 99 92 83 77 75 76 77 77 75 73 70 67 62 56 52 50 49 46 43 43 45 48 55 64 71 81 91 98 105 105 96 89 86 87 90 93 98 100 101 103 102 102 102 102 101 100 96 93 91 92 94 98 102 105 108 109 110 111 113 114 114 113 113 114 114 116 117 119 120 121 122 122 122 123 120 117
82 83 84 86 86 87 87 87 87 86 86 86 87 87 87 86 85 84 84 84 84 85 85 83 81 80 79 78 77 77 78 81 87 92 95 98 98 100 100 100 101 102 101 101 100 96 91 89 88 88 88 86 85 84 82 81 75 68 63 61 57 51 46 44 46 51 60 69 78 86 94 100 106 109 103 97 94 94 96 97 100 102 105 107 106 106 106 105 104 103 101 97 96 95 96 99 102 106 109 110 110 111 112 114 115 115 115 115 115 116 118 119 121 122 122 122 123 122 120 117
81 82 82 84 86 86 86 86 86 85 85 85 86 86 86 85 84 83 83 84 83 84 84 83 82 81 81 80 79 79 81 85 90 94 96 98 98 100 101 100 100 102 102 100 98 95 93 93 94 94 92 91 89 89 90 89 86 80 77 75 69 61 55 51 53 59 68 78 86 93 100 103 107 109 107 104 101 100 100 99 100 104 107 109 110 109 108 106 106 105 104 102 100 99 99 101 104 107 109 110 111 111 113 115 116 117 117 116 117 117 118 119 120 121 122 123 123 121 119 116
80 80 80 83 83 83 84 84 84 84 84 84 84 85 86 85 84 84 84 84 83 83 83 83 83 83 82 81 80 81 84 89 93 96 97 98 99 100 100 99 100 101 102 98 95 94 95 97 98 97 95 93 92 92 92 92 92 90 88 86 80 73 66 63 65 70 79 87 93 98 103 106 108 109 109 108 105 102 100 99 100 105 109 111 112 112 110 108 107 107 106 105 103 102 101 103 105 109 111 110 110 111 113 115 117 119 119 118 119 118 118 120 121 122 122 122 122 119 117 113
78 78 79 81 80 80 81 83 84 85 86 84 84 85 86 85 86 86 85 84 84 84 84 84 84 84 84 83 83 85 89 92 96 97 97 98 98 98 99 98 99 100 100 96 93 93 96 99 99 98 95 94 93 93 93 94 95 95 95 93 87 82 76 74 76 80 87 94 99 102 106 107 109 110 111 111 107 102 100 100 103 108 111 111 112 111 111 110 108 107 107 107 106 105 103 104 106 110 112 111 111 113 114 116 119 120 121 120 121 121 121 122 121 122 123 122 120 118 114 108
76 78 79 80 79 79 81 83 84 84 85 84 85 86 86 85 86 85 84 84 84 85 86 86 85 85 84 84 86 90 93 95 95 94 94 96 97 97 98 98 98 99 99 94 91 93 96 99 99 98 97 95 94 94 95 96 96 97 97 95 91 87 82 80 82 87 94 100 104 106 108 109 110 112 113 113 108 104 102 103 106 109 111 111 111 110 111 111 109 107 107 108 108 107 106 105 106 109 112 112 113 114 115 117 119 120 121 122 123 124 123 123 123 123 124 122 119 117 112 105
76 79 80 80 78 78 80 83 83 82 82 84 86 87 86 85 84 84 83 83 85 87 88 87 87 86 85 85 89 93 96 96 92 89 90 93 95 96 97 98 97 98 97 93 92 94 97 99 99 98 97 96 96 97 98 98 98 99 98 96 92 89 85 84 86 91 99 105 108 109 111 113 114 115 116 115 112 108 106 107 110 111 112 111 110 109 109 110 109 107 106 108 108 108 108 107 107 109 112 113 114 115 116 118 120 121 123 124 126 125 125 125 125 125 124 121 119 115 109 102
77 79 80 79 78 78 80 82 82 82 82 83 84 85 85 84 83 82 83 85 87 89 89 89 89 88 86 87 91 95 95 93 89 87 88 90 92 94 96 96 96 96 95 92 92 95 98 100 100 98 97 96 97 99 100 99 99 100 99 95 92 89 87 86 88 95 103 108 110 111 113 116 118 118 118 117 115 113 112 113 114 113 112 109 108 109 108 108 108 107 106 106 108 109 109 109 108 109 111 114 115 116 118 120 122 124 124 126 126 126 126 127 126 125 123 121 117 111 105 97
77 80 79 79 79 79 81 82 82 82 83 83 84 83 84 83 83 83 85 87 88 88 89 90 90 90 89 90 93 95 94 91 89 88 89 89 89 91 93 94 94 93 92 91 92 95 99 101 101 100 99 98 99 100 101 99 99 100 98 94 90 88 87 87 90 97 104 109 111 113 116 118 120 120 120 119 119 118 117 117 116 115 113 109 108 109 108 106 105 106 104 105 107 109 110 110 109 110 112 115 117 118 119 121 123 124 124 125 126 126 126 125 125 124 122 119 113 107 101 90
76 78 79 78 79 79 81 82 83 83 84 84 84 84 85 84 84 86 87 88 88 88 89 90 91 90 90 91 93 94 93 89 88 89 89 88 87 89 91 91 91 90 90 90 91 95 99 101 101 101 100 100 99 100 100 99 99 99 96 92 88 88 88 88 92 98 104 109 111 113 116 119 122 122 122 121 122 121 119 118 118 117 114 111 108 109 109 106 104 103 102 104 106 108 111 111 111 112 113 116 118 120 121 122 124 125 125 125 126 126 125 124 123 121 119 115 108 103 95 78
73 76 77 77 78 78 80 82 83 83 84 84 86 86 86 86 87 87 88 89 89 90 91 92 92 91 90 91 92 93 90 87 86 87 87 86 86 86 87 86 86 88 89 89 92 95 99 101 101 101 100 100 98 96 95 95 96 96 94 91 88 87 89 90 94 99 105 108 109 110 113 118 121 122 123 123 123 122 120 120 120 118 114 110 108 108 109 105 103 102 100 101 104 108 111 112 112 113 114 117 120 122 123 125 126 126 126 126 126 125 124 122 121 119 116 109 104 99 84 67
69 72 75 75 75 77 79 81 82 83 84 85 87 88 88 88 89 89 88 89 90 92 92 93 92 91 90 90 90 90 87 85 84 85 85 84 83 83 83 83 84 87 89 89 92 96 98 100 100 99 98 95 91 87 87 88 89 90 90 89 87 87 90 91 95 100 104 103 101 103 107 112 116 118 122 124 123 122 121 120 120 118 114 111 107 106 107 104 103 102 99 100 103 108 111 112 112 114 116 119 122 124 126 127 127 127 126 124 123 124 122 120 119 116 111 104 100 90 70 58
65 69 72 73 74 77 79 81 81 82 84 85 87 88 89 90 91 91 91 91 92 92 93 93 91 90 89 89 88 87 84 82 81 81 79 80 80 78 78 81 84 86 88 90 92 95 96 97 95 92 89 84 77 73 74 76 80 83 84 86 86 86 90 91 94 97 96 92 88 91 96 102 108 111 114 117 118 118 120 120 119 117 113 110 106 103 104 103 100 100 98 98 101 107 111 112 113 115 118 121 124 127 128 128 128 127 126 124 123 123 121 118 116 112 106 100 94 76 60 55
61 66 69 71 73 75 77 79 79 81 82 84 85 87 89 90 91 92 93 93 92 91 92 92 91 88 88 88 87 85 82 79 78 76 73 76 76 74 75 79 83 86 87 89 90 90 91 89 83 77 72 68 62 58 58 60 67 74 76 80 82 84 87 86 86 86 84 79 76 76 80 86 94 101 103 107 108 110 114 116 115 113 109 104 100 98 98 97 95 96 97 98 100 106 111 112 113 115 118 122 125 128 129 129 128 127 126 125 123 121 118 116 112 105 100 95 80 61 55 51
55 62 66 69 71 73 74 76 77 80 81 82 84 86 88 89 90 91 91 91 90 90 91 92 90 87 86 87 85 83 80 77 76 73 71 73 74 73 73 75 79 83 84 84 84 81 79 75 67 60 56 53 49 47 47 49 53 61 66 70 73 75 77 76 75 74 72 68 65 64 66 69 74 85 90 91 96 101 105 106 105 105 101 95 92 90 89 90 91 92 95 97 99 103 108 111 113 115 118 122 125 127 128 128 127 125 124 123 121 119 115 113 108 101 96 84 64 55 53 37
48 56 62 65 68 70 72 74 75 77 79 81 83 86 87 89 89 89 89 88 88 89 90 90 88 85 84 84 83 81 79 76 74 73 71 71 71 69 69 70 74 77 77 76 72 67 63 58 51 45 43 43 42 42 42 42 44 49 53 56 61 65 66 65 63 61 59 57 57 56 57 57 57 66 72 74 81 88 93 94 93 93 90 83 79 76 76 78 83 86 90 93 96 100 104 108 111 114 118 121 124 125 127 127 125 123 122 121 120 117 113 108 101 95 86 67 54 53 40 18
38 48 55 60 63 66 69 72 73 74 76 79 82 84 86 87 89 89 89 89 89 89 90 88 85 82 81 82 80 79 77 74 72 70 67 65 63 62 62 63 65 67 67 64 59 52 48 44 39 37 37 38 39 39 38 38 39 41 43 45 49 53 53 52 50 50 50 50 51 52 52 52 50 52 54 57 62 70 77 81 82 80 76 68 63 61 61 65 72 79 85 89 92 95 101 105 109 112 116 120 122 123 125 125 123 121 120 118 116 113 108 102 95 86 70 55 51 44 22 6
25 37 48 54 59 61 65 69 70 72 74 77 80 83 85 86 88 89 90 90 89 89 89 87 83 79 79 79 77 75 73 71 69 65 60 55 52 51 51 53 55 57 54 51 46 40 37 35 33 32 33 34 35 34 33 34 34 35 36 36 39 43 44 43 43 44 45 46 46 47 48 47 47 46 46 45 47 54 60 66 70 68 61 53 48 47 49 54 62 72 79 84 89 92 97 102 106 109 113 116 118 120 121 120 119 118 117 114 112 108 103 96 88 71 56 51 43 26 10 6
19 24 35 46 53 58 62 66 68 71 73 75 78 81 82 84 86 88 89 90 89 89 89 86 82 78 77 76 73 70 68 66 62 57 50 45 40 38 38 40 43 45 43 39 35 31 29 29 29 29 29 29 29 29 29 29 29 30 31 32 35 38 38 38 39 40 40 41 41 42 43 42 41 42 41 41 41 45 48 54 57 54 47 41 38 40 45 53 59 66 74 80 86 90 94 99 104 107 110 113 115 117 117 116 115 114 112 110 107 101 96 87 73 57 51 44 28 13 7 7
17 18 24 34 44 52 59 63 66 68 70 72 75 77 79 81 83 85 87 89 89 89 88 85 80 77 76 73 69 66 62 58 52 47 41 36 31 28 26 28 32 34 33 30 28 26 26 26 26 26 26 25 25 26 27 26 26 27 28 29 32 34 34 34 36 36 36 35 36 37 36 35 36 39 40 40 40 41 46 50 50 47 42 39 38 42 48 56 61 65 71 76 82 88 93 97 101 105 108 110 112 113 113 113 112 111 108 105 101 94 87 73 59 51 45 30 15 9 7 7
13 16 19 22 31 43 52 58 61 63 66 68 71 73 76 79 81 83 86 87 88 87 85 83 79 76 73 71 66 62 58 53 46 41 36 32 29 26 25 26 29 32 30 29 26 26 26 26 26 27 27 26 24 25 26 24 24 26 29 30 31 32 31 31 32 31 31 32 33 35 34 34 35 39 42 43 44 45 52 57 55 50 45 42 43 48 54 60 64 68 72 76 80 86 90 94 97 101 104 106 107 107 108 108 107 105 102 99 92 84 72 61 52 44 32 17 12 9 8 8
10 11 15 19 22 31 43 51 55 58 61 64 67 71 74 76 78 80 82 84 84 84 83 81 77 74 70 67 64 59 54 49 45 42 40 39 38 38 39 39 38 38 37 35 33 32 33 32 32 32 32 29 27 26 28 26 26 27 29 31 31 31 30 31 32 33 33 34 35 36 36 36 40 43 47 48 49 52 55 60 62 56 52 52 55 58 63 67 70 72 73 76 78 82 87 91 94 97 100 101 102 102 103 103 102 99 96 91 81 68 60 52 44 32 19 13 12 10 9 10
10 10 12 16 19 21 30 42 48 53 57 60 64 67 70 72 74 76 78 80 81 80 80 78 75 71 68 64 60 57 53 50 49 49 49 50 53 56 57 55 50 47 46 45 43 41 41 41 41 42 40 38 35 34 34 33 32 33 33 35 36 36 34 35 37 36 36 36 37 40 41 44 49 50 52 55 56 58 61 67 70 67 67 68 68 69 71 74 76 76 76 78 80 82 86 89 91 93 96 97 98 99 99 98 97 94 88 79 67 58 52 43 32 20 15 14 12 10 11 10
7 9 12 13 16 18 22 31 40 47 51 54 58 62 65 67 70 72 73 75 76 75 75 73 70 67 63 59 56 53 51 52 53 54 55 59 64 67 67 65 59 56 53 52 51 50 49 49 50 52 51 49 48 47 46 44 42 40 40 40 42 42 40 40 41 41 42 44 47 49 49 52 56 57 60 63 64 64 67 69 73 77 78 79 78 77 78 79 80 80 78 80 82 83 84 86 88 90 92 93 94 94 94 92 90 85 76 65 57 52 42 30 20 16 15 14 12 11 12 9
4 6 11 14 14 15 18 21 28 36 42 47 51 55 58 61 64 66 68 69 69 69 68 67 64 61 58 54 52 51 52 54 56 57 59 62 67 69 68 65 63 60 57 56 56 55 54 54 57 57 57 57 55 55 55 55 52 50 49 49 50 50 51 50 49 50 52 53 54 54 54 59 64 68 69 68 68 70 71 71 76 81 83 84 83 82 82 83 83 83 81 81 83 83 83 85 86 87 88 89 89 89 88 87 83 73 62 56 49 39 28 20 16 16 15 14 12 12 12 8
2 4 8 13 14 14 14 16 19 24 31 38 44 48 51 54 57 59 61 63 63 63 62 61 59 56 53 50 49 51 53 56 59 60 61 63 66 67 66 65 64 61 58 57 57 56 55 56 60 61 61 61 59 59 60 61 59 56 55 55 56 56 57 56 55 55 57 59 60 61 62 66 69 69 68 69 71 73 74 76 79 82 84 86 86 85 84 84 85 85 84 83 83 83 83 84 84 85 86 87 86 86 84 80 69 61 53 47 36 24 17 15 16 16 15 14 12 13 11 8
3 3 6 10 13 14 14 13 15 17 20 26 33 39 43 46 49 52 54 56 57 56 55 54 53 51 50 50 51 53 56 59 60 61 61 62 64 65 65 64 63 62 59 58 57 56 55 58 61 62 61 61 60 60 61 63 63 60 58 60 61 61 63 62 62 61 62 65 66 64 64 69 72 72 74 74 73 74 75 78 81 84 85 86 86 85 84 85 85 85 85 85 84 83 83 83 84 84 85 85 84 83 78 67 58 52 44 33 22 16 16 17 17 17 16 14 12 14 10 8
5 4 6 9 11 13 14 14 13 14 16 18 22 28 33 37 40 43 46 48 49 50 49 49 49 48 49 50 53 54 57 58 60 61 61 62 62 63 63 62 62 61 59 57 56 55 55 56 59 60 60 59 59 58 59 63 63 62 60 62 63 61 63 64 63 63 65 67 67 66 67 71 74 76 76 75 73 73 74 78 82 84 85 84 84 83 83 84 84 85 85 84 84 83 83 83 83 84 84 83 82 77 66 56 50 41 29 21 16 16 17 17 17 17 16 14 13 14 10 9
8 7 8 10 11 12 13 14 14 13 13 14 16 19 22 27 31 35 38 40 42 43 44 45 46 47 49 51 52 54 56 57 58 59 60 60 60 60 60 59 59 59 57 55 53 52 52 53 55 57 57 57 57 57 59 61 61 59 57 59 60 59 61 62 61 62 64 66 67 68 68 71 73 74 74 72 71 70 71 76 80 81 82 82 82 82 82 83 84 84 84 83 82 82 82 82 83 84 83 83 77 65 55 48 39 26 18 16 15 16 18 18 18 17 16 14 14 13 10 9
13 12 10 11 11 12 12 13 14 14 13 13 13 14 15 19 23 28 31 33 36 37 39 41 44 46 48 50 52 53 55 56 56 57 58 58 57 57 56 55 56 56 54 51 50 48 48 48 50 51 52 53 54 54 55 58 56 55 54 57 57 57 59 58 58 60 62 63 64 66 66 67 69 70 72 69 68 68 69 73 77 78 80 80 80 80 80 81 81 81 82 82 81 81 82 82 83 83 81 75 64 55 47 36 24 17 16 15 16 18 18 18 17 17 16 14 14 12 9 10
14 12 9 9 11 12 11 11 13 13 14 13 12 11 12 14 16 21 25 28 31 33 35 38 41 44 46 48 50 51 53 53 53 54 55 55 55 54 54 53 52 52 50 47 46 45 44 43 44 45 46 47 48 48 50 52 51 51 51 53 53 54 56 56 54 55 57 58 59 61 63 64 64 65 66 64 64 65 67 70 73 75 76 78 78 78 79 80 80 80 80 81 81 82 82 82 81 80 74 63 55 46 34 22 16 16 16 16 18 18 18 18 17 17 16 14 15 11 10 11
13 11 8 8 11 14 13 12 12 13 14 14 13 12 11 11 13 15 18 22 27 30 32 34 38 40 43 45 46 48 50 50 50 51 52 52 52 52 51 49 48 47 45 43 41 41 40 39 40 41 41 42 43 44 46 46 45 45 46 48 49 51 53 53 51 52 54 55 56 58 60 59 58 60 61 60 61 63 66 69 71 72 74 75 76 78 79 79 79 79 80 80 81 81 81 80 78 71 63 52 44 33 21 16 16 16 16 17 18 19 18 18 17 17 15 15 14 11 11 11
11 10 8 8 11 14 15 16 15 15 15 14 13 13 12 11 11 12 13 16 21 25 27 31 34 36 38 41 42 44 46 47 47 48 49 49 49 48 47 46 44 43 40 38 37 36 35 36 36 37 37 38 39 39 40 40 41 42 42 45 46 47 49 49 48 49 52 54 55 57 58 56 56 58 59 59 61 64 65 67 69 70 72 74 75 77 79 79 79 79 80 80 81 80 79 75 69 59 51 41 31 21 16 16 16 17 18 18 19 19 18 18 17 17 15 15 13 10 11 9
10 10 10 9 10 11 14 17 19 19 16 13 12 13 13 13 11 10 11 12 15 19 23 28 30 32 34 36 38 40 42 43 44 45 46 46 46 45 44 43 41 39 37 35 34 33 32 32 33 34 35 36 36 37 37 37 39 40 41 43 45 45 47 48 48 49 53 54 55 57 57 59 59 61 62 62 63 64 65 67 69 70 72 74 77 78 79 80 80 81 81 80 80 78 74 66 58 49 38 28 20 16 16 17 17 18 18 19 19 19 19 18 17 16 14 15 12 10 11 8
10 9 10 10 9 8 11 20 28 28 22 15 12 12 13 13 13 11 10 10 11 13 17 23 26 29 31 33 34 36 38 39 40 42 43 43 43 42 41 40 39 38 36 34 32 31 31 31 32 33 34 35 36 36 37 37 38 39 40 42 43 44 45 46 47 49 53 55 57 59 61 64 65 65 66 66 66 67 67 69 72 73 74 76 78 79 80 81 82 82 81 79 77 71 63 55 46 36 26 19 16 16 17 18 18 18 19 19 20 19 19 18 18 16 15 14 11 10 11 7
10 9 9 9 8 7 10 18 28 34 28 17 12 12 12 12 13 13 11 9 9 10 11 16 21 25 29 31 33 34 35 37 38 39 41 41 41 41 42 41 41 40 38 36 35 33 33 33 35 36 37 38 38 37 37 37 38 39 39 41 41 42 44 45 48 52 55 58 61 64 67 70 70 70 71 72 72 72 72 74 75 76 77 79 80 81 82 83 83 82 80 76 71 61 52 44 34 25 18 16 17 18 19 19 19 19 19 20 19 19 19 18 17 16 15 14 11 11 10 7
7 6 6 7 8 7 8 12 24 34 30 19 13 12 11 11 12 13 14 12 9 9 10 11 15 19 24 29 32 34 36 37 38 39 40 41 42 43 44 45 44 43 42 41 41 40 40 40 41 42 43 44 43 42 42 41 41 41 41 42 42 44 45 48 51 56 58 61 65 68 71 75 76 76 78 79 79 78 78 78 78 79 80 81 82 83 83 82 81 79 76 69 59 49 40 32 24 17 16 17 18 19 20 19 19 20 20 20 20 19 19 18 16 15 15 13 11 12 9 7
6 5 5 7 9 13 10 9 23 37 33 24 17 12 10 11 12 12 12 13 11 9 9 9 11 13 18 24 28 32 36 38 39 41 43 43 44 45 47 47 48 47 47 47 47 47 48 49 50 51 51 51 50 49 47 46 45 44 44 44 44 45 47 50 54 58 62 65 69 74 78 82 85 85 85 85 85 84 83 82 81 81 82 83 83 83 81 80 77 73 67 58 47 38 30 23 17 16 17 18 19 20 20 20 20 20 20 20 20 20 19 18 15 15 14 12 11 11 9 8
6 5 6 8 14 26 16 9 18 30 30 23 19 14 9 10 12 13 12 12 13 11 9 9 9 9 12 17 22 28 33 37 41 43 45 46 46 47 49 50 50 51 51 52 53 54 55 57 58 60 61 61 59 57 56 54 51 49 49 48 48 49 51 54 58 63 67 70 75 79 83 88 91 90 90 91 91 89 86 85 84 84 84 83 82 81 79 77 73 65 56 45 36 29 22 17 16 17 18 19 20 20 20 20 21 21 21 21 20 20 18 17 15 15 14 11 11 10 8 8
7 6 7 11 25 49 26 10 13 22 25 22 19 14 8 8 10 12 13 13 13 12 10 9 9 9 9 11 16 22 28 33 39 43 45 47 47 48 49 50 51 53 54 54 56 58 60 62 64 66 66 67 66 65 63 62 58 55 55 55 55 55 57 59 63 68 72 75 78 82 87 91 94 94 93 93 93 91 88 86 85 83 82 82 80 78 75 71 63 53 43 35 29 22 16 16 17 18 19 20 21 20 20 21 21 21 21 21 20 19 18 16 15 14 13 11 10 9 8 8
7 6 8 19 37 51 29 10 13 20 23 24 25 16 8 6 7 9 13 15 13 12 12 11 10 10 10 9 11 15 20 27 34 40 44 46 48 48 49 50 52 53 54 55 57 59 61 63 65 67 69 70 70 69 68 67 63 61 61 61 60 60 61 63 67 72 76 78 80 83 87 91 93 95 94 93 92 90 87 85 82 80 80 79 76 73 68 61 50 40 33 27 21 16 16 17 18 19 20 21 21 20 21 21 22 22 21 20 19 18 17 15 15 14 11 11 10 9 8 9
8 7 13 43 44 15 15 11 12 20 26 26 25 16 8 4 4 8 14 17 15 13 12 13 12 10 10 10 8 11 14 20 26 33 39 43 46 47 48 50 51 53 54 55 57 58 59 61 64 66 67 69 69 69 69 69 66 64 65 64 64 63 64 66 69 73 77 80 82 84 86 88 91 92 92 90 89 86 83 81 78 76 75 73 69 63 55 46 37 30 25 20 16 16 18 19 20 20 20 20 21 21 22 22 22 22 21 20 18 17 16 14 14 13 10 10 10 9 9 10
8 8 10 34 31 8 10 12 15 18 23 23 21 17 9 5 3 6 14 18 17 15 13 13 13 10 10 9 8 8 10 14 18 25 32 37 41 44 46 48 50 51 53 54 56 56 57 58 60 62 64 65 66 67 68 68 66 65 65 65 65 65 66 67 69 73 76 79 80 82 83 85 88 90 90 87 84 81 78 76 74 71 69 65 57 49 41 33 26 21 17 15 17 18 19 19 20 20 21 21 21 22 22 22 22 22 21 19 17 16 15 15 14 11 10 10 10 9 9 11
9 10 10 9 8 8 8 18 30 20 14 21 24 23 14 6 3 5 14 19 19 18 15 12 11 10 10 9 8 8 9 9 12 16 22 28 33 38 42 45 47 49 50 51 52 52 53 54 55 56 58 59 61 63 64 64 64 64 64 65 65 65 65 66 68 72 75 77 78 78 79 81 83 86 85 81 77 74 71 70 67 64 59 52 44 36 30 24 18 16 16 17 18 19 19 19 20 21 21 22 22 22 22 22 22 21 20 19 17 16 14 14 13 10 11 10 9 9 10 12
12 12 11 10 9 9 13 21 28 17 12 20 28 25 16 11 4 5 14 19 20 19 17 14 12 11 11 10 9 9 8 8 9 10 14 20 24 30 35 38 41 44 46 47 48 48 48 49 49 50 51 52 54 56 58 59 60 61 62 62 62 62 62 63 65 68 72 73 74 74 76 76 76 78 77 74 70 67 65 62 58 52 45 38 32 27 21 17 15 15 17 18 19 19 20 20 21 22 22 22 22 22 21 21 21 20 19 18 16 15 14 13 11 10 11 10 9 9 10 11
11 9 9 9 9 15 33 25 12 9 11 13 22 24 20 16 7 5 12 17 19 18 17 15 14 13 13 13 11 10 8 8 9 9 9 12 15 20 25 28 33 36 39 40 42 42 42 43 44 44 45 45 47 48 51 52 53 55 57 58 58 58 58 58 59 62 65 67 69 69 69 68 67 69 68 65 61 58 54 49 43 37 33 28 23 19 15 15 16 17 17 18 19 20 21 22 22 22 22 22 21 21 21 21 21 19 18 17 15 14 13 12 10 10 11 9 9 9 10 10
9 9 9 9 9 15 26 21 9 8 9 10 12 21 23 15 11 9 11 16 19 18 17 17 16 16 17 16 13 10 9 8 9 9 8 8 9 12 15 19 23 26 29 31 34 35 35 36 37 38 38 38 39 41 44 45 47 49 51 52 53 53 52 53 54 56 59 61 62 62 61 59 57 58 56 52 48 44 40 35 31 28 25 21 16 14 15 16 16 17 18 19 20 21 22 23 22 22 21 21 21 21 21 21 19 18 18 16 15 14 13 11 10 10 10 9 9 9 10 10
9 9 9 10 10 11 12 11 9 8 10 10 9 13 19 18 17 14 10 16 19 19 19 19 17 17 19 16 13 12 10 8 8 8 8 8 8 8 9 12 15 17 20 22 24 26 27 28 29 30 30 31 32 34 35 36 39 42 43 45 45 46 45 46 48 50 51 52 53 53 50 47 43 44 42 38 34 31 29 26 24 21 18 15 14 15 16 17 18 18 19 20 21 22 23 23 22 22 21 21 21 21 21 20 19 17 17 16 14 13 12 10 9 9 8 8 9 9 10 10
10 10 11 11 10 11 12 12 10 9 10 10 9 9 13 19 19 12 12 16 20 21 21 21 20 19 17 16 15 13 11 8 7 7 8 8 8 7 7 7 9 11 13 14 16 18 18 19 20 22 23 23 25 26 28 28 30 33 35 37 38 38 38 39 40 40 41 41 40 38 36 33 31 31 31 29 26 24 23 20 17 15 13 14 15 15 17 18 19 20 21 21 22 22 23 22 22 21 21 21 21 20 20 19 18 17 16 14 13 12 11 9 9 8 8 9 10 10 11 10
11 11 11 10 9 10 11 11 10 10 10 10 10 9 8 12 16 16 16 16 18 21 21 21 21 18 15 16 16 14 13 11 8 7 7 8 9 8 7 7 7 7 7 8 10 11 11 12 13 14 15 15 16 18 19 20 22 25 26 28 28 28 28 29 29 29 28 28 28 28 28 27 25 25 24 21 19 16 15 14 13 13 14 15 15 16 18 20 20 22 22 22 22 22 22 21 21 21 21 21 21 20 19 18 17 16 15 13 12 12 10 8 9 8 8 10 11 11 11 10
11 10 10 9 9 9 10 10 10 11 11 11 11 10 9 8 12 16 16 15 17 19 19 18 18 18 16 17 18 16 15 14 9 7 7 7 8 8 7 7 6 6 6 6 6 7 7 7 8 9 10 11 11 12 14 15 17 19 21 21 22 21 21 22 23 23 22 23 23 23 22 20 18 17 16 15 13 12 12 13 13 13 14 15 16 17 19 20 21 22 22 22 22 21 21 21 21 21 21 20 20 20 19 17 16 15 14 13 12 11 9 8 9 8 8 10 10 11 11 10
13 11 10 10 10 9 10 10 10 11 10 10 10 10 9 8 9 11 12 13 16 17 18 17 17 19 19 21 21 19 17 15 11 8 6 6 7 8 8 7 6 7 6 6 5 5 5 5 5 6 7 7 8 8 10 11 13 15 17 18 18 18 18 18 19 19 18 17 17 16 15 13 12 12 12 12 12 12 13 13 13 14 15 16 18 19 20 21 21 22 22 21 21 21 21 21 20 20 20 20 20 19 18 17 15 14 13 12 12 10 8 9 9 8 8 10 10 10 11 11
15 13 11 10 10 10 9 10 10 10 10 10 9 9 8 8 8 8 10 11 14 16 18 19 18 20 22 23 23 22 20 16 13 10 8 6 6 7 8 8 7 6 6 6 5 5 6 5 5 5 5 5 5 6 7 8 10 12 14 14 14 14 14 14 14 14 14 13 13 12 12 12 12 12 12 12 12 13 13 14 14 15 16 18 19 20 21 21 22 22 21 21 21 21 21 20 20 20 20 19 19 18 17 16 14 13 13 11 11 9 8 9 9 8 9 10 11 11 11 11
17 14 12 11 12 11 9 9 10 10 10 9 9 9 8 8 8 8 9 10 11 14 17 20 20 21 22 22 22 23 21 18 16 14 10 8 6 6 8 9 7 6 6 6 6 6 5 6 6 6 6 5 6 6 7 8 9 10 11 12 12 12 12 12 12 12 12 12 12 12 12 12 12 12 13 13 13 13 14 15 15 16 17 18 20 20 20 21 21 21 21 21 21 21 21 20 20 20 19 19 18 17 16 14 13 12 12 11 11 9 8 9 9 9 10 11 12 12 13 13
18 16 14 13 14 14 12 11 10 10 10 10 9 9 9 9 9 9 9 10 11 12 16 19 20 20 21 21 21 23 21 19 18 18 15 12 9 7 7 8 9 7 6 6 6 6 6 6 6 6 6 6 7 7 8 8 9 10 11 12 12 13 13 13 13 13 13 13 13 13 13 13 12 12 13 13 13 14 15 16 17 17 18 19 20 21 21 21 21 21 21 21 21 21 20 19 19 19 19 18 17 15 14 13 13 12 11 12 10 8 10 11 9 10 11 12 13 15 17 19
18 18 15 13 13 13 13 12 10 10 10 9 9 9 9 10 10 9 9 10 11 12 14 17 19 19 19 19 20 22 21 20 20 20 19 16 12 8 7 7 9 8 7 6 6 6 6 6 6 7 7 7 7 7 8 9 9 10 11 12 12 13 13 13 13 13 14 13 13 13 13 13 13 13 13 14 15 15 16 17 18 18 19 20 20 21 21 21 21 21 21 21 21 20 20 19 19 19 18 17 15 14 13 12 13 12 11 12 9 9 11 11 10 11 14 15 16 19 20 20
17 18 17 15 12 11 11 11 10 9 9 9 9 9 9 9 9 8 7 8 10 10 12 14 16 18 19 21 22 23 22 21 20 19 19 20 16 12 10 8 8 10 8 6 6 6 6 6 6 7 7 7 7 7 8 9 9 10 11 12 12 13 13 13 13 13 13 13 13 13 13 14 14 14 14 15 16 16 17 18 19 19 20 20 21 21 21 21 21 21 21 21 20 20 19 19 19 18 17 16 15 13 12 11 11 11 11 10 8 10 12 11 13 14 17 17 17 20 22 23
16 17 17 17 14 12 11 11 11 10 9 9 9 10 10 9 8 7 7 8 10 10 11 12 13 17 20 24 26 25 25 23 21 18 18 20 19 16 14 11 8 10 9 8 7 7 7 7 7 7 8 7 7 8 8 9 9 10 10 11 12 12 13 13 12 12 13 13 13 13 14 14 15 15 16 16 16 17 18 18 19 20 20 20 21 21 21 21 21 21 21 20 20 19 19 19 18 16 15 15 14 13 13 11 10 10 11 9 8 13 13 13 16 17 18 18 20 24 25 27
16 16 17 17 15 14 13 14 13 12 10 9 10 11 10 7 7 7 8 9 10 11 12 11 12 15 20 24 27 28 28 25 23 20 17 19 20 17 16 15 12 9 10 9 7 7 7 7 8 8 8 8 8 8 9 9 9 9 10 11 11 11 12 12 12 13 13 14 14 14 15 15 16 16 16 17 18 18 18 19 20 20 21 21 21 21 21 21 21 21 21 21 20 20 19 18 16 14 14 15 13 12 12 11 9 10 10 8 11 15 16 15 18 20 20 22 24 28 30 30
15 16 16 17 16 15 15 16 14 12 11 10 11 9 8 7 7 8 9 9 10 10 11 11 11 14 17 20 22 27 29 27 25 23 20 19 20 18 17 16 15 11 10 11 8 8 8 8 8 8 9 8 8 8 9 9 9 9 10 11 11 11 12 12 12 13 14 14 15 15 16 16 16 16 17 18 18 19 19 20 20 21 21 22 22 22 21 21 22 21 21 21 20 19 18 16 15 14 14 14 12 11 11 10 9 10 9 11 14 16 17 18 21 22 22 26 28 27 28 27
14 15 15 15 16 16 14 13 12 11 11 12 11 7 6 6 7 7 8 9 9 10 11 11 11 12 13 14 15 19 22 24 25 24 22 19 20 20 17 16 16 13 12 12 10 9 8 8 8 9 9 9 9 9 9 9 9 10 10 11 11 12 12 13 13 14 15 15 16 16 16 17 18 17 18 19 19 20 20 20 21 21 21 21 22 22 21 21 22 21 21 20 19 17 16 15 15 14 12 12 11 11 11 12 12 10 11 15 17 18 19 22 25 24 23 25 28 24 24 25
14 15 15 15 16 16 13 13 12 11 13 12 9 7 6 6 6 6 6 8 10 10 11 12 11 11 11 11 11 13 15 18 21 22 20 18 20 22 20 18 17 15 13 13 12 10 8 8 8 9 9 9 9 9 9 9 10 10 11 11 11 12 13 13 14 15 15 16 16 17 17 18 19 19 19 20 20 20 21 21 21 21 21 21 21 22 22 22 21 21 20 19 17 16 15 14 14 13 12 12 12 12 13 13 13 11 13 19 19 19 22 22 22 24 23 22 25 24 24 25
