69 72 75 77 79 81 81 81 79 79 85 89 90 90 91 93 94 96 97 99 101 104 106 106 106 106 107 108 110 110 110 111 113 115 117 117 118 118 117 116 116 117 117 116 115 117 118 118 117 117 117 116 116 116 117 117 117 118 118 117 118 117 117 116 116 116 116 116 116 116 116 116 115 114 114 114 115 115 114 113 113 113 112 111 111 111 111 110 109 109 109 109 107 105 103 102 101 101 100 98 97 96 95 94 93 94 94 93 92 92 91 89 87 86 83 80 76 72 66 60
70 73 75 77 78 80 81 82 80 80 86 88 89 90 91 92 94 95 97 99 101 103 105 106 106 106 106 107 108 109 110 112 113 114 116 117 118 120 118 116 116 117 117 117 117 118 119 119 119 119 118 117 117 118 119 119 118 118 118 118 118 118 118 117 117 117 117 117 116 116 116 116 115 115 114 114 115 115 115 113 113 112 111 110 110 110 110 110 109 109 109 109 108 106 103 102 101 100 99 98 97 97 96 95 95 95 94 94 93 92 92 90 88 86 84 81 78 73 68 62
71 73 75 76 78 79 81 82 82 83 86 88 89 90 91 92 93 95 97 99 101 103 104 105 106 106 106 107 108 109 111 113 114 115 115 116 118 120 119 117 116 117 118 119 118 119 119 119 119 119 118 118 117 119 120 119 119 119 119 118 118 119 119 118 118 118 118 117 116 114 115 115 116 115 115 115 115 115 114 114 114 113 112 111 110 110 110 110 109 109 109 108 107 105 104 103 102 100 99 98 98 98 97 97 96 96 96 95 94 93 92 91 89 86 84 82 79 75 70 64
72 74 75 77 78 79 80 82 84 85 86 87 89 90 91 92 92 95 97 99 102 103 105 105 105 105 105 107 108 109 112 114 115 116 115 116 118 120 119 118 117 117 118 119 119 119 119 119 118 118 118 118 117 119 120 120 119 119 120 119 119 119 119 119 118 119 119 118 117 116 116 116 117 117 117 116 116 115 115 115 115 115 113 112 110 110 111 110 109 109 108 107 106 105 104 103 102 101 99 98 98 98 98 97 97 97 97 96 95 93 92 91 89 87 85 82 79 76 70 64
73 75 76 77 78 79 81 83 84 85 86 87 88 90 91 92 93 95 97 99 101 104 105 106 105 105 106 107 110 110 111 115 116 116 115 117 119 119 119 118 119 119 119 120 120 120 120 119 119 118 118 118 118 119 120 120 120 120 120 120 119 119 119 119 119 119 119 120 119 118 118 118 118 118 118 117 117 117 117 117 117 116 114 113 111 111 111 110 109 109 107 107 106 106 105 104 102 101 100 99 98 98 98 97 97 97 97 96 95 94 92 90 89 87 85 83 80 77 71 65
73 75 77 78 78 79 81 83 84 84 85 87 87 88 90 91 93 95 97 99 101 103 106 107 107 107 108 109 111 111 111 114 116 117 115 116 118 120 119 119 120 120 120 119 120 120 120 119 119 119 119 119 119 120 121 121 120 120 120 120 119 119 119 119 119 119 119 120 120 119 119 119 119 119 118 118 117 117 117 118 117 116 114 113 112 111 110 110 109 109 108 107 106 106 105 104 103 102 101 99 98 98 98 98 98 98 97 96 95 94 93 91 89 87 85 83 81 78 73 67
73 75 77 78 78 79 81 83 83 84 85 86 87 88 89 91 93 95 96 99 101 103 105 107 108 109 109 109 111 112 112 113 116 117 117 116 118 119 119 118 119 120 120 118 118 119 119 117 118 121 121 121 121 121 121 120 119 120 120 119 120 120 119 119 118 118 118 119 119 120 119 119 119 119 118 118 118 118 118 118 117 116 114 113 112 111 110 110 109 109 108 107 106 105 104 103 102 102 101 100 99 98 98 98 98 99 98 97 95 94 93 91 89 87 85 84 82 79 75 69
73 75 76 77 78 79 81 81 82 83 84 85 86 87 89 91 93 95 97 99 101 103 104 106 107 109 110 110 111 113 113 114 116 117 117 116 117 118 118 118 119 120 120 118 117 119 120 119 119 122 122 121 120 121 120 119 119 118 118 119 120 120 119 119 118 118 118 118 119 119 119 118 118 118 119 119 118 118 118 118 117 116 115 114 113 111 111 111 110 109 108 107 105 104 102 101 101 101 100 99 98 98 98 97 97 97 97 96 95 94 93 91 90 88 86 84 82 80 77 73
72 74 75 76 77 79 80 80 81 82 83 84 85 87 89 90 93 95 98 100 102 103 105 106 107 109 111 111 111 113 114 115 116 116 115 115 116 117 117 117 118 120 120 119 118 119 121 122 122 123 123 121 120 120 120 119 118 118 117 118 119 120 119 118 118 118 118 118 118 118 118 118 118 119 119 119 118 118 118 118 118 116 115 115 114 112 111 111 110 108 107 106 104 102 100 100 100 99 99 98 97 97 97 97 96 95 95 95 95 94 93 91 90 89 86 84 82 80 78 75
72 73 74 75 76 78 79 79 80 81 81 82 84 86 88 90 93 96 98 100 102 104 106 108 109 110 110 111 112 113 115 116 117 116 115 115 115 115 115 115 117 120 121 120 119 119 121 123 123 123 123 122 121 120 120 119 118 118 117 117 118 118 119 119 118 118 119 119 118 118 118 119 119 119 120 119 118 118 118 119 119 117 116 116 114 112 111 110 108 106 105 104 102 100 99 99 98 98 97 96 95 95 95 95 94 93 93 93 92 92 92 91 90 89 87 85 83 81 79 77
72 72 73 74 75 77 78 78 79 79 79 80 82 84 86 89 93 96 99 101 103 105 107 109 110 110 110 111 112 113 114 116 118 118 117 116 115 115 115 115 117 119 121 121 120 120 121 123 125 124 123 123 122 121 121 120 118 118 118 117 117 118 118 119 119 119 120 119 118 118 119 119 119 120 120 120 119 119 119 119 119 118 117 116 114 112 111 109 106 104 103 101 99 98 98 97 97 96 95 93 92 91 91 90 90 90 90 90 90 90 90 89 88 88 86 84 83 81 79 77
72 72 72 72 74 75 76 76 76 76 75 77 79 80 83 86 90 94 98 101 104 106 107 108 109 110 110 111 111 112 113 115 118 119 119 117 116 116 115 115 118 119 121 122 122 123 124 125 126 125 124 124 124 123 122 121 119 118 119 118 118 118 119 119 119 119 118 118 118 118 119 119 119 120 120 120 120 119 119 118 118 118 117 116 113 111 110 108 105 102 100 99 97 96 95 94 93 92 90 87 85 84 84 83 83 84 84 84 85 87 88 87 86 86 85 83 82 81 79 78
72 72 71 71 72 73 73 73 73 72 71 71 73 74 76 80 84 88 94 98 101 104 105 106 107 108 109 110 111 112 113 114 116 117 119 118 117 116 114 114 117 120 121 122 123 125 126 127 127 126 125 125 125 124 123 122 121 120 120 119 119 119 119 119 119 117 116 117 118 119 119 119 119 119 120 120 119 118 117 117 117 117 117 115 113 111 109 107 104 101 99 97 95 93 91 89 88 86 84 81 78 76 74 74 74 75 76 77 80 82 84 84 83 83 83 82 81 81 80 78
71 71 70 70 70 70 70 70 69 68 66 65 65 65 67 70 74 79 84 90 94 98 101 103 105 105 106 107 109 110 111 112 113 114 115 116 115 114 113 113 116 120 120 121 122 124 126 127 126 125 124 124 124 123 122 122 122 122 122 121 120 119 119 118 118 116 114 115 117 118 118 118 118 119 120 119 118 117 116 116 116 116 115 113 111 108 106 104 101 98 96 94 92 89 86 84 82 81 78 74 70 68 66 64 63 64 66 69 72 75 77 77 78 80 80 80 80 80 80 79
71 70 68 67 67 67 66 65 63 62 60 58 58 59 61 63 65 68 72 77 82 88 93 96 100 101 101 102 104 107 108 108 110 112 113 115 115 113 112 113 115 118 119 120 121 124 126 127 125 123 122 122 121 120 118 119 121 122 123 122 121 119 118 118 117 115 113 114 117 118 117 116 116 118 118 118 117 115 115 114 113 112 112 110 107 104 102 99 96 94 92 89 87 85 82 78 76 74 72 68 65 62 60 58 55 54 55 58 62 65 68 70 72 75 77 78 79 80 80 79
69 68 66 64 63 61 60 59 57 55 53 52 54 56 57 58 61 63 64 67 72 76 80 85 90 94 95 96 97 98 100 102 105 108 110 111 112 112 112 112 112 114 116 118 120 123 125 125 123 121 120 119 118 117 115 117 120 122 122 122 120 118 117 116 115 114 112 112 115 116 115 113 113 114 115 115 114 113 112 111 109 107 105 103 101 98 95 91 89 87 85 81 79 77 75 72 70 68 65 63 61 58 56 54 52 49 47 48 50 53 57 60 65 69 72 75 77 79 79 79
67 65 62 60 58 55 53 52 50 49 49 50 53 54 55 55 57 59 60 62 62 63 66 69 74 80 84 85 87 87 89 92 95 99 103 105 105 106 107 109 110 110 112 116 118 120 122 121 120 118 117 117 116 114 114 116 119 121 121 121 119 117 115 114 112 111 110 111 112 112 111 109 109 110 112 112 112 110 107 104 102 99 95 92 89 85 82 79 78 76 73 71 70 68 65 62 61 60 58 57 58 57 54 52 50 48 45 43 43 44 46 50 56 62 67 71 75 78 79 79
65 62 58 55 52 50 49 47 46 46 46 47 49 49 50 50 50 51 53 54 52 51 53 55 57 62 65 68 70 72 75 78 82 86 91 93 94 95 98 102 104 105 109 112 114 116 118 118 117 115 115 115 114 113 113 115 117 119 119 119 118 116 115 113 111 110 110 110 110 109 106 105 105 106 107 107 106 103 99 95 91 87 81 77 74 71 68 66 65 62 59 58 57 56 54 51 49 48 49 51 53 54 54 52 50 47 45 43 42 41 40 41 46 53 60 66 72 76 78 78
63 59 55 51 48 47 46 46 45 45 46 46 46 46 46 46 44 43 44 45 44 44 43 43 45 47 49 51 54 56 59 63 66 70 74 77 78 80 84 89 94 98 102 106 109 111 113 114 113 111 112 113 113 111 112 114 116 118 118 118 117 116 115 114 111 109 108 108 107 105 101 99 100 100 99 98 96 93 89 84 79 73 66 62 60 57 55 53 52 50 47 45 44 43 43 42 41 41 42 44 47 51 53 53 52 51 49 47 44 42 40 39 40 44 52 60 67 73 76 77
62 57 53 48 45 44 45 46 47 47 48 48 47 46 46 45 43 40 38 38 38 38 37 35 35 38 41 42 42 42 43 46 48 52 56 61 63 66 70 74 80 86 91 95 100 104 107 108 108 108 110 111 111 111 112 113 114 116 117 117 116 116 116 115 112 108 106 105 103 100 96 94 92 91 89 87 85 82 76 70 63 58 51 47 44 42 39 38 37 36 36 36 35 34 34 35 35 37 38 39 44 49 53 54 55 55 55 54 52 49 46 43 41 41 46 53 61 68 73 75
62 58 52 47 44 44 44 46 47 49 50 51 51 50 50 48 45 41 37 34 32 33 33 32 31 31 34 36 35 33 34 35 36 38 42 47 50 52 55 60 67 73 78 83 89 94 97 99 102 104 107 108 108 109 111 111 113 114 114 115 115 114 114 114 112 108 105 101 98 95 91 88 84 81 79 77 74 69 63 55 49 43 38 35 32 30 28 27 26 26 27 28 28 29 31 32 35 37 39 41 44 49 53 55 58 60 61 60 59 57 55 51 47 44 45 49 55 64 71 74
63 59 54 49 46 45 46 47 48 49 51 52 53 53 53 52 50 47 43 39 34 31 30 31 31 30 31 32 32 30 31 32 33 33 33 34 36 39 44 49 55 62 67 72 78 84 87 90 93 98 102 104 103 106 109 110 112 112 110 111 113 112 112 111 110 108 103 97 94 90 86 81 76 73 70 67 63 57 51 45 39 34 31 28 28 28 28 27 26 26 26 27 27 29 31 34 38 42 46 48 51 54 57 57 60 62 65 66 67 67 67 63 57 52 51 52 54 59 67 72
63 60 56 53 51 50 50 50 51 53 54 54 55 56 55 56 55 54 52 51 48 43 37 34 35 35 34 33 33 32 32 34 36 36 34 31 31 33 37 42 49 57 63 66 70 76 81 82 84 88 94 98 100 103 106 108 110 110 107 107 109 110 109 108 106 104 100 94 90 85 80 74 68 64 62 60 55 49 45 40 35 31 30 29 30 32 32 31 31 32 33 34 35 37 40 44 48 52 55 57 57 58 60 61 62 63 65 67 69 71 73 73 69 62 59 57 57 60 66 70
64 61 58 56 55 56 56 56 56 57 57 59 61 62 61 61 62 62 63 63 63 61 55 49 46 44 43 41 40 39 37 38 40 42 41 37 34 33 36 39 44 52 59 63 66 70 75 76 77 79 85 91 95 99 104 107 109 109 106 105 106 107 107 105 102 100 97 92 87 81 74 68 61 57 55 54 51 46 43 39 36 35 35 36 38 39 38 38 40 43 46 48 50 54 57 61 65 68 69 69 67 65 65 66 67 69 70 71 72 73 75 77 76 72 68 64 62 63 66 70
64 62 59 59 60 61 62 63 63 63 63 64 67 70 71 71 71 73 75 77 78 77 74 69 63 59 57 55 52 51 49 47 47 48 48 45 41 38 39 40 44 49 55 60 63 66 69 72 74 75 79 84 90 95 102 106 108 107 106 105 105 104 103 104 102 100 96 90 84 77 68 60 55 53 51 48 46 43 43 43 43 43 44 44 46 46 47 49 54 58 62 64 67 71 75 78 82 84 83 82 79 76 75 74 74 75 76 77 78 78 79 81 82 80 75 71 67 66 68 70
63 61 60 60 62 65 67 69 71 72 72 72 74 77 79 82 83 83 86 90 92 92 90 87 82 78 74 70 67 65 63 60 57 57 56 53 49 46 45 45 46 49 55 60 63 64 66 70 73 74 75 80 86 92 100 105 107 107 106 105 105 102 101 103 103 100 95 89 82 73 63 56 52 51 50 47 46 47 48 49 51 52 52 53 54 54 56 61 67 71 74 77 79 82 85 89 92 94 94 92 90 86 83 82 81 80 80 81 84 85 85 84 85 85 81 76 72 69 70 71
62 60 60 62 65 68 70 73 76 78 80 81 82 84 86 90 91 92 93 97 101 103 103 100 97 92 87 84 81 79 75 71 67 65 65 63 59 56 55 53 50 51 56 61 63 63 65 70 75 76 77 79 84 91 98 105 108 108 107 107 106 104 103 104 103 100 94 87 79 70 62 57 54 51 50 50 51 52 53 55 57 58 60 62 63 64 67 71 76 80 83 85 88 91 93 96 98 100 99 98 96 93 89 86 83 80 78 80 84 88 89 87 87 87 84 79 75 73 72 73
62 61 62 65 68 71 74 76 79 81 83 85 86 88 90 93 95 96 99 102 105 108 109 108 105 100 96 94 92 89 86 82 78 73 73 72 69 66 63 60 56 54 57 61 62 62 65 71 77 79 80 81 84 90 97 104 107 108 108 108 107 106 106 105 103 99 92 85 77 69 63 59 56 53 53 52 53 54 56 59 61 63 66 68 69 72 75 80 84 86 88 90 93 95 97 99 101 101 100 98 95 91 86 82 79 75 72 73 78 84 85 84 83 82 81 79 76 74 73 74
63 63 64 65 68 71 73 76 78 80 81 83 84 85 87 90 93 96 101 105 108 111 112 111 109 105 101 99 98 96 94 90 86 82 80 79 78 75 72 68 64 62 60 61 62 63 64 69 73 76 78 79 83 89 96 103 107 109 109 109 107 106 106 105 102 98 91 84 76 69 64 60 57 56 56 56 57 59 62 65 67 70 72 73 75 78 83 88 90 91 92 93 94 94 95 96 95 92 89 85 81 77 73 69 66 61 57 57 61 67 70 69 68 68 67 66 66 66 67 68
60 59 59 59 59 60 62 63 65 67 67 70 71 72 73 75 78 82 89 95 102 107 108 108 106 103 101 99 98 98 96 94 91 89 87 86 86 85 81 77 72 68 65 63 63 63 64 65 67 70 73 76 81 89 96 101 106 110 110 109 108 106 106 105 102 97 92 85 76 69 64 61 59 58 58 59 61 64 68 71 73 75 76 77 79 82 86 89 90 90 88 84 78 74 71 69 66 63 59 56 54 54 52 49 47 45 43 43 42 44 47 48 48 49 48 48 48 50 51 53
49 47 46 44 42 40 41 42 43 43 44 45 45 45 46 46 46 48 52 58 64 69 73 76 77 76 76 77 78 79 81 83 84 86 90 90 90 90 86 80 75 71 69 66 65 64 64 64 64 67 70 76 83 90 96 101 107 110 111 110 109 108 107 105 101 96 90 83 74 67 63 60 59 58 60 62 65 69 73 75 76 76 75 74 73 73 72 68 64 60 54 47 40 35 31 28 28 31 30 31 33 35 35 35 36 36 37 38 37 37 38 39 39 40 40 41 41 42 45 46
41 39 37 35 34 34 35 37 36 36 37 35 33 33 33 34 32 29 30 29 26 25 26 27 28 29 30 32 33 35 38 42 47 54 63 69 72 76 77 74 71 71 72 71 70 68 65 63 64 66 71 77 84 90 96 102 107 112 113 111 110 109 107 104 99 93 86 79 72 65 62 59 58 59 61 66 69 71 70 68 63 58 52 46 42 38 31 25 23 21 21 21 21 23 26 29 33 36 39 42 44 44 45 48 48 49 50 49 50 51 52 52 52 51 50 50 47 46 45 45
44 43 43 45 47 47 47 48 50 51 52 50 50 51 53 56 56 55 51 47 45 44 39 35 32 30 27 25 24 22 21 20 19 20 23 25 29 34 39 44 47 52 59 63 65 65 64 63 64 67 71 77 83 89 95 102 108 112 113 112 110 109 107 103 97 89 81 76 70 66 63 60 59 59 59 58 55 50 45 38 32 25 20 17 17 19 19 22 26 31 35 39 43 47 51 55 59 61 65 66 66 65 66 66 66 65 64 64 64 64 64 66 66 65 65 64 62 58 53 52
56 58 59 59 60 61 61 62 64 66 68 69 70 73 76 80 86 88 86 85 82 80 77 72 69 66 62 60 57 53 48 43 38 30 22 18 16 15 15 17 20 23 29 34 39 44 48 51 54 59 66 73 79 86 93 99 106 110 112 111 109 107 104 99 92 84 76 71 67 61 56 50 45 41 36 30 25 20 18 17 18 21 27 32 36 40 46 50 51 53 54 55 56 59 64 68 74 79 81 79 75 72 71 71 70 67 65 65 64 63 62 63 64 65 66 67 69 69 67 65
74 70 66 64 65 67 69 72 73 73 75 75 77 81 82 87 92 92 99 97 85 78 77 73 71 69 69 68 68 68 68 68 67 63 58 54 49 44 37 31 25 20 18 19 20 23 26 27 28 33 40 49 56 65 74 83 92 99 102 102 99 95 90 82 72 62 53 46 42 36 29 25 22 19 15 14 16 20 27 35 44 50 55 55 55 55 53 52 52 54 56 59 63 67 76 82 86 89 86 84 79 74 71 69 68 64 62 62 60 58 57 56 56 57 58 60 62 64 66 67
67 66 66 68 71 74 77 77 75 74 74 75 78 78 74 75 77 75 81 83 74 69 68 67 66 65 64 64 64 64 64 64 65 67 73 77 78 77 73 68 60 50 39 32 25 19 16 15 15 16 17 18 20 25 30 38 45 50 53 58 56 51 45 38 34 30 25 19 16 15 14 12 12 16 22 32 43 53 58 64 64 62 58 54 51 50 50 52 56 60 63 64 66 66 69 72 76 79 79 78 75 72 70 67 65 62 60 61 61 58 55 52 51 52 52 53 55 56 58 59
64 69 72 74 76 79 79 77 74 72 71 74 78 75 67 61 58 57 57 59 59 57 57 58 59 59 60 60 60 61 62 62 64 66 69 77 83 81 79 76 74 70 64 59 54 45 34 25 17 12 9 9 10 11 14 18 20 20 19 19 18 18 19 25 31 30 22 13 9 9 11 18 30 42 54 62 65 66 64 62 58 54 51 51 50 50 51 51 50 49 48 45 43 43 42 43 47 56 64 64 62 62 61 61 61 59 57 59 60 59 55 52 50 50 50 51 52 52 53 53
67 70 71 75 78 79 78 74 69 66 63 63 61 57 50 44 42 41 39 39 37 35 34 36 38 37 37 38 40 43 47 50 55 60 65 72 83 83 75 71 67 65 62 59 59 58 55 49 41 29 17 9 8 9 11 14 17 19 18 15 14 18 24 29 30 24 15 10 9 14 29 47 57 62 63 61 58 55 53 51 50 50 51 50 47 43 39 34 30 32 37 32 25 28 30 28 27 36 46 50 48 47 47 48 50 52 54 55 55 56 55 53 51 50 50 50 50 50 50 49
64 67 71 74 76 77 74 68 62 57 52 47 42 38 33 29 29 29 30 30 26 20 19 21 20 17 15 18 23 30 36 40 44 45 50 58 71 79 76 69 65 62 58 54 54 55 54 52 52 50 38 19 8 7 7 7 8 10 11 12 12 13 14 15 14 13 11 8 13 33 54 56 55 54 53 50 48 47 47 47 50 53 49 42 37 35 31 24 22 24 27 24 17 19 30 35 30 36 50 53 45 39 36 38 41 46 53 57 56 56 57 57 56 54 53 53 53 52 50 49
60 64 67 69 71 74 69 63 58 52 48 42 37 33 28 25 26 29 33 36 28 18 16 15 12 10 10 11 18 28 35 48 56 47 40 39 48 60 69 68 64 62 60 58 56 57 55 51 48 50 51 34 11 5 5 5 6 10 13 15 16 15 13 11 10 9 7 7 20 47 59 52 50 48 46 45 45 46 48 52 54 49 39 34 38 44 38 23 18 17 14 13 11 12 21 34 36 44 58 60 52 44 38 39 41 48 56 59 59 59 61 63 63 62 61 58 57 56 53 52
54 59 63 65 68 70 67 63 58 54 52 48 43 37 32 30 31 35 40 44 35 20 15 14 11 10 10 10 13 20 29 55 74 61 46 37 33 39 53 62 65 67 70 70 65 61 58 54 49 48 51 39 14 4 4 7 12 17 23 27 30 28 23 18 13 9 6 6 22 49 60 50 45 43 43 44 46 50 54 58 51 38 33 38 49 59 50 26 16 14 11 11 12 12 14 19 27 44 61 63 57 49 43 41 44 51 56 56 58 65 68 72 75 70 68 65 61 59 57 56
50 54 58 62 64 66 66 65 62 59 58 55 51 44 39 38 38 41 46 50 45 29 17 14 13 11 11 11 13 16 32 65 81 69 55 45 37 33 39 52 64 70 75 76 72 64 57 55 52 50 49 36 12 4 8 15 22 32 45 55 58 54 45 33 24 17 11 7 19 44 55 40 36 40 43 46 51 57 60 54 42 37 43 47 54 65 61 37 19 16 14 13 13 14 15 17 27 53 69 68 59 52 47 44 47 54 57 58 61 70 74 81 88 78 71 70 64 61 61 61
51 51 54 57 60 62 65 66 65 63 61 59 55 51 49 48 47 47 49 53 55 44 27 17 14 13 13 13 14 22 47 75 80 70 57 46 40 37 36 42 53 64 69 70 68 61 51 46 44 47 49 34 11 8 17 25 34 54 75 87 91 88 75 56 38 27 19 9 14 34 44 29 31 40 44 49 57 64 61 48 40 43 50 49 51 60 65 51 28 18 16 15 15 14 16 23 43 65 73 69 61 55 51 49 51 56 60 64 66 70 78 89 95 84 73 71 67 65 65 66
55 52 52 54 56 59 62 66 67 65 63 61 59 57 57 58 57 55 54 55 58 56 46 33 25 21 19 19 24 38 57 66 64 59 52 47 46 47 49 49 52 62 67 66 63 58 49 38 32 37 45 33 13 15 26 34 49 76 99 110 112 112 104 82 54 36 29 17 11 28 41 34 33 38 42 49 60 67 64 55 52 52 51 49 48 51 58 59 46 29 20 18 18 20 26 38 56 67 69 65 62 59 58 58 59 62 66 69 71 73 81 93 98 89 77 71 69 68 69 71
62 56 53 52 54 56 60 64 66 66 65 64 63 62 63 65 65 65 64 64 63 62 59 53 49 43 38 37 42 49 54 55 56 58 58 58 60 63 66 67 66 68 67 62 57 52 46 35 31 38 43 31 14 21 31 41 63 90 109 118 120 120 117 102 73 46 37 26 13 26 44 43 30 33 38 48 59 69 72 72 73 72 67 62 57 56 56 58 57 49 39 34 34 38 45 53 58 62 65 65 66 67 68 68 68 68 70 73 76 77 80 92 98 90 81 71 71 72 73 75
69 62 56 54 53 56 60 64 66 68 67 66 65 65 66 68 70 72 74 74 74 72 68 65 62 59 54 54 56 58 60 62 65 66 67 68 69 72 75 76 73 69 64 57 48 39 34 29 31 42 46 30 16 25 34 48 74 98 113 119 120 121 120 110 86 57 39 29 17 22 42 43 26 26 31 42 56 68 77 83 87 84 78 72 69 67 66 63 62 60 55 51 51 53 56 59 61 65 69 72 74 75 75 75 73 72 72 75 79 80 81 91 93 89 81 73 73 75 77 79
76 69 62 58 56 57 61 65 68 70 70 69 68 67 68 70 71 73 76 78 79 80 79 78 75 73 71 70 69 68 68 68 68 68 68 69 70 72 74 74 71 65 58 50 39 28 26 24 25 38 47 27 18 28 37 55 82 102 113 118 120 121 120 115 98 72 45 31 19 17 38 43 29 25 26 35 52 65 75 82 84 82 76 72 69 67 66 66 67 68 67 65 65 67 70 72 74 75 77 79 80 80 78 76 74 73 74 77 81 84 84 88 89 87 83 76 76 78 80 81
81 76 70 64 61 61 63 66 69 72 72 72 71 71 72 72 73 73 74 76 77 78 79 79 78 77 75 74 72 71 70 70 69 68 68 69 71 71 71 70 67 62 56 47 36 25 22 21 25 38 43 24 21 31 43 64 87 102 111 116 118 117 116 113 103 83 55 35 22 17 32 49 34 21 25 35 49 63 73 77 78 77 75 72 69 66 64 63 65 67 70 72 73 74 77 79 80 79 79 80 81 79 77 76 75 75 76 79 84 86 86 86 86 85 84 80 79 80 82 83
84 81 76 71 69 68 68 69 72 74 75 76 76 76 76 76 76 76 76 77 77 77 77 77 76 76 75 74 74 73 73 72 72 71 71 71 71 71 70 69 67 63 57 49 39 28 21 19 28 44 37 18 24 35 52 74 90 101 108 112 113 112 110 107 101 89 67 42 25 18 26 49 39 25 34 43 53 66 74 76 76 75 75 75 74 72 69 67 65 66 68 70 71 73 75 77 77 77 76 77 78 78 78 78 78 80 80 83 87 88 89 88 88 86 86 84 83 83 84 85
86 84 81 78 77 76 74 74 75 77 79 80 81 82 81 80 79 79 80 80 80 80 79 78 78 77 77 77 77 75 75 74 74 73 72 72 72 72 71 70 69 67 62 53 46 38 27 24 38 49 29 19 29 43 62 78 89 98 103 107 108 107 106 105 102 96 79 54 32 20 22 46 55 44 45 51 61 72 78 78 77 76 75 76 76 76 76 74 73 72 72 72 72 73 75 76 78 78 79 80 80 81 83 84 84 84 84 86 89 91 92 92 91 90 89 87 86 86 87 88
88 86 85 84 84 84 81 80 79 81 83 84 86 86 86 84 82 82 83 84 84 84 83 82 81 80 80 79 79 77 76 75 75 74 72 71 71 72 71 71 72 72 66 56 51 49 41 42 53 48 21 23 37 51 62 69 84 95 100 103 104 103 103 104 103 99 88 66 42 25 19 42 69 58 53 57 67 78 83 82 80 78 77 75 75 76 77 78 80 81 80 80 80 80 82 83 84 85 86 86 87 88 90 90 89 88 88 90 92 94 95 96 96 94 92 91 91 91 90 90
89 89 89 90 90 90 88 85 84 85 86 87 88 90 91 89 87 86 86 86 86 87 86 84 83 82 81 80 79 77 77 76 75 74 72 71 72 73 73 75 77 77 69 59 56 55 52 58 61 39 20 32 46 58 57 60 81 94 97 100 101 100 100 101 101 99 94 79 55 33 20 32 66 69 59 61 69 81 86 86 84 82 78 76 75 75 77 79 81 84 85 87 88 89 90 92 93 93 93 93 94 95 96 97 96 94 93 94 95 96 98 99 98 97 95 94 94 94 93 94
91 92 93 94 94 94 93 90 89 89 89 90 91 93 94 94 92 90 88 88 89 89 87 85 84 83 81 80 78 77 76 76 75 74 74 73 75 77 79 81 82 80 71 62 61 60 61 69 59 30 26 42 57 68 68 73 87 95 97 99 101 99 97 99 100 100 98 91 72 48 27 22 54 79 69 65 71 83 90 91 90 87 82 79 77 76 77 78 81 83 85 88 91 92 93 95 96 97 98 98 99 100 101 101 101 100 98 98 98 98 99 100 100 99 98 97 97 96 95 96
93 94 97 98 99 99 97 95 94 93 93 94 95 96 98 99 97 94 92 92 92 92 90 87 85 83 81 79 77 76 76 75 75 76 76 77 79 83 85 85 84 81 73 66 66 65 71 77 57 32 37 53 69 78 82 87 94 98 99 101 101 98 97 99 101 101 100 96 86 68 45 32 51 83 84 72 73 86 94 95 96 94 89 85 82 80 78 79 80 82 84 86 89 90 93 95 96 97 100 101 101 102 103 103 104 104 102 101 101 101 101 103 104 103 101 100 98 96 94 93
98 97 99 102 104 104 103 102 100 98 98 99 99 100 101 102 101 99 97 96 95 95 93 91 88 85 82 80 78 78 77 78 79 81 80 80 82 85 87 87 86 83 76 70 69 72 82 82 61 44 51 67 79 84 87 91 97 100 102 103 101 99 98 100 101 101 100 100 98 90 70 51 52 76 93 86 79 86 96 99 100 100 97 94 90 87 83 81 81 81 82 84 86 88 91 93 95 97 99 101 102 103 105 105 106 106 105 105 104 104 104 105 106 105 103 100 98 96 95 93
102 101 102 106 108 109 108 107 107 105 104 104 104 104 104 105 104 102 100 98 97 96 95 93 90 88 85 82 81 82 83 84 85 86 86 86 87 88 89 90 90 87 82 75 75 86 91 77 59 55 69 82 89 90 91 94 98 102 105 105 103 101 101 101 101 100 98 100 103 102 90 69 54 61 81 93 93 94 99 102 104 105 103 101 98 95 90 87 85 83 83 85 87 88 90 92 94 96 99 101 103 104 106 107 107 108 108 108 109 107 107 107 106 105 103 101 100 98 96 95
103 101 102 106 110 111 111 110 111 111 111 110 110 109 109 109 107 105 103 101 99 98 96 94 92 91 88 85 85 87 89 90 90 90 91 92 92 92 93 94 94 93 90 88 89 92 84 67 59 70 85 95 98 96 94 96 99 103 105 105 105 104 104 104 104 102 99 98 101 103 99 87 69 61 69 85 96 100 103 106 108 109 109 107 106 103 100 96 93 91 90 90 91 91 91 92 93 97 100 103 104 106 108 110 110 110 110 109 108 106 104 103 102 101 101 101 101 99 98 96
107 103 100 101 104 108 109 111 112 113 114 115 116 116 116 114 112 109 107 105 103 101 99 96 95 95 94 93 93 94 94 94 94 94 95 96 96 97 97 98 99 100 99 96 91 83 71 63 71 87 97 102 103 100 96 97 101 104 104 105 105 106 106 106 106 105 102 99 99 100 100 97 88 77 76 83 91 97 102 106 108 109 110 110 110 109 107 105 104 102 100 98 98 97 95 95 97 99 102 104 106 107 108 109 108 106 105 103 101 100 99 99 99 99 100 101 101 100 99 97
113 111 108 104 101 100 102 104 107 109 111 114 117 119 120 119 117 114 112 111 108 105 104 102 101 100 99 99 100 99 98 98 99 100 101 101 100 100 99 99 100 100 98 91 83 75 68 72 85 98 105 109 107 101 97 97 101 104 105 106 106 106 107 107 107 107 105 102 100 100 100 101 99 92 87 87 90 94 99 103 104 106 108 109 109 108 108 107 107 106 105 104 103 101 99 99 101 102 102 103 102 102 102 102 101 100 99 98 97 98 97 97 97 98 100 101 102 102 101 99
113 115 115 113 109 103 99 99 100 103 105 107 110 113 115 117 117 117 117 115 113 111 110 108 106 105 105 105 105 104 103 102 103 103 103 102 100 98 98 98 99 97 93 86 78 72 74 84 95 102 109 116 113 104 98 97 100 104 107 108 107 107 108 108 109 107 104 101 100 101 102 102 101 98 94 90 91 94 99 102 103 105 107 108 108 108 109 109 109 108 106 105 104 102 100 99 100 100 99 99 100 101 101 101 100 99 99 98 97 97 97 97 98 99 101 102 104 104 102 100
110 113 115 114 112 107 102 100 99 100 99 99 100 102 104 106 108 110 111 111 111 110 109 109 109 109 109 108 107 104 103 102 103 103 102 100 99 99 98 98 98 97 92 84 79 81 87 95 98 99 107 116 116 107 99 98 100 102 105 107 107 107 109 110 109 107 104 100 99 100 101 100 100 99 98 95 93 96 101 104 105 105 106 107 107 108 110 111 110 110 110 109 108 105 103 103 103 102 100 100 100 101 102 102 102 102 102 102 101 101 100 100 101 102 104 105 106 106 104 101
108 111 112 112 110 106 102 100 100 100 98 97 98 100 101 102 103 104 106 106 105 104 105 106 106 105 105 105 104 103 103 104 105 106 104 102 101 101 101 100 99 97 93 87 87 92 97 99 97 96 101 109 111 106 100 97 98 100 103 105 106 107 108 109 108 105 102 99 97 97 97 97 97 97 98 98 97 99 103 106 108 109 110 110 111 112 112 112 111 110 111 111 110 108 105 105 106 105 104 104 105 105 106 107 108 109 109 110 109 107 105 104 104 106 107 108 108 107 106 103
107 109 110 110 109 107 104 102 102 102 100 100 100 101 103 103 104 105 106 106 105 105 106 107 107 106 106 106 106 106 107 109 111 109 108 108 107 107 108 107 105 102 98 95 95 97 99 98 95 94 99 104 105 103 99 96 96 99 103 104 105 105 104 105 104 102 99 97 95 94 93 94 94 95 97 98 99 101 105 109 112 114 115 115 116 118 119 118 117 115 114 114 115 113 111 111 111 111 111 112 112 113 114 114 114 116 118 118 116 114 111 109 108 109 109 110 110 109 106 104
107 109 109 110 111 111 109 107 107 107 106 105 105 105 106 106 106 105 106 106 105 105 106 108 108 109 109 109 109 111 113 114 114 113 112 112 113 115 114 112 110 107 102 99 98 98 97 95 93 94 97 100 102 100 98 95 96 99 102 103 103 102 102 104 103 100 97 95 94 92 90 90 91 92 94 97 98 101 105 110 114 117 119 120 120 122 124 124 123 121 120 121 122 121 120 120 119 118 119 120 121 121 121 119 119 121 124 125 123 120 117 113 111 111 111 111 111 109 106 103
106 108 110 112 114 116 116 115 115 114 113 112 111 112 112 111 110 110 110 110 109 109 111 111 111 113 115 115 116 118 119 118 118 115 111 109 114 118 118 116 112 108 103 100 99 97 95 93 92 92 94 96 97 98 96 93 94 97 99 100 102 102 103 104 103 100 96 93 92 91 89 88 88 90 92 94 97 101 104 108 111 116 120 122 123 124 126 126 126 126 125 125 127 127 126 126 126 125 126 127 127 127 126 124 124 125 127 128 126 124 121 117 113 113 113 113 112 110 108 106
105 107 110 113 116 119 120 120 121 121 120 120 120 119 120 119 118 118 119 119 118 118 119 118 119 121 123 124 125 125 125 123 119 109 98 100 111 118 119 116 111 107 104 101 97 94 92 90 90 91 91 92 94 96 95 93 93 93 94 97 100 101 102 103 102 99 94 91 90 90 89 87 86 87 89 91 95 100 104 107 110 113 118 121 123 123 124 126 127 126 125 125 126 127 127 129 129 129 129 130 131 130 129 128 128 129 130 131 129 127 124 121 117 115 116 115 114 112 110 108
104 106 109 112 116 121 123 124 125 125 126 127 127 127 129 129 128 128 128 128 129 128 128 128 129 131 131 131 132 132 130 127 118 103 93 99 111 118 117 114 111 109 105 101 95 91 89 88 88 88 89 91 94 95 95 94 93 91 92 95 99 102 103 103 102 98 94 90 89 88 87 85 85 85 86 87 92 98 104 108 111 113 116 119 121 121 122 124 125 124 122 123 125 126 127 130 131 131 131 132 132 131 129 130 132 133 132 133 132 130 127 123 119 118 118 118 116 113 111 109
103 106 108 112 116 121 124 126 127 128 128 130 131 133 135 137 136 136 135 134 135 135 135 135 136 136 135 134 135 135 132 128 121 112 105 108 114 117 116 115 113 109 105 99 93 89 87 85 84 84 87 91 93 94 95 95 94 93 95 98 101 104 104 104 102 99 94 90 88 87 85 84 83 82 82 83 88 95 103 109 112 114 115 117 119 120 120 121 123 124 123 125 126 126 127 129 130 131 132 132 131 130 129 130 133 133 132 133 133 131 127 123 120 119 119 118 117 114 111 110
102 104 107 111 115 120 124 126 129 130 131 132 133 135 138 140 140 140 138 136 135 134 135 136 136 137 137 136 135 134 131 128 124 121 116 114 116 118 118 116 113 108 102 95 89 85 84 83 81 81 84 89 92 93 94 95 96 98 99 102 104 105 105 106 104 101 96 92 89 87 85 82 80 79 79 80 84 92 101 108 112 114 115 116 118 119 118 119 122 124 125 126 127 126 126 126 127 130 131 130 130 129 129 131 132 132 131 132 132 131 128 123 121 120 118 117 116 113 111 109
101 104 107 111 115 120 124 127 130 131 133 135 135 137 138 139 141 140 138 135 132 130 131 133 133 135 137 135 134 132 130 128 126 124 121 118 117 117 117 114 110 104 97 89 83 81 81 80 80 80 83 87 89 91 93 95 98 102 107 110 111 110 108 108 107 103 99 95 91 89 86 83 80 78 77 77 80 87 96 104 110 113 115 116 117 117 116 117 120 122 123 124 125 125 125 124 125 128 129 127 125 125 128 131 131 132 132 132 131 131 129 124 122 121 118 118 117 113 110 109
101 104 108 112 116 120 124 127 130 131 133 135 137 138 138 138 139 139 137 134 131 130 131 131 132 133 135 134 132 130 129 128 126 124 121 117 115 115 113 110 105 99 91 83 79 79 80 80 80 82 84 87 88 90 92 95 97 103 110 115 116 114 112 111 111 108 103 98 95 92 89 85 82 79 78 77 78 82 90 99 107 111 114 115 116 116 115 116 118 119 120 120 121 123 124 124 125 127 127 124 122 124 128 131 132 133 132 131 131 131 129 126 124 122 120 118 116 113 110 109
101 105 108 111 115 119 123 127 130 132 133 134 135 136 137 137 138 139 138 136 133 132 132 132 132 132 134 133 130 128 127 127 125 123 120 116 114 112 109 106 101 95 87 80 79 80 81 81 81 81 83 86 89 90 91 93 97 103 108 110 112 114 114 115 115 113 108 102 98 95 91 89 85 83 81 81 80 80 84 93 102 107 111 113 115 115 115 115 116 117 117 117 119 122 122 122 124 125 125 124 122 124 128 130 132 132 131 132 131 130 129 127 125 123 120 118 116 112 109 108
100 104 107 110 113 117 121 126 129 131 133 133 133 133 133 136 138 139 139 137 135 133 132 131 131 132 133 133 130 128 126 125 123 122 120 116 112 109 106 102 97 90 82 80 82 83 82 81 79 78 81 85 88 87 88 91 98 107 113 116 117 118 118 119 120 117 111 104 100 96 93 92 89 87 85 84 83 82 82 88 95 102 107 111 113 114 114 113 113 113 114 115 118 120 121 122 122 123 123 123 123 125 127 128 129 130 130 131 130 129 128 127 125 122 120 118 115 111 107 106
99 102 106 109 112 115 119 123 127 129 130 130 130 129 130 133 136 137 137 136 135 134 133 132 131 131 132 132 131 128 124 121 120 120 118 114 110 106 102 98 93 86 82 83 86 86 84 79 76 76 80 83 84 85 89 94 104 116 125 129 128 125 123 125 127 125 116 108 102 98 96 94 91 88 86 85 85 83 82 84 89 96 102 107 110 111 112 112 110 110 111 113 116 119 120 121 121 121 121 123 123 124 125 125 127 128 129 130 129 128 129 127 124 121 119 116 114 110 107 106
97 100 104 108 111 114 117 121 124 127 128 128 129 129 130 132 134 135 134 134 134 133 132 131 130 130 131 130 128 125 120 117 117 117 115 112 107 103 98 94 88 84 84 87 88 89 85 79 74 77 81 83 84 88 94 101 110 124 135 139 135 129 128 131 134 131 123 115 109 103 100 97 93 90 87 86 85 85 85 83 85 90 96 101 106 108 109 110 109 109 108 107 111 117 119 120 121 120 121 123 125 124 123 124 125 126 128 129 128 128 128 126 122 118 116 114 113 110 107 105
95 99 103 106 109 112 115 118 121 125 127 129 130 131 131 131 131 131 131 131 130 129 129 129 129 129 129 127 124 120 117 115 114 114 112 109 105 100 95 90 86 85 88 90 91 91 88 82 79 82 86 88 88 92 98 105 112 123 135 139 135 130 129 131 134 135 131 124 118 113 107 102 98 94 91 88 87 88 87 84 83 85 89 95 101 105 107 107 108 107 105 102 107 114 117 119 121 121 122 125 127 127 125 125 125 125 126 127 127 127 126 125 121 116 114 113 112 110 107 105
96 99 102 105 108 111 114 117 120 122 125 127 129 131 131 130 129 128 127 126 126 126 127 128 129 129 127 124 120 117 116 114 112 111 109 106 102 97 93 89 86 87 90 91 92 93 92 89 88 89 90 90 90 92 96 102 108 115 124 127 127 125 124 126 130 133 133 131 127 121 114 108 104 100 97 94 93 92 88 85 83 81 84 90 97 101 105 106 106 106 105 103 107 113 115 118 120 121 123 126 128 128 127 126 126 126 125 125 126 126 124 124 121 116 112 111 111 110 107 104
96 99 101 104 107 110 113 116 118 120 123 125 125 126 127 128 128 128 127 126 126 127 129 130 130 128 126 123 119 116 115 113 111 109 107 103 100 96 92 88 86 87 90 92 94 96 97 96 94 92 90 87 85 86 89 94 98 103 109 114 117 117 117 119 123 126 127 128 125 119 114 111 109 108 105 102 101 97 93 90 85 81 81 86 92 98 102 104 105 105 107 107 109 112 115 118 120 122 124 125 127 128 128 128 127 127 126 124 125 126 125 123 120 116 112 110 110 109 106 104
97 99 101 104 106 109 112 114 116 117 120 122 123 124 125 127 127 128 128 129 129 130 131 131 129 126 123 120 118 115 113 112 110 108 105 101 98 96 93 88 85 86 88 91 96 100 101 99 96 91 87 82 78 78 80 85 89 93 98 103 107 110 111 113 114 115 116 115 111 107 104 104 107 109 109 108 107 104 101 96 89 82 80 83 89 94 99 102 104 106 107 109 110 111 114 117 120 121 124 124 125 127 128 128 127 126 126 124 126 126 125 122 119 115 112 110 109 108 106 103
97 100 102 103 106 108 111 113 115 116 118 121 123 125 126 127 128 128 129 129 130 130 130 129 127 124 120 117 113 111 110 109 108 105 103 100 99 97 93 88 84 83 85 90 95 99 100 97 92 86 81 76 72 71 73 77 82 86 90 94 98 102 104 106 105 105 104 102 97 93 91 92 96 100 103 106 109 109 105 99 92 84 79 80 86 91 97 101 104 106 107 109 110 111 113 116 118 120 122 123 123 124 125 126 126 126 125 124 126 127 125 122 119 115 113 111 109 107 104 102
97 100 101 103 105 107 110 112 114 116 118 121 123 126 127 128 130 130 130 130 130 129 129 128 127 123 118 113 109 108 108 108 106 104 102 101 99 97 94 87 82 80 82 85 88 91 90 87 82 76 72 67 65 65 68 71 75 79 83 87 90 94 96 97 96 94 91 89 85 82 79 79 82 86 92 97 102 104 102 97 91 83 78 79 84 90 96 100 104 106 107 108 110 111 113 115 117 119 121 122 122 123 124 125 126 126 125 125 126 126 125 122 119 115 113 111 108 105 103 101
98 99 100 101 103 106 109 111 113 115 118 121 124 127 128 130 131 132 132 131 130 128 126 126 124 121 117 113 110 108 108 107 105 104 102 100 99 97 94 88 82 77 77 79 79 79 75 70 65 58 53 50 50 54 59 65 70 74 76 80 83 86 87 88 86 84 80 77 73 69 63 60 62 68 74 80 85 90 92 91 87 80 76 78 84 90 95 100 103 106 107 109 112 113 115 117 119 120 121 122 123 124 124 125 126 126 125 125 126 125 123 121 119 116 113 111 107 105 102 100
98 99 100 100 102 105 107 110 112 114 117 120 124 126 128 129 131 132 132 132 131 129 126 124 123 121 119 116 112 111 109 107 105 104 102 101 99 97 94 89 82 76 73 73 71 67 60 52 42 35 30 27 28 35 45 55 63 67 70 73 75 77 78 78 76 74 71 66 59 49 40 36 37 41 48 56 65 75 80 82 80 76 75 78 84 89 94 99 103 106 108 111 113 115 117 118 119 120 121 122 124 125 125 125 126 126 125 125 125 124 122 121 120 116 114 111 107 105 102 100
98 99 100 101 102 104 106 108 111 113 116 119 122 125 127 128 130 131 132 133 132 130 128 125 124 123 121 118 115 113 111 109 107 105 104 103 100 97 95 91 84 76 71 69 66 61 51 40 30 25 24 24 28 34 41 50 57 61 64 66 67 68 69 69 68 68 67 60 51 43 36 32 29 28 31 38 50 61 69 74 75 73 74 79 84 89 94 99 104 108 110 112 113 115 117 118 119 120 121 122 123 125 125 125 125 126 125 124 124 123 122 122 120 117 115 111 107 105 103 101
98 99 100 101 103 104 106 108 110 112 115 118 120 124 127 128 130 131 132 133 132 131 129 127 125 124 123 120 118 115 113 111 109 108 108 106 102 98 96 93 86 77 70 66 62 56 49 41 36 36 39 42 46 49 51 53 54 56 57 58 59 59 61 62 64 67 69 66 62 58 53 47 40 34 34 39 48 57 65 71 73 74 76 81 86 91 95 101 106 110 112 113 114 115 117 117 119 120 120 121 123 124 125 125 125 126 125 125 124 124 123 122 120 117 114 110 107 105 103 101
98 99 101 102 103 105 106 107 109 112 114 117 119 123 126 128 129 130 132 132 132 130 128 127 126 125 124 122 119 117 115 113 112 112 111 107 104 101 98 96 91 83 74 66 59 54 49 46 46 49 55 60 63 63 61 58 55 53 52 51 51 52 54 58 63 70 75 78 78 75 70 61 51 44 43 45 51 58 65 71 75 77 80 84 89 93 98 104 109 112 114 115 115 116 118 119 120 121 121 122 123 124 125 125 126 126 126 126 125 124 123 121 118 115 112 109 107 105 103 101
98 100 101 102 103 104 105 106 108 112 114 116 118 120 122 124 126 128 129 129 129 128 126 125 125 125 124 122 120 119 117 117 116 115 113 109 106 104 102 100 97 91 83 73 63 56 51 48 50 55 61 66 69 70 68 64 60 56 52 49 48 49 53 59 66 74 80 84 86 83 77 69 59 53 51 53 58 63 70 76 80 83 86 90 93 97 101 106 111 114 116 117 116 117 119 120 121 122 123 123 123 124 124 125 126 127 126 126 125 125 123 120 116 113 110 108 106 104 101 101
97 99 101 102 102 102 103 104 107 111 114 116 118 119 120 121 122 123 124 125 125 125 124 123 124 124 123 122 121 120 120 120 119 118 115 111 108 106 105 103 102 99 94 87 77 69 62 59 59 61 64 69 74 76 76 73 69 65 60 55 53 54 58 64 71 78 84 88 88 86 82 77 69 64 63 66 71 76 82 86 89 91 94 96 100 102 105 109 112 115 116 118 118 119 120 122 122 122 123 123 124 124 124 125 126 127 127 126 126 125 123 119 116 112 109 107 105 103 101 101
96 98 100 102 102 102 102 103 105 110 114 117 118 119 120 121 121 120 121 122 122 123 123 123 123 124 124 124 124 123 123 123 122 120 117 114 111 109 107 105 105 104 102 99 93 86 80 76 74 72 73 76 81 85 85 83 78 74 70 66 64 65 67 71 76 81 87 90 91 90 88 85 82 79 80 83 87 90 93 96 97 99 101 103 106 107 109 111 113 116 118 119 119 120 121 122 122 121 122 123 124 124 124 125 126 127 127 126 125 125 123 118 115 111 108 107 106 104 102 100
94 97 100 101 102 102 102 103 105 109 112 115 117 119 120 122 122 121 121 122 122 122 122 123 124 124 126 126 126 125 124 124 124 122 119 117 114 111 109 108 107 107 107 106 103 99 95 92 89 85 84 85 89 91 91 89 86 81 78 75 75 75 76 77 80 84 88 93 94 93 92 92 91 91 93 95 97 99 100 101 103 105 106 108 110 111 112 114 115 117 120 121 121 121 121 121 122 121 121 122 123 124 124 125 126 127 127 126 125 124 122 118 114 111 108 107 106 105 102 101
93 96 99 101 101 102 103 105 106 109 111 113 115 117 120 122 123 123 123 123 123 122 122 124 125 126 127 128 127 126 125 125 125 123 121 119 117 114 112 110 110 109 109 108 107 104 102 99 96 93 91 91 91 93 93 93 91 87 83 81 81 82 82 82 83 87 91 94 95 94 93 94 96 96 97 99 101 102 103 104 106 108 110 111 113 114 115 117 117 120 122 123 122 122 121 122 122 122 122 123 123 124 124 125 126 126 126 126 125 123 121 118 114 111 109 108 107 105 103 102
94 96 99 100 101 102 103 105 106 109 111 112 113 115 119 121 122 123 124 122 121 121 122 124 125 126 127 128 128 127 127 126 125 124 122 120 118 117 115 112 111 110 109 109 108 106 103 100 97 94 92 90 89 89 91 94 92 89 84 83 84 85 86 85 86 89 92 94 93 92 91 92 94 96 98 99 100 102 103 104 106 108 111 113 115 116 118 120 121 123 124 125 124 123 123 123 123 123 123 124 124 124 124 125 125 125 125 124 123 122 120 117 113 111 110 108 106 105 103 102
94 96 98 100 101 102 103 105 106 109 111 112 113 115 119 121 122 123 123 123 121 121 122 123 125 126 127 128 128 128 127 126 125 124 122 120 119 117 115 113 111 110 109 108 108 106 103 98 95 92 89 85 85 85 89 93 92 87 83 82 84 87 87 86 86 88 91 92 91 89 86 86 89 92 95 97 98 100 101 103 105 108 111 114 115 116 119 121 123 125 126 126 125 125 124 124 124 124 123 123 123 123 123 124 124 124 124 123 122 121 120 117 113 111 110 109 107 105 103 102
94 95 97 99 100 102 104 106 107 109 111 112 114 116 120 122 123 123 123 124 124 123 123 123 124 125 126 128 129 128 128 127 126 124 123 120 119 117 115 112 110 109 108 106 105 103 100 95 91 88 85 82 81 83 87 90 89 85 82 81 83 86 87 85 84 86 89 90 88 85 80 78 81 86 90 92 94 97 99 101 104 107 110 112 114 115 117 120 122 124 125 126 126 126 126 125 124 124 124 123 123 122 122 123 123 123 123 123 122 121 119 117 113 112 111 109 107 105 102 101
93 95 97 98 100 102 104 106 107 110 111 113 115 117 120 122 123 124 125 126 126 125 124 124 123 124 126 128 129 128 128 128 126 125 123 121 118 117 114 112 110 108 106 104 101 98 95 90 86 84 82 80 80 82 84 86 87 86 82 81 84 86 86 83 82 83 85 86 85 80 75 71 73 78 83 87 89 92 95 98 101 104 107 110 112 113 115 118 121 123 125 126 127 127 126 126 124 124 124 124 123 123 123 123 122 123 123 123 121 120 118 116 113 112 111 108 106 104 102 101
92 94 96 98 99 101 103 104 106 109 111 113 115 117 120 122 124 125 125 126 126 125 124 123 123 124 127 128 128 128 128 127 125 124 122 119 116 115 113 111 108 105 103 100 97 94 90 85 82 79 77 78 79 80 79 81 84 84 82 83 86 86 84 81 78 78 79 79 77 73 69 66 66 71 76 80 83 86 89 93 97 101 105 109 111 112 113 115 119 121 123 126 127 128 127 126 125 124 125 125 125 124 123 123 122 122 122 121 120 118 117 115 113 112 110 108 106 104 101 101
93 94 96 97 98 100 102 103 105 108 110 113 115 117 120 122 123 124 124 125 124 123 121 122 123 124 126 127 128 127 126 125 123 121 118 115 112 111 109 107 105 102 100 95 92 89 84 81 78 75 74 75 76 76 75 76 79 80 80 82 85 86 83 78 75 72 71 71 68 65 63 62 62 65 69 73 76 79 81 86 91 95 99 104 107 109 110 111 114 118 121 124 126 127 128 127 125 125 125 125 125 124 123 122 122 122 122 120 119 118 117 114 113 112 110 108 106 103 101 101
94 95 97 97 98 100 101 102 104 107 110 113 115 117 119 121 122 123 123 123 122 120 120 120 121 123 125 126 126 125 124 123 121 118 113 109 107 106 105 102 99 97 94 88 85 82 79 77 74 71 71 71 71 72 71 73 76 76 78 79 81 84 82 77 73 70 67 65 63 61 60 59 58 59 63 66 68 71 74 78 83 87 91 96 99 101 102 103 108 113 116 120 124 126 127 126 125 124 124 124 124 123 122 121 121 121 120 119 118 118 117 113 112 111 109 107 106 103 101 101
94 95 97 98 98 99 100 102 104 107 110 113 114 116 118 120 121 122 122 121 120 119 119 119 121 122 124 124 124 123 121 119 116 113 108 105 103 101 99 96 93 91 88 82 79 77 74 73 70 70 70 70 70 71 71 74 76 76 76 76 77 79 79 75 73 72 70 68 66 63 62 60 58 58 60 61 62 65 69 74 78 80 81 85 88 89 91 94 99 105 110 116 120 123 124 124 124 123 122 122 123 122 121 120 120 119 119 118 118 118 116 112 110 110 108 107 105 103 101 101
94 95 97 98 99 99 100 102 103 106 108 111 113 115 117 119 120 121 120 119 118 118 118 119 120 121 123 123 123 121 118 114 110 106 103 100 97 94 92 88 85 84 83 78 76 74 73 73 72 72 73 75 75 77 77 80 82 81 78 77 76 77 77 76 77 80 81 82 79 76 74 70 66 64 63 62 63 64 66 72 76 75 75 75 76 77 79 83 89 95 102 109 113 116 118 120 122 122 122 121 121 121 120 120 119 118 117 118 118 117 114 111 110 109 107 106 104 102 101 100
94 95 96 98 98 99 100 101 103 105 107 110 112 114 116 119 120 119 118 118 118 118 118 118 119 120 121 121 121 118 113 107 102 98 95 92 89 85 82 81 79 79 79 77 76 76 77 78 79 79 82 86 87 90 91 92 93 90 85 81 80 79 80 81 86 91 95 98 97 95 91 86 82 78 75 73 69 68 72 75 76 74 73 71 68 69 69 71 77 84 91 98 105 110 113 116 119 121 121 120 120 119 119 119 118 117 117 118 117 115 113 110 109 108 106 105 103 102 101 99
94 95 95 97 98 99 100 102 103 105 107 109 111 113 116 118 119 118 118 117 117 117 117 118 118 119 119 119 117 112 105 97 92 89 86 83 79 75 74 75 76 78 80 80 81 82 83 86 88 91 94 98 101 104 105 104 102 99 94 90 88 88 89 92 97 100 104 108 109 106 103 100 98 94 92 89 84 83 85 83 81 80 78 72 67 66 65 65 67 73 80 87 95 102 107 112 116 119 120 119 117 117 118 118 117 117 117 118 116 113 111 109 107 106 105 104 103 102 100 99
94 94 95 96 97 98 100 101 102 104 106 107 109 112 114 116 118 118 118 117 117 116 116 117 117 116 116 116 112 106 97 88 82 79 76 73 71 68 69 72 75 79 84 86 87 89 91 94 98 100 102 104 106 107 109 108 107 106 103 100 99 99 101 103 104 105 105 107 108 107 106 105 105 104 104 102 99 98 97 95 93 90 85 78 72 67 65 64 62 64 70 76 84 92 100 107 113 116 117 116 115 114 115 115 115 116 116 116 113 111 109 107 107 105 104 102 101 100 99 97
93 94 95 95 96 97 99 100 101 102 104 106 108 110 112 114 116 117 117 117 116 116 115 115 115 115 114 112 107 98 87 77 71 67 66 65 64 66 68 72 78 83 88 91 93 95 98 99 100 99 100 101 101 100 101 102 102 103 102 102 101 101 102 102 100 98 96 96 97 98 98 99 100 101 103 103 103 103 102 101 101 99 94 88 81 75 70 66 62 61 63 68 75 82 91 101 109 113 114 113 112 112 113 113 114 115 116 114 112 109 107 106 105 104 102 101 99 98 97 96
93 94 94 94 95 96 97 98 99 101 103 105 108 110 112 114 116 116 116 115 115 114 114 114 113 113 111 107 99 89 78 69 62 59 59 60 63 66 70 77 83 87 90 93 94 94 94 92 91 91 91 90 89 87 87 87 88 89 92 93 93 93 92 91 89 87 85 85 86 87 88 90 91 92 92 93 94 94 95 96 98 98 95 91 87 82 76 70 66 63 61 61 66 73 81 92 102 108 110 110 110 110 111 112 113 114 114 112 110 107 105 104 104 103 102 100 98 97 96 95
91 92 93 94 94 95 96 97 98 99 102 104 107 110 112 113 115 116 116 115 114 114 113 113 112 110 107 100 91 81 71 62 58 57 57 60 65 69 74 79 84 86 87 86 84 83 81 80 80 80 80 79 79 77 76 76 76 78 80 82 83 83 82 81 79 77 76 77 78 79 80 81 81 80 78 77 78 79 80 82 85 87 88 87 85 82 78 73 68 65 61 59 61 66 73 84 95 103 107 109 109 109 110 111 112 113 113 111 109 105 103 103 103 102 101 99 97 96 95 94
90 91 92 93 94 95 95 96 97 99 101 103 106 109 111 112 114 115 114 114 113 112 112 111 110 107 102 94 85 75 66 61 58 58 59 62 66 70 74 76 78 78 76 73 70 69 68 68 68 69 71 71 71 70 69 69 69 70 72 73 75 75 74 72 71 70 70 70 71 72 73 73 71 69 67 66 66 66 66 68 71 73 75 76 77 75 74 71 68 65 62 60 60 63 70 80 91 100 105 108 109 109 109 110 112 113 112 110 107 104 102 102 101 101 100 98 96 95 94 93
89 90 91 92 92 93 94 95 96 98 100 103 105 108 110 112 113 113 113 113 112 111 110 109 107 103 97 89 80 71 66 62 61 60 60 62 64 66 68 68 67 65 62 60 59 58 57 57 58 60 63 64 64 63 63 62 62 63 65 66 67 68 67 66 65 64 64 64 64 64 64 63 61 59 57 56 56 56 57 58 60 60 62 64 65 66 66 66 66 65 64 64 63 64 70 79 89 98 103 107 109 109 110 110 111 112 110 108 106 103 101 101 100 100 99 98 95 94 93 92
87 88 89 90 91 91 92 93 94 96 99 102 105 106 108 110 112 112 113 113 112 111 109 107 104 100 94 86 77 70 66 64 62 61 60 60 60 59 59 56 54 52 51 49 48 47 47 48 49 52 54 55 55 55 55 55 55 56 57 58 59 60 59 59 58 57 57 57 56 56 55 54 52 50 48 48 48 49 50 51 52 52 53 53 53 55 57 60 63 66 68 69 68 68 72 81 89 97 103 107 110 110 111 110 111 111 109 107 105 102 101 100 99 98 98 96 94 93 92 90
85 86 86 87 88 89 90 91 92 94 97 100 103 104 106 108 109 111 112 112 112 111 109 106 103 98 92 85 76 70 67 65 64 62 61 59 56 52 49 45 43 42 42 41 40 40 40 40 41 42 44 46 47 47 47 47 46 47 48 49 49 49 50 50 49 49 49 48 49 50 50 47 45 43 42 43 43 44 46 47 48 48 49 49 48 48 51 56 62 68 72 75 76 75 77 82 90 98 104 108 111 112 111 111 111 110 108 106 104 102 100 99 97 97 96 94 93 92 91 89
83 84 85 84 86 87 88 89 91 93 96 98 101 103 104 106 108 109 111 112 111 110 108 105 102 98 91 84 77 71 68 68 68 66 64 59 53 46 41 38 38 38 38 38 38 39 38 37 37 38 40 41 43 43 42 42 41 40 40 40 40 40 40 41 42 43 43 43 46 48 48 46 44 43 42 44 44 45 47 49 50 52 53 54 53 53 56 61 68 74 77 80 82 83 83 86 91 98 103 108 110 111 111 110 110 109 106 105 103 101 100 98 96 96 95 93 92 91 90 88
81 83 84 83 84 85 87 88 89 92 94 97 99 101 102 104 106 109 110 111 110 109 108 105 103 98 91 84 77 73 71 72 72 71 68 62 54 47 40 39 41 42 43 43 43 43 42 42 42 42 44 46 46 45 44 42 40 39 38 37 37 38 39 41 44 46 47 48 51 53 53 52 51 50 51 52 52 52 53 55 56 57 58 60 59 58 62 70 77 83 86 87 88 88 89 90 93 98 103 107 109 110 110 109 108 107 104 103 102 100 99 97 96 95 94 92 91 89 88 86
79 81 82 82 82 83 85 86 88 90 92 94 97 99 100 102 104 107 109 109 109 109 108 105 103 98 91 85 79 76 76 77 77 77 74 69 63 58 52 51 51 51 51 52 53 52 52 51 52 53 55 56 56 56 53 51 49 48 48 47 46 48 50 52 55 57 58 59 62 66 66 64 63 62 62 61 61 61 61 63 65 66 66 65 65 65 70 78 84 88 91 94 93 92 92 93 95 98 102 105 107 108 109 108 107 105 103 101 100 99 97 95 94 93 92 90 89 88 86 85
79 79 80 81 81 81 83 85 86 88 89 92 94 97 98 100 102 105 107 107 108 107 106 105 102 97 91 86 82 80 80 81 82 82 82 79 76 72 67 63 61 59 59 61 61 61 60 60 62 64 66 68 69 70 69 67 66 65 65 64 64 65 68 69 70 71 72 72 75 77 76 74 74 73 72 70 70 70 70 69 70 72 71 70 71 74 78 85 90 93 95 97 96 95 94 95 96 98 101 103 105 106 107 107 106 104 101 100 99 97 95 93 92 91 90 89 87 86 85 83
79 77 78 78 79 79 81 83 84 86 88 91 93 95 97 98 100 103 104 105 105 105 105 103 101 96 91 87 85 84 85 86 86 86 88 89 86 82 77 72 68 66 66 67 67 67 67 68 71 73 75 78 82 84 84 82 81 79 78 78 77 77 80 81 82 82 82 83 84 85 85 84 83 82 82 80 78 77 75 74 74 74 74 73 75 80 85 89 93 96 98 98 97 96 96 96 97 99 101 102 103 105 106 106 104 102 99 98 97 96 94 92 91 89 88 87 86 85 83 81
81 78 77 77 77 77 78 80 82 84 87 89 91 93 95 96 98 100 101 102 103 102 102 100 99 95 91 89 87 87 87 87 88 89 91 93 92 88 83 77 73 71 71 71 71 71 72 74 77 78 80 83 86 90 92 91 91 89 86 87 86 85 86 87 87 87 88 89 90 91 92 91 91 89 88 86 84 82 80 79 79 79 78 78 80 84 89 92 94 96 97 97 97 97 96 97 98 99 100 101 103 104 105 104 103 100 98 97 95 93 91 90 88 87 86 86 84 83 80 78
82 81 78 76 76 77 77 79 80 81 84 86 89 91 92 93 95 97 98 99 99 98 98 97 96 94 92 90 89 88 88 87 88 89 91 94 94 91 86 81 77 76 75 76 76 76 77 79 81 82 84 86 87 89 93 95 95 93 91 91 90 89 89 88 87 87 90 91 91 93 94 93 93 92 91 89 89 87 86 85 84 83 83 83 84 88 91 93 94 95 96 96 97 97 97 97 98 99 100 100 102 103 103 103 102 99 97 95 93 91 89 88 86 85 85 84 82 80 78 75
80 81 78 75 74 75 76 77 79 80 81 84 86 88 89 91 93 94 96 96 95 95 94 94 94 93 91 91 90 89 88 88 88 89 91 93 92 90 87 83 80 79 78 79 79 79 80 81 82 84 87 90 90 91 95 97 96 94 91 91 90 89 89 88 86 86 88 89 89 90 91 91 92 92 91 90 89 88 87 88 87 86 86 85 86 89 91 92 93 94 95 96 96 96 96 96 97 98 99 100 101 101 102 102 100 97 95 93 91 89 87 86 84 83 83 81 80 78 75 72
79 80 77 73 72 73 75 76 77 78 80 82 84 86 87 88 90 92 93 93 92 92 91 91 91 91 90 90 90 89 89 88 88 89 90 90 89 88 87 84 82 81 80 80 80 80 79 78 79 80 83 86 88 88 90 91 91 89 87 87 85 84 83 82 81 82 84 85 85 86 87 88 89 89 88 86 86 87 88 88 87 86 85 85 86 88 89 90 92 93 94 95 96 95 95 95 96 98 98 99 100 100 101 100 98 96 94 91 89 88 86 84 82 81 80 78 77 75 71 67
79 79 79 76 73 72 73 74 75 77 79 80 82 84 85 87 88 90 91 91 91 91 90 89 89 89 89 89 88 88 89 89 89 89 89 88 88 87 85 83 81 80 79 79 80 79 78 76 75 75 76 78 79 80 81 82 82 81 80 79 78 76 75 75 75 76 79 80 81 81 82 83 83 84 84 85 86 87 86 85 84 83 83 84 85 86 87 88 90 92 94 94 94 93 94 94 96 97 98 98 99 99 99 97 95 94 92 89 87 85 84 82 80 79 78 75 74 71 67 64
84 78 78 78 75 73 71 72 73 74 76 78 80 81 83 85 87 88 89 89 89 89 88 87 88 88 88 87 87 87 88 88 88 88 88 87 87 85 84 82 79 78 77 77 77 77 75 75 74 73 73 72 73 74 74 74 74 73 72 70 69 68 67 67 67 68 70 72 73 74 75 76 77 79 80 82 83 82 81 81 81 81 81 82 83 84 86 89 91 92 93 93 93 92 92 94 95 95 96 97 98 97 97 95 94 92 90 88 85 83 82 81 78 77 74 72 70 67 63 67
96 81 77 77 76 74 71 70 71 72 74 76 78 79 81 83 84 85 86 87 87 86 85 86 86 87 87 87 87 86 87 87 87 87 87 86 85 84 83 81 79 77 75 74 73 72 71 71 71 71 70 69 69 69 69 68 67 66 64 61 60 58 58 58 58 59 61 62 65 67 68 70 72 74 75 76 76 77 76 77 77 78 80 81 82 84 87 89 92 93 93 93 93 92 92 93 94 95 95 96 96 96 95 94 93 91 89 86 84 82 81 79 76 74 72 69 67 62 63 74
112 92 80 76 76 75 72 69 69 70 72 73 76 78 79 81 82 83 84 85 85 86 85 84 85 86 86 86 86 86 86 86 86 86 86 86 85 84 82 80 78 77 75 73 71 70 69 67 67 67 66 65 65 65 64 63 61 59 57 55 53 51 50 50 51 52 53 55 57 60 62 64 66 67 69 70 71 72 72 73 75 77 79 81 83 85 88 90 92 93 93 92 91 91 91 92 94 95 95 95 95 95 94 93 92 90 88 85 82 80 79 76 74 71 69 67 63 60 69 80
131 106 88 79 75 75 74 70 68 68 69 71 73 75 77 79 80 81 82 83 84 85 85 85 85 85 85 84 84 85 85 85 86 86 86 86 85 84 83 81 79 77 74 73 71 69 67 65 64 63 62 61 60 59 58 56 54 52 50 48 46 44 43 44 44 45 47 49 51 54 56 58 60 62 64 65 67 68 70 72 75 78 80 83 85 87 89 91 92 92 91 90 89 90 91 92 93 94 94 95 95 94 93 92 91 89 86 83 80 78 76 74 71 68 66 63 58 62 75 82
150 122 98 83 76 74 74 73 69 66 67 68 70 72 75 77 79 80 82 83 83 84 85 85 84 83 83 83 83 83 84 84 85 85 85 85 85 84 84 82 81 79 76 74 71 69 66 64 63 62 60 58 56 55 53 51 49 47 45 43 41 39 39 39 40 42 44 47 50 52 54 56 58 60 62 64 66 69 72 75 78 80 83 85 87 89 90 91 91 90 89 89 89 90 90 92 93 94 94 95 95 94 93 91 89 87 84 81 79 76 73 70 67 66 64 57 56 68 77 85
168 142 115 94 81 74 72 73 71 66 65 66 67 69 71 74 77 79 81 82 83 84 84 84 83 83 83 83 83 83 84 84 84 84 84 84 85 85 85 83 82 80 78 76 73 70 67 65 64 63 61 59 57 55 54 52 49 47 45 43 41 40 39 40 42 44 47 49 52 54 56 58 60 61 64 66 69 72 76 78 81 83 85 87 88 89 89 89 89 89 88 88 89 90 91 92 93 94 95 96 96 94 92 90 88 85 82 79 77 74 70 67 65 64 59 54 61 72 79 89
184 161 133 110 91 79 72 71 72 68 64 64 65 67 69 72 75 78 80 82 83 84 84 84 83 83 83 84 84 83 84 84 84 83 84 85 85 86 85 84 83 82 80 78 76 73 71 69 67 66 64 62 61 59 57 55 53 51 49 48 46 45 45 46 48 51 53 55 57 59 62 63 65 67 69 71 74 78 81 83 85 87 88 89 89 89 89 89 89 89 89 89 90 91 92 93 94 95 96 96 96 94 91 88 86 83 80 77 74 71 67 63 62 60 53 56 67 75 84 91
196 178 151 125 105 88 77 71 70 69 64 62 63 64 67 70 73 77 79 81 83 84 84 84 84 84 84 85 85 85 84 84 84 84 84 85 86 86 86 85 84 83 82 81 80 77 76 74 72 70 68 66 65 64 62 61 59 58 57 56 54 53 53 54 56 60 62 64 65 67 68 70 71 74 76 78 80 83 85 87 89 89 90 90 90 90 90 90 90 90 90 90 91 93 94 95 95 96 96 96 95 92 88 85 83 80 77 74 70 67 62 60 59 54 53 62 71 75 87 89
202 191 168 140 118 100 85 74 69 67 63 60 61 62 65 68 71 74 77 80 81 83 84 85 85 85 86 86 86 86 86 86 85 85 85 86 86 86 86 86 86 85 84 84 83 81 80 79 78 76 74 73 72 71 70 69 68 66 67 67 63 63 64 64 66 70 72 74 75 77 78 78 79 81 84 85 87 89 90 92 92 91 92 92 92 92 92 92 91 91 91 92 93 94 95 95 96 96 96 95 93 89 86 83 80 77 73 70 66 62 58 57 55 51 57 65 70 81 87 84
205 200 181 154 130 111 95 79 70 66 61 57 57 59 62 65 68 72 75 78 80 82 83 84 85 86 87 88 88 88 88 88 87 87 86 87 87 87 87 87 87 87 86 86 86 86 85 84 84 83 82 81 80 79 78 77 77 76 76 76 73 73 74 73 76 80 82 84 86 86 87 87 87 88 90 92 93 94 95 95 95 95 95 95 95 94 94 93 93 93 93 94 95 95 95 96 96 96 94 92 89 86 83 80 77 73 69 65 61 57 55 53 50 53 62 66 73 85 83 86
206 205 192 165 138 120 105 88 74 66 60 55 54 57 59 62 65 68 72 75 78 80 82 83 85 86 88 89 89 89 90 90 89 89 88 88 88 88 88 88 88 89 89 90 90 90 90 90 90 90 89 89 87 86 85 85 86 86 86 86 83 84 84 84 87 91 92 94 95 95 96 96 96 96 97 98 99 99 100 99 100 100 99 98 97 96 95 95 95 95 96 96 96 96 96 96 95 94 91 88 86 83 81 77 73 68 64 60 56 54 52 50 48 58 65 69 78 82 81 97
206 206 200 178 148 125 109 92 78 65 56 52 52 54 56 59 62 65 68 71 74 77 80 82 84 86 88 89 90 90 91 91 92 91 91 90 90 90 90 90 91 92 93 94 95 95 95 96 97 96 97 96 95 93 93 94 95 96 95 95 92 92 92 93 97 100 101 103 103 103 104 104 105 104 104 104 104 104 104 104 104 103 102 101 99 98 97 97 97 98 99 99 98 97 96 96 94 91 88 85 83 80 77 73 68 63 59 55 52 51 50 47 52 63 67 73 77 78 89 113
206 206 203 187 156 127 106 94 80 61 49 48 49 51 52 55 58 61 64 67 70 73 76 79 82 84 87 88 90 90 91 92 94 94 94 93 93 94 94 94 94 96 97 98 99 101 101 103 103 104 104 103 102 100 100 101 102 103 102 102 99 99 99 100 103 105 107 109 109 109 109 109 110 110 110 110 110 109 108 108 108 106 105 103 102 100 99 99 100 101 101 101 99 97 96 94 92 89 85 82 80 76 73 68 63 58 54 51 50 50 47 47 57 66 71 75 73 80 100 122
206 206 205 193 163 127 106 92 77 59 48 45 47 48 50 52 54 56 59 63 66 69 72 76 79 82 85 86 87 88 90 93 95 96 96 97 97 97 97 97 98 99 101 102 103 105 106 108 109 110 110 110 110 109 108 108 109 108 107 106 105 105 104 104 106 108 110 112 113 113 113 113 114 114 114 114 114 113 112 111 110 109 107 106 104 102 102 102 103 104 103 101 99 97 95 92 89 86 83 79 76 72 67 62 57 53 50 49 49 48 46 50 59 67 73 69 68 85 106 127
206 207 206 193 165 130 103 81 65 58 49 45 45 46 47 49 50 52 55 58 62 65 69 72 76 79 81 83 84 85 88 92 95 97 98 99 100 100 100 100 101 102 104 105 107 109 110 111 113 114 115 115 115 115 115 114 113 112 111 109 107 107 106 106 107 108 111 113 115 115 116 116 117 117 117 117 117 116 114 113 112 111 110 108 106 105 104 104 105 106 104 101 98 95 93 90 87 83 79 76 71 66 62 57 53 50 48 48 49 47 49 54 59 65 68 58 63 89 106 128
206 205 203 190 166 131 94 71 61 56 49 46 45 45 45 46 47 49 51 54 57 61 65 69 72 76 77 78 80 82 85 89 94 97 99 101 102 102 102 102 103 104 105 107 110 111 113 114 116 118 119 119 119 119 118 117 116 114 113 110 108 107 106 107 108 109 111 113 115 117 118 118 118 118 119 119 118 117 116 114 114 113 112 110 109 107 107 107 107 106 104 100 96 93 91 87 84 80 75 71 66 61 56 53 50 48 48 50 49 48 52 57 61 66 62 52 66 90 105 126
203 198 192 182 160 123 86 68 59 53 49 47 46 45 44 44 45 46 48 50 52 55 59 64 68 71 73 74 76 79 82 87 92 96 99 100 102 103 103 104 104 105 107 109 110 112 113 116 117 119 121 121 121 121 120 118 116 115 112 109 108 106 106 107 108 110 113 114 116 118 118 118 118 118 119 119 118 117 116 115 115 114 113 111 110 109 109 109 108 105 102 98 94 91 88 84 79 75 70 64 60 56 52 49 48 48 50 51 49 52 57 59 59 60 52 49 69 92 106 119
195 186 177 165 144 110 80 63 52 49 49 48 48 46 45 44 44 44 45 47 48 51 54 58 62 66 69 71 73 77 81 85 89 93 97 99 101 103 104 104 105 106 108 110 111 113 114 115 116 118 120 121 121 120 120 118 116 113 111 109 107 105 105 106 107 110 112 114 115 116 116 116 117 118 118 118 117 116 116 115 115 114 113 112 111 110 109 108 106 103 99 95 91 87 84 80 75 69 63 59 55 52 49 48 48 50 52 52 52 56 60 59 57 52 44 49 72 94 103 108
186 174 162 145 123 94 68 54 49 48 49 50 49 48 47 45 44 43 43 44 46 48 50 53 57 61 64 67 70 74 78 83 87 90 94 97 99 101 103 104 105 107 108 110 111 112 114 115 115 117 119 120 120 119 118 117 114 111 109 107 106 105 104 104 106 108 111 112 113 112 113 114 115 116 116 116 116 115 115 115 114 113 112 111 110 109 108 106 103 100 96 91 87 83 79 75 69 63 58 54 51 49 47 48 50 53 54 53 56 59 61 60 54 44 40 51 71 89 93 93
176 162 144 120 93 68 51 47 47 48 49 51 51 51 50 48 45 44 42 42 43 45 47 49 52 55 59 63 67 70 74 79 83 87 90 93 96 99 102 104 105 106 107 109 110 111 112 113 114 116 117 118 118 117 116 115 113 110 107 106 105 104 103 103 104 105 107 109 110 110 111 111 112 113 114 114 113 113 113 113 112 111 110 109 108 107 105 103 100 96 91 87 83 79 74 68 62 57 53 51 48 47 48 51 54 55 54 56 59 62 61 59 50 35 36 48 61 70 72 71
163 147 122 89 63 47 41 43 46 48 49 51 53 53 52 51 49 46 43 41 42 42 44 46 48 51 54 58 63 66 70 74 78 82 86 89 93 96 99 101 103 104 106 108 109 110 111 112 113 114 114 115 116 115 113 112 110 108 106 103 102 102 101 101 101 102 103 105 107 107 108 108 108 109 111 111 110 110 110 109 108 107 107 106 104 103 102 99 95 91 86 82 78 73 67 61 56 53 50 48 47 48 51 54 56 56 56 59 62 63 61 57 45 33 39 48 56 60 60 56
149 130 100 68 50 39 37 40 45 48 49 51 53 54 55 54 53 50 46 44 42 41 42 43 44 47 49 53 57 61 65 69 73 77 81 85 89 92 95 97 99 101 103 104 106 107 108 109 110 111 111 112 113 112 110 109 107 106 104 102 101 100 99 99 99 100 102 103 104 104 104 104 104 105 106 107 107 106 105 105 104 103 102 101 99 98 96 93 89 85 80 76 71 65 60 56 52 49 47 47 48 51 54 57 58 57 58 62 64 63 60 53 40 37 44 49 54 55 53 47
130 106 77 52 37 29 31 37 43 47 49 51 54 56 57 57 57 55 51 48 44 42 41 41 42 43 46 48 52 56 60 64 68 72 76 80 84 87 90 93 95 97 98 100 101 103 104 105 106 107 108 108 108 107 106 105 104 103 103 101 100 98 97 97 97 98 99 100 101 100 100 101 101 101 101 102 102 101 100 99 98 97 96 95 94 93 90 86 82 78 74 69 63 58 55 52 49 48 47 49 52 55 57 60 59 58 62 64 64 62 57 47 39 42 48 51 53 53 50 42
104 82 55 35 24 21 26 33 40 45 47 51 55 57 59 60 60 59 57 53 49 45 43 41 41 41 43 45 47 51 55 58 62 66 70 74 77 81 85 88 90 92 93 94 96 97 99 101 101 103 104 104 103 102 102 101 101 101 101 100 98 97 95 95 95 95 95 96 96 96 96 97 97 97 97 97 97 95 94 92 91 90 90 89 88 86 83 79 76 72 67 61 57 54 51 49 47 48 50 53 55 57 60 61 59 61 64 65 64 61 53 41 43 48 49 51 52 50 47 40
77 60 39 25 20 19 22 28 35 41 46 51 55 59 61 62 63 62 61 58 54 50 46 43 41 41 41 42 44 46 50 52 56 60 64 67 71 75 78 81 83 86 87 89 90 91 93 95 96 98 99 99 98 98 98 98 98 98 97 97 95 94 93 92 92 91 91 91 91 91 92 92 92 92 92 91 90 89 87 85 84 84 83 82 81 79 76 72 68 64 59 56 53 50 48 47 48 51 54 56 58 60 62 60 60 64 65 65 63 58 47 40 47 52 50 49 45 40 36 30
56 43 28 21 19 17 18 24 30 37 44 49 54 59 61 64 65 64 63 62 59 56 51 48 45 43 41 41 42 43 46 48 50 53 57 60 64 68 71 74 76 79 81 82 83 85 86 88 89 91 92 92 92 92 92 93 93 93 93 92 91 90 89 88 87 87 87 87 87 88 87 87 87 87 86 85 84 82 80 78 77 76 76 76 74 71 68 64 60 57 54 51 48 47 46 48 51 54 57 59 61 63 62 60 63 65 65 64 61 53 42 43 53 54 50 48 42 34 29 23
39 32 23 20 18 16 15 20 25 32 40 46 52 58 61 64 67 67 66 65 63 60 57 53 50 47 44 43 42 42 43 44 46 48 51 54 57 61 64 67 69 72 73 75 76 78 79 80 82 83 85 85 85 85 86 87 87 87 87 87 86 85 84 83 83 82 83 83 83 83 82 82 81 80 79 79 77 75 73 71 70 69 69 68 66 63 60 57 55 52 50 47 46 46 48 51 54 57 59 61 63 63 61 61 65 65 65 63 57 47 41 49 55 54 49 46 39 29 23 18
29 26 21 19 17 15 14 16 21 28 35 43 50 57 61 64 67 69 69 67 66 64 61 58 55 52 49 46 44 43 43 43 43 44 46 48 51 54 57 60 62 65 66 67 69 70 71 72 74 75 77 77 78 79 80 80 81 81 81 81 80 80 79 79 78 77 77 77 77 77 76 75 74 73 72 72 70 68 66 65 64 63 62 61 58 56 53 51 50 48 46 45 46 48 51 54 56 58 61 62 63 62 60 63 64 65 65 60 53 43 43 52 55 53 48 45 39 28 21 16
25 22 19 17 16 14 13 13 17 23 31 39 46 54 60 64 67 69 71 70 68 66 65 62 60 57 54 51 48 46 45 43 43 42 43 44 46 48 51 53 55 57 59 60 61 62 63 64 66 67 68 69 70 71 72 73 74 74 74 74 74 73 73 73 72 71 71 71 71 70 69 68 67 65 64 63 62 60 59 58 57 56 55 53 52 50 48 47 45 44 45 46 48 51 53 55 57 60 62 63 63 61 61 63 63 65 62 55 47 42 48 53 54 51 46 43 37 28 20 16
23 20 18 17 15 14 12 11 14 20 27 35 42 50 57 62 65 68 71 71 70 69 67 65 63 61 59 57 54 51 48 46 44 43 43 43 43 44 46 48 49 51 53 54 55 55 56 57 58 59 60 61 62 63 64 65 66 67 68 67 67 66 66 66 65 65 65 65 64 63 62 61 59 58 57 56 55 54 53 52 51 51 49 48 48 46 45 44 43 44 46 48 50 53 55 57 58 60 62 63 62 60 62 62 63 63 58 51 43 43 51 53 52 48 44 40 35 26 19 16
